0 0.178125 0.759138 0.048750 0.069353
0 0.653750 0.756795 0.047500 0.068416
0 0.220625 0.680881 0.048750 0.070291
0 0.361250 0.923618 0.261250 0.081537
0 0.721875 0.835520 0.130000 0.068416
0 0.738750 0.597001 0.087500 0.063730
0 0.200937 0.923618 0.046875 0.081537
0 0.480938 0.677601 0.048125 0.067479
0 0.691875 0.676664 0.047500 0.071228
0 0.414687 0.836926 0.048125 0.069353
0 0.586562 0.677601 0.048125 0.069353
0 0.665625 0.597938 0.046250 0.069353
0 0.090000 0.604030 0.046250 0.068416
0 0.058438 0.759606 0.075625 0.066542
0 0.325000 0.679007 0.047500 0.066542
0 0.272188 0.679475 0.048125 0.069353
0 0.429375 0.678538 0.046250 0.067479
0 0.045000 0.603561 0.032500 0.067479
0 0.202813 0.837863 0.046875 0.069353
0 0.494063 0.755389 0.046875 0.069353
0 0.627812 0.836457 0.048125 0.070291
0 0.299687 0.601687 0.045625 0.065604
0 0.283438 0.758201 0.046875 0.069353
0 0.046562 0.839738 0.055625 0.067479
0 0.143125 0.603561 0.047500 0.069353
0 0.507812 0.600281 0.045625 0.068416
0 0.639687 0.677601 0.048125 0.071228
0 0.256875 0.836926 0.047500 0.069353
0 0.573750 0.835989 0.046250 0.067479
0 0.115000 0.682287 0.047500 0.069353
0 0.612812 0.600281 0.045625 0.068416
0 0.389062 0.757263 0.045625 0.067479
0 0.376875 0.679007 0.046250 0.068416
0 0.055625 0.681350 0.061250 0.067479
0 0.309375 0.836457 0.046250 0.068416
0 0.709375 0.755858 0.053750 0.070291
0 0.441250 0.756326 0.046250 0.069353
0 0.195937 0.602156 0.046875 0.068416
0 0.150312 0.838800 0.046875 0.069353
0 0.455313 0.601687 0.044375 0.069353
0 0.040000 0.925961 0.048750 0.080600
0 0.468125 0.836926 0.046250 0.069353
0 0.167187 0.680881 0.048125 0.070291
0 0.520938 0.835989 0.046875 0.069353
0 0.247188 0.602156 0.045625 0.068416
0 0.500313 0.740862 0.984375 0.486410
0 0.547188 0.755858 0.046875 0.068416
0 0.403750 0.601687 0.046250 0.069353
0 0.231563 0.758669 0.046875 0.068416
0 0.610938 0.923618 0.040625 0.079663
0 0.600313 0.756326 0.046875 0.069353
0 0.517813 0.922212 0.038125 0.078725
0 0.351250 0.601687 0.046250 0.067479
0 0.559375 0.600281 0.047500 0.070291
0 0.097500 0.839269 0.045000 0.070291
0 0.125625 0.759138 0.046250 0.069353
0 0.361875 0.836926 0.047500 0.069353
0 0.534062 0.678069 0.046875 0.068416
0 0.336250 0.756795 0.046250 0.066542
0 0.754375 0.717432 0.061250 0.149016
