0 0.267150 0.386029 0.044855 0.128676
0 0.533971 0.401654 0.049472 0.141544
0 0.518140 0.699449 0.046834 0.141544
0 0.330145 0.536765 0.042876 0.128676
0 0.047164 0.376838 0.058707 0.128676
0 0.301451 0.683824 0.042216 0.128676
0 0.752309 0.256434 0.104881 0.134191
0 0.384235 0.537684 0.045515 0.126838
0 0.500660 0.533088 1.000000 0.937500
0 0.189314 0.235294 0.043536 0.125000
0 0.769459 0.487132 0.078496 0.297794
0 0.400726 0.245404 0.042876 0.126838
0 0.116425 0.526654 0.042876 0.126838
0 0.194591 0.680147 0.043536 0.128676
0 0.348945 0.849265 0.253298 0.154412
0 0.213720 0.387868 0.044855 0.136029
0 0.036609 0.230699 0.034960 0.123162
0 0.735158 0.712316 0.153694 0.156250
0 0.107520 0.382353 0.047493 0.132353
0 0.319591 0.386949 0.044195 0.126838
0 0.031003 0.672794 0.043536 0.128676
0 0.140501 0.680147 0.044855 0.128676
0 0.642150 0.404412 0.050792 0.147059
0 0.453166 0.252757 0.046174 0.134191
0 0.348285 0.245404 0.044855 0.126838
0 0.277375 0.535846 0.045515 0.134191
0 0.223285 0.530331 0.041557 0.126838
0 0.159960 0.379596 0.042876 0.126838
0 0.295515 0.242647 0.043536 0.121324
0 0.600923 0.551471 0.046174 0.143382
0 0.247691 0.681985 0.044195 0.132353
0 0.137533 0.233456 0.042876 0.121324
0 0.712071 0.557904 0.048153 0.148897
0 0.086741 0.678309 0.049472 0.139706
0 0.615435 0.858456 0.051451 0.147059
0 0.438654 0.545956 0.047493 0.139706
0 0.409631 0.689338 0.042216 0.128676
0 0.614446 0.258272 0.046834 0.141544
0 0.242744 0.238051 0.042216 0.123162
0 0.546834 0.548713 0.047493 0.141544
0 0.572559 0.700368 0.044855 0.136029
0 0.084433 0.236213 0.046174 0.126838
0 0.170515 0.529412 0.046834 0.132353
0 0.560356 0.254596 0.048153 0.134191
0 0.507256 0.256434 0.048813 0.137868
0 0.190633 0.834559 0.047493 0.136029
0 0.492744 0.545956 0.044855 0.136029
0 0.669525 0.258272 0.048813 0.137868
0 0.504288 0.848346 0.044195 0.134191
0 0.479551 0.395221 0.047493 0.128676
0 0.050462 0.522059 0.074538 0.125000
0 0.696570 0.407169 0.048813 0.145221
0 0.587401 0.400735 0.048153 0.132353
0 0.354881 0.687500 0.046174 0.132353
0 0.465040 0.699449 0.050132 0.148897
0 0.027375 0.832721 0.052111 0.147059
0 0.373021 0.390625 0.044195 0.126838
0 0.656662 0.554228 0.049472 0.137868
0 0.628298 0.704044 0.046834 0.139706
0 0.426451 0.392463 0.044195 0.126838
