0 0.294843 0.720439 0.056054 0.052365
0 0.302130 0.657095 0.052691 0.054054
0 0.308296 0.596284 0.049327 0.050676
0 0.316143 0.540541 0.053812 0.047297
0 0.321749 0.487331 0.049327 0.042230
0 0.326794 0.435811 0.048206 0.043919
0 0.332960 0.387669 0.044843 0.038851
0 0.338565 0.339527 0.047085 0.040541
0 0.342489 0.296453 0.043722 0.038851
0 0.348655 0.255912 0.044843 0.038851
0 0.354260 0.211993 0.042601 0.035473
0 0.358744 0.174831 0.042601 0.032095
0 0.362108 0.122466 0.042601 0.065878
0 0.359305 0.762669 0.054933 0.072635
0 0.363229 0.686655 0.056054 0.055743
0 0.368834 0.628378 0.053812 0.050676
0 0.373879 0.570946 0.052691 0.050676
0 0.377803 0.516047 0.051570 0.045608
0 0.381726 0.463682 0.050448 0.045608
0 0.386211 0.414696 0.048206 0.045608
0 0.390695 0.366554 0.045964 0.040541
0 0.395179 0.320946 0.048206 0.040541
0 0.397982 0.278716 0.044843 0.037162
0 0.401906 0.237331 0.043722 0.035473
0 0.405830 0.196791 0.042601 0.035473
0 0.408072 0.158784 0.042601 0.033784
0 0.435538 0.110642 0.086323 0.038851
0 0.424888 0.753378 0.053812 0.091216
0 0.429372 0.671453 0.053812 0.055743
0 0.431614 0.613176 0.053812 0.047297
0 0.435538 0.557432 0.050448 0.043919
0 0.438341 0.503378 0.049327 0.047297
0 0.441143 0.451858 0.050448 0.042230
0 0.444507 0.404561 0.050448 0.042230
0 0.445628 0.357264 0.048206 0.038851
0 0.448430 0.314189 0.047085 0.037162
0 0.451233 0.270270 0.043722 0.040541
0 0.452915 0.228041 0.042601 0.033784
0 0.455157 0.189189 0.042601 0.037162
0 0.456839 0.150338 0.039238 0.030405
0 0.490471 0.769426 0.059417 0.065878
0 0.492713 0.703547 0.054933 0.052365
0 0.494395 0.642736 0.051570 0.055743
0 0.496076 0.584459 0.054933 0.050676
0 0.497197 0.528716 0.050448 0.050676
0 0.499439 0.475507 0.050448 0.045608
0 0.500000 0.427365 0.049327 0.040541
0 0.501121 0.380068 0.047085 0.037162
0 0.501682 0.336149 0.048206 0.040541
0 0.503924 0.291385 0.043722 0.035473
0 0.504484 0.250845 0.047085 0.038851
0 0.505045 0.209459 0.043722 0.040541
0 0.506166 0.138514 0.041480 0.087838
0 0.560538 0.771115 0.065022 0.062500
0 0.560538 0.572635 0.060538 0.057432
0 0.561099 0.423142 0.054933 0.231419
0 0.558857 0.281250 0.050448 0.042230
0 0.289798 0.777027 0.059417 0.047297
0 0.413677 0.445946 0.394619 0.736486
