0 0.070968 0.254113 0.041290 0.073126
0 0.124516 0.254113 0.055484 0.073126
0 0.184516 0.253656 0.056774 0.072212
0 0.244839 0.252285 0.057419 0.073126
0 0.306452 0.250914 0.055484 0.072212
0 0.367097 0.250914 0.054194 0.074040
0 0.428065 0.250457 0.053548 0.074954
0 0.489355 0.251371 0.053548 0.074954
0 0.550968 0.250914 0.055484 0.074040
0 0.611613 0.249543 0.055484 0.073126
0 0.672903 0.250000 0.054194 0.074040
0 0.733548 0.250457 0.055484 0.074954
0 0.794516 0.250000 0.054839 0.074040
0 0.876774 0.250457 0.100645 0.073126
0 0.088387 0.335009 0.069677 0.074040
0 0.156452 0.334552 0.054839 0.073126
0 0.216774 0.334095 0.054194 0.072212
0 0.277742 0.333181 0.056129 0.072212
0 0.337742 0.332267 0.056129 0.072212
0 0.398710 0.331810 0.055484 0.073126
0 0.459677 0.331810 0.054839 0.073126
0 0.520645 0.330439 0.054194 0.072212
0 0.580968 0.330439 0.054839 0.074040
0 0.641935 0.331353 0.054194 0.074040
0 0.702581 0.330439 0.055484 0.074040
0 0.762581 0.330896 0.054194 0.073126
0 0.822581 0.329982 0.054194 0.073126
0 0.896129 0.370201 0.058065 0.151737
0 0.099032 0.414991 0.085806 0.071298
0 0.173871 0.414534 0.054839 0.072212
0 0.233226 0.414077 0.054839 0.071298
0 0.293871 0.413620 0.054839 0.072212
0 0.353871 0.412706 0.054839 0.074040
0 0.414194 0.412249 0.054194 0.073126
0 0.474516 0.411792 0.053548 0.072212
0 0.535484 0.410878 0.055484 0.072212
0 0.595806 0.411335 0.054839 0.073126
0 0.656129 0.410420 0.054194 0.073126
0 0.716129 0.410878 0.052903 0.072212
0 0.776452 0.410420 0.054839 0.071298
0 0.836452 0.409963 0.056129 0.072212
0 0.087419 0.494059 0.057419 0.070384
0 0.145484 0.493601 0.054839 0.071298
0 0.204839 0.494059 0.054839 0.072212
0 0.265484 0.493144 0.054839 0.072212
0 0.325161 0.492687 0.054194 0.069470
0 0.385484 0.491773 0.054839 0.071298
0 0.445484 0.491773 0.054839 0.071298
0 0.505161 0.491773 0.054194 0.071298
0 0.565484 0.490859 0.054839 0.071298
0 0.625161 0.490402 0.054194 0.072212
0 0.684839 0.489945 0.053548 0.071298
0 0.745161 0.489945 0.052903 0.071298
0 0.849032 0.489031 0.143226 0.069470
0 0.089032 0.577239 0.055484 0.079525
0 0.266129 0.578154 0.053548 0.081353
0 0.445806 0.574040 0.295484 0.082267
0 0.487742 0.387112 0.903226 0.503656
0 0.625484 0.574497 0.054839 0.081353
