0 0.570801 0.394118 0.034180 0.044118
0 0.407227 0.495588 0.185547 0.050000
0 0.501953 0.387500 0.716797 0.307353
0 0.457031 0.394118 0.035156 0.044118
0 0.343262 0.394853 0.034180 0.045588
0 0.591797 0.441176 0.035156 0.044118
0 0.485840 0.346324 0.034180 0.042647
0 0.208984 0.302206 0.031250 0.039706
0 0.182617 0.347794 0.042969 0.042647
0 0.477051 0.442647 0.034180 0.044118
0 0.285156 0.443382 0.033203 0.042647
0 0.356445 0.301471 0.033203 0.041176
0 0.468262 0.300000 0.032227 0.041176
0 0.683594 0.369118 0.052734 0.091176
0 0.318848 0.301471 0.032227 0.041176
0 0.533203 0.393382 0.035156 0.042647
0 0.246094 0.302206 0.033203 0.039706
0 0.671875 0.298529 0.068359 0.041176
0 0.291992 0.496324 0.037109 0.051471
0 0.169434 0.497059 0.038086 0.050000
0 0.522949 0.495588 0.028320 0.050000
0 0.267090 0.394118 0.034180 0.044118
0 0.335449 0.347059 0.032227 0.041176
0 0.637207 0.345588 0.036133 0.044118
0 0.210449 0.444118 0.032227 0.041176
0 0.282715 0.300735 0.034180 0.042647
0 0.183594 0.395588 0.050781 0.041176
0 0.297852 0.347059 0.033203 0.044118
0 0.260742 0.347059 0.031250 0.041176
0 0.380859 0.394853 0.035156 0.042647
0 0.618164 0.299265 0.033203 0.042647
0 0.437500 0.443382 0.035156 0.045588
0 0.176270 0.301471 0.024414 0.041176
0 0.663086 0.441176 0.101562 0.044118
0 0.599121 0.344853 0.034180 0.042647
0 0.418945 0.394118 0.035156 0.044118
0 0.504883 0.299265 0.033203 0.042647
0 0.229980 0.395588 0.032227 0.041176
0 0.580078 0.299265 0.033203 0.042647
0 0.542480 0.299265 0.032227 0.042647
0 0.515137 0.442647 0.036133 0.044118
0 0.561523 0.346324 0.033203 0.042647
0 0.523438 0.346324 0.033203 0.042647
0 0.173340 0.444118 0.038086 0.041176
0 0.306152 0.395588 0.034180 0.044118
0 0.495605 0.394118 0.034180 0.044118
0 0.323730 0.444118 0.034180 0.044118
0 0.399414 0.442647 0.035156 0.044118
0 0.649414 0.392647 0.035156 0.044118
0 0.447754 0.346324 0.034180 0.042647
0 0.393555 0.300000 0.033203 0.041176
0 0.430664 0.300000 0.033203 0.041176
0 0.553711 0.442647 0.035156 0.044118
0 0.361816 0.444118 0.034180 0.044118
0 0.410645 0.346324 0.034180 0.042647
0 0.610352 0.393382 0.035156 0.042647
0 0.373047 0.347059 0.033203 0.041176
0 0.224121 0.347794 0.034180 0.042647
0 0.247559 0.444118 0.034180 0.044118
0 0.588379 0.494118 0.030273 0.050000
