0 0.070442 0.220528 0.031768 0.060976
0 0.114986 0.222053 0.043508 0.064024
0 0.165746 0.221545 0.042818 0.060976
0 0.216506 0.221545 0.043508 0.060976
0 0.266920 0.222561 0.043508 0.060976
0 0.317680 0.223069 0.042818 0.064024
0 0.367403 0.223577 0.042818 0.063008
0 0.416782 0.223577 0.042127 0.060976
0 0.466851 0.224085 0.042818 0.061992
0 0.516229 0.224593 0.042127 0.060976
0 0.565262 0.224085 0.043508 0.061992
0 0.614986 0.224085 0.042127 0.059959
0 0.664365 0.223577 0.042818 0.063008
0 0.742058 0.223577 0.100138 0.063008
0 0.081492 0.292683 0.056630 0.063008
0 0.138467 0.293699 0.044890 0.063008
0 0.189917 0.293699 0.044199 0.060976
0 0.240331 0.294715 0.042818 0.063008
0 0.291782 0.295224 0.043508 0.061992
0 0.342196 0.295224 0.043508 0.059959
0 0.392265 0.295732 0.042818 0.060976
0 0.442334 0.295224 0.042127 0.059959
0 0.492058 0.295732 0.042127 0.060976
0 0.541436 0.295732 0.042818 0.060976
0 0.591160 0.296240 0.041436 0.059959
0 0.640539 0.296748 0.042127 0.060976
0 0.689917 0.295224 0.041436 0.057927
0 0.756215 0.330285 0.075967 0.134146
0 0.085635 0.367378 0.070442 0.061992
0 0.150552 0.367378 0.042818 0.061992
0 0.201657 0.367378 0.042818 0.061992
0 0.252762 0.367378 0.042818 0.061992
0 0.303867 0.367886 0.042818 0.063008
0 0.354282 0.368394 0.042818 0.061992
0 0.404696 0.367886 0.042818 0.063008
0 0.454765 0.367378 0.042127 0.061992
0 0.504834 0.367886 0.042818 0.063008
0 0.554213 0.367886 0.043508 0.060976
0 0.604282 0.367886 0.041436 0.060976
0 0.653660 0.367886 0.043508 0.060976
0 0.708218 0.367378 0.051796 0.059959
0 0.073895 0.440549 0.049724 0.061992
0 0.123964 0.440549 0.043508 0.064024
0 0.174378 0.441057 0.046271 0.063008
0 0.226174 0.440549 0.044890 0.061992
0 0.277279 0.441057 0.043508 0.063008
0 0.329075 0.441057 0.043508 0.063008
0 0.379489 0.441057 0.043508 0.063008
0 0.429903 0.441057 0.043508 0.063008
0 0.479972 0.441057 0.042818 0.063008
0 0.529696 0.440549 0.042818 0.061992
0 0.579420 0.440549 0.044199 0.061992
0 0.629489 0.440041 0.043508 0.060976
0 0.727210 0.440041 0.138122 0.063008
0 0.068370 0.523882 0.044199 0.080285
0 0.224793 0.523374 0.043508 0.079268
0 0.377762 0.522866 0.245856 0.078252
0 0.530387 0.521341 0.042818 0.077236
0 0.630870 0.521850 0.043508 0.078252
0 0.508287 0.329776 0.969613 0.498984
