0 0.347695 0.373112 0.040080 0.063444
0 0.565631 0.512840 0.041082 0.061934
0 0.461423 0.303625 0.039078 0.060423
0 0.495491 0.443353 0.041082 0.061934
0 0.302104 0.373112 0.039078 0.060423
0 0.709920 0.373867 0.039078 0.061934
0 0.501503 0.425227 0.668337 0.454683
0 0.359218 0.442598 0.039078 0.063444
0 0.529058 0.373112 0.040080 0.063444
0 0.247495 0.511329 0.040080 0.061934
0 0.281563 0.304381 0.040080 0.061934
0 0.721944 0.444109 0.041082 0.063444
0 0.799599 0.408610 0.040080 0.134441
0 0.257515 0.373112 0.040080 0.060423
0 0.772545 0.512840 0.096192 0.064955
0 0.643287 0.304381 0.040080 0.061934
0 0.313126 0.442598 0.039078 0.063444
0 0.665331 0.373867 0.040080 0.061934
0 0.208417 0.373112 0.050100 0.063444
0 0.767034 0.443353 0.039078 0.061934
0 0.575150 0.373112 0.040080 0.060423
0 0.610721 0.512840 0.041082 0.061934
0 0.507515 0.303625 0.039078 0.060423
0 0.325651 0.304381 0.040080 0.061934
0 0.236473 0.305891 0.040080 0.061934
0 0.611723 0.585347 0.041082 0.070997
0 0.655812 0.512840 0.041082 0.061934
0 0.438377 0.373112 0.039078 0.063444
0 0.382766 0.512840 0.040080 0.061934
0 0.598196 0.303625 0.040080 0.060423
0 0.371242 0.304381 0.039078 0.061934
0 0.587174 0.443353 0.040080 0.061934
0 0.404309 0.442598 0.039078 0.063444
0 0.292084 0.512840 0.041082 0.061934
0 0.449900 0.443353 0.040080 0.061934
0 0.393287 0.373112 0.039078 0.063444
0 0.541082 0.442598 0.040080 0.063444
0 0.677856 0.443353 0.039078 0.061934
0 0.787575 0.305891 0.060120 0.058912
0 0.755511 0.374622 0.040080 0.063444
0 0.474449 0.585347 0.225451 0.074018
0 0.687876 0.304381 0.039078 0.061934
0 0.197896 0.305136 0.027054 0.060423
0 0.269038 0.443353 0.039078 0.061934
0 0.519539 0.512840 0.041082 0.061934
0 0.483467 0.373112 0.039078 0.063444
0 0.214429 0.443353 0.060120 0.061934
0 0.473447 0.512840 0.041082 0.061934
0 0.700902 0.512840 0.041082 0.061934
0 0.552605 0.304381 0.039078 0.061934
0 0.620240 0.373867 0.040080 0.061934
0 0.732966 0.305136 0.039078 0.060423
0 0.337174 0.512085 0.041082 0.063444
0 0.337174 0.585347 0.041082 0.070997
0 0.205411 0.511329 0.044088 0.061934
0 0.632766 0.442598 0.039078 0.063444
0 0.428357 0.512085 0.041082 0.063444
0 0.416333 0.303625 0.039078 0.060423
0 0.203407 0.586103 0.042084 0.069486
