0 0.259000 0.205782 0.040667 0.055556
0 0.564000 0.336168 0.042667 0.060091
0 0.413333 0.270975 0.041333 0.058957
0 0.503000 0.328798 0.842000 0.421769
0 0.423333 0.337868 0.042667 0.061224
0 0.691667 0.268141 0.042000 0.060091
0 0.612000 0.335601 0.042667 0.061224
0 0.276667 0.269841 0.041333 0.058957
0 0.123333 0.403628 0.046667 0.061224
0 0.214667 0.205782 0.040000 0.055556
0 0.231667 0.269841 0.040667 0.056689
0 0.541667 0.406463 0.043333 0.062358
0 0.667333 0.204082 0.041333 0.056689
0 0.733000 0.202948 0.083333 0.056689
0 0.193333 0.336168 0.041333 0.060091
0 0.724333 0.403628 0.123333 0.063492
0 0.238667 0.336735 0.041333 0.058957
0 0.552000 0.269841 0.041333 0.058957
0 0.484000 0.205782 0.040000 0.055556
0 0.399000 0.406463 0.044667 0.062358
0 0.575333 0.205215 0.041333 0.056689
0 0.137667 0.269841 0.051333 0.056689
0 0.187000 0.269841 0.042000 0.058957
0 0.116333 0.477324 0.047333 0.070295
0 0.446000 0.406463 0.044000 0.062358
0 0.598333 0.269841 0.042000 0.058957
0 0.322000 0.269841 0.041333 0.056689
0 0.438667 0.205215 0.040000 0.056689
0 0.348000 0.205782 0.040000 0.055556
0 0.494000 0.406463 0.044000 0.062358
0 0.410000 0.480726 0.237333 0.072562
0 0.330333 0.337302 0.042000 0.060091
0 0.284000 0.336735 0.041333 0.061224
0 0.749000 0.301020 0.064667 0.123583
0 0.137333 0.336735 0.064000 0.058957
0 0.645000 0.268707 0.043333 0.058957
0 0.589667 0.405329 0.044667 0.062358
0 0.459333 0.270408 0.041333 0.057823
0 0.551667 0.481859 0.036667 0.072562
0 0.707333 0.333900 0.045333 0.060091
0 0.393333 0.206349 0.040000 0.056689
0 0.303333 0.206349 0.040000 0.056689
0 0.377000 0.337302 0.042000 0.060091
0 0.517333 0.337302 0.042667 0.060091
0 0.633333 0.481293 0.037333 0.071429
0 0.212000 0.404762 0.042667 0.063492
0 0.265667 0.480726 0.047333 0.072562
0 0.352000 0.405896 0.042667 0.063492
0 0.470333 0.336735 0.042000 0.061224
0 0.170333 0.206916 0.039333 0.055556
0 0.258667 0.404762 0.042667 0.063492
0 0.637333 0.404762 0.044000 0.061224
0 0.621333 0.204082 0.041333 0.056689
0 0.659333 0.335601 0.044000 0.061224
0 0.506000 0.270408 0.041333 0.057823
0 0.367667 0.270408 0.040667 0.057823
0 0.133000 0.206349 0.028667 0.056689
0 0.168333 0.403628 0.039333 0.061224
0 0.529333 0.205215 0.041333 0.056689
0 0.305000 0.405329 0.043333 0.062358
