0 0.397882 0.739316 0.193646 0.217949
0 0.674735 0.496795 0.193646 0.215812
0 0.605900 0.278846 0.186082 0.198718
0 0.195159 0.742521 0.184569 0.215812
0 0.601362 0.737179 0.204236 0.222222
0 0.938729 0.379274 0.116490 0.416667
0 0.871407 0.492521 0.199697 0.211538
0 0.500000 0.088675 0.167927 0.173077
0 0.150530 0.092949 0.158850 0.181624
0 0.481846 0.504274 0.192133 0.205128
0 0.791225 0.272436 0.184569 0.194444
0 0.850227 0.730769 0.299546 0.226496
0 0.239032 0.292735 0.172466 0.196581
0 0.288200 0.508547 0.183056 0.213675
0 0.422088 0.284188 0.178517 0.192308
0 0.069592 0.291667 0.136157 0.185897
0 0.098336 0.509615 0.175492 0.215812
0 0.324508 0.091880 0.164902 0.179487
0 0.676248 0.083333 0.172466 0.162393
0 0.881241 0.079060 0.237519 0.153846
