0 0.081321 0.267086 0.040661 0.071942
0 0.134053 0.267086 0.054638 0.071942
0 0.193139 0.266637 0.055909 0.071043
0 0.252541 0.265288 0.056544 0.071942
0 0.313215 0.263939 0.054638 0.071043
0 0.372935 0.263939 0.053367 0.072842
0 0.432973 0.263489 0.052732 0.073741
0 0.493329 0.264388 0.052732 0.073741
0 0.554003 0.263939 0.054638 0.072842
0 0.613723 0.262590 0.054638 0.071942
0 0.674079 0.263040 0.053367 0.072842
0 0.733799 0.263489 0.054638 0.073741
0 0.793837 0.263040 0.054003 0.072842
0 0.874841 0.263489 0.099111 0.071942
0 0.098475 0.346673 0.068615 0.072842
0 0.165502 0.346223 0.054003 0.071942
0 0.224905 0.345773 0.053367 0.071043
0 0.284943 0.344874 0.055273 0.071043
0 0.344028 0.343975 0.055273 0.071043
0 0.404066 0.343525 0.054638 0.071942
0 0.464104 0.343525 0.054003 0.071942
0 0.524142 0.342176 0.053367 0.071043
0 0.583545 0.342176 0.054003 0.072842
0 0.643583 0.343076 0.053367 0.072842
0 0.703304 0.342176 0.054638 0.072842
0 0.762389 0.342626 0.053367 0.071942
0 0.821474 0.341727 0.053367 0.071942
0 0.893901 0.381295 0.057179 0.149281
0 0.108958 0.425360 0.084498 0.070144
0 0.182656 0.424910 0.054003 0.071043
0 0.241105 0.424460 0.054003 0.070144
0 0.300826 0.424011 0.054003 0.071043
0 0.359911 0.423112 0.054003 0.072842
0 0.419314 0.422662 0.053367 0.071942
0 0.478717 0.422212 0.052732 0.071043
0 0.538755 0.421313 0.054638 0.071043
0 0.598158 0.421763 0.054003 0.071942
0 0.657560 0.420863 0.053367 0.071942
0 0.716645 0.421313 0.052097 0.071043
0 0.776048 0.420863 0.054003 0.070144
0 0.835133 0.420414 0.055273 0.071043
0 0.097522 0.503147 0.056544 0.069245
0 0.154701 0.502698 0.054003 0.070144
0 0.213151 0.503147 0.054003 0.071043
0 0.272872 0.502248 0.054003 0.071043
0 0.331639 0.501799 0.053367 0.068345
0 0.391042 0.500899 0.054003 0.070144
0 0.450127 0.500899 0.054003 0.070144
0 0.508895 0.500899 0.053367 0.070144
0 0.568297 0.500000 0.054003 0.070144
0 0.627065 0.499550 0.053367 0.071043
0 0.685832 0.499101 0.052732 0.070144
0 0.745235 0.499101 0.052097 0.070144
0 0.847522 0.498201 0.141042 0.068345
0 0.099111 0.584982 0.054638 0.078237
0 0.273507 0.585881 0.052732 0.080036
0 0.450445 0.581835 0.290978 0.080935
0 0.491741 0.397932 0.889454 0.495504
0 0.627382 0.582284 0.054003 0.080036
