0 0.259277 0.300000 0.073242 0.082353
0 0.322266 0.270588 0.097656 0.088235
0 0.395996 0.235294 0.092773 0.088235
0 0.464844 0.203676 0.091797 0.086765
0 0.530762 0.171324 0.092773 0.086765
0 0.595215 0.136765 0.088867 0.082353
0 0.655273 0.108088 0.087891 0.080882
0 0.717773 0.075735 0.087891 0.075000
0 0.773438 0.051471 0.087891 0.061765
0 0.327148 0.359559 0.119141 0.104412
0 0.410156 0.318382 0.093750 0.092647
0 0.482422 0.286765 0.091797 0.085294
0 0.548340 0.245588 0.094727 0.088235
0 0.613281 0.214706 0.089844 0.082353
0 0.678711 0.181618 0.085938 0.089706
0 0.739258 0.147794 0.085938 0.080882
0 0.797852 0.115441 0.082031 0.080882
0 0.854004 0.085294 0.083008 0.079412
0 0.905273 0.058088 0.072266 0.075000
0 0.388672 0.426471 0.138672 0.123529
0 0.478027 0.380147 0.088867 0.080882
0 0.550293 0.341176 0.094727 0.094118
0 0.617676 0.305882 0.090820 0.088235
0 0.683105 0.266912 0.090820 0.086765
0 0.744629 0.232353 0.090820 0.088235
0 0.807129 0.198529 0.086914 0.085294
0 0.865723 0.164706 0.086914 0.085294
0 0.908691 0.130882 0.065430 0.088235
0 0.426270 0.507353 0.118164 0.102941
0 0.498535 0.469853 0.100586 0.098529
0 0.569824 0.427206 0.098633 0.098529
0 0.639648 0.388971 0.101562 0.098529
0 0.706543 0.350735 0.094727 0.095588
0 0.770508 0.314706 0.093750 0.097059
0 0.833008 0.280882 0.095703 0.097059
0 0.892578 0.241176 0.089844 0.091176
0 0.479004 0.591912 0.122070 0.122059
0 0.698242 0.463235 0.111328 0.114706
0 0.564941 0.327941 0.754883 0.647059
0 0.830078 0.365441 0.224609 0.225000
