0 0.461603 0.466368 0.061099 0.076233
0 0.216928 0.550822 0.063901 0.079223
0 0.480381 0.297459 0.059417 0.074738
0 0.513733 0.382287 0.062220 0.076981
0 0.941704 0.555680 0.117713 0.079970
0 0.239070 0.378924 0.062220 0.076233
0 0.948991 0.468610 0.063901 0.077728
0 0.581839 0.383034 0.061659 0.076981
0 0.357063 0.551943 0.062780 0.078475
0 0.286435 0.551196 0.062780 0.079970
0 0.343610 0.295964 0.060538 0.077728
0 0.308576 0.380045 0.063341 0.076981
0 0.169843 0.377429 0.063901 0.077728
0 0.964686 0.297833 0.071749 0.073991
0 0.928531 0.383034 0.063341 0.076981
0 0.074271 0.642750 0.065583 0.091181
0 0.650224 0.381913 0.061659 0.074738
0 0.844170 0.555680 0.065022 0.078475
0 0.079036 0.293348 0.045964 0.075486
0 0.789238 0.382287 0.062780 0.076981
0 0.184417 0.464126 0.062780 0.077728
0 0.983744 0.426383 0.033632 0.162182
0 0.323711 0.465620 0.062220 0.077728
0 0.753363 0.298206 0.061659 0.076233
0 0.445908 0.381166 0.061099 0.076233
0 0.093330 0.377429 0.080157 0.077728
0 0.598094 0.467115 0.060538 0.076233
0 0.822309 0.297833 0.062780 0.076981
0 0.521020 0.452541 0.959081 0.517937
0 0.098094 0.463752 0.096413 0.076981
0 0.684417 0.298580 0.060538 0.075486
0 0.879204 0.468984 0.063341 0.076981
0 0.079036 0.549701 0.067265 0.076981
0 0.667881 0.467862 0.061099 0.076233
0 0.632848 0.553812 0.062780 0.076233
0 0.808016 0.468610 0.064462 0.077728
0 0.411996 0.297085 0.060538 0.075486
0 0.616312 0.299327 0.059978 0.075486
0 0.705437 0.647608 0.064462 0.090433
0 0.702915 0.553438 0.062780 0.078475
0 0.719451 0.383034 0.063341 0.076981
0 0.891816 0.296712 0.061659 0.074738
0 0.377242 0.380419 0.061659 0.074738
0 0.859025 0.382661 0.063341 0.077728
0 0.284473 0.645366 0.064462 0.090433
0 0.737948 0.468236 0.062220 0.076981
0 0.494675 0.646114 0.346973 0.090433
0 0.275224 0.294843 0.062780 0.075486
0 0.147141 0.549701 0.063341 0.079970
0 0.392377 0.466741 0.061659 0.078475
0 0.563901 0.553438 0.061659 0.078475
0 0.548767 0.298206 0.059417 0.076233
0 0.494955 0.552317 0.062780 0.077728
0 0.530549 0.467489 0.061099 0.075486
0 0.773262 0.554185 0.065583 0.078475
0 0.253924 0.465247 0.062780 0.076981
0 0.138173 0.293722 0.061099 0.076233
0 0.426289 0.551943 0.062220 0.078475
0 0.207119 0.294096 0.062220 0.075486
