0 0.319597 0.041209 0.071429 0.071429
0 0.340659 0.260073 0.076923 0.073260
0 0.823260 0.188645 0.071429 0.069597
0 0.749084 0.188645 0.073260 0.069597
0 0.032967 0.341575 0.062271 0.082418
0 0.714286 0.260989 0.073260 0.071429
0 0.237179 0.339744 0.064103 0.078755
0 0.244505 0.041209 0.075092 0.071429
0 0.501832 0.194139 1.000000 0.384615
0 0.619963 0.042125 0.071429 0.073260
0 0.979853 0.040293 0.043956 0.069597
0 0.374542 0.186813 0.075092 0.073260
0 0.728938 0.115385 0.073260 0.069597
0 0.148352 0.187729 0.073260 0.071429
0 0.768315 0.042125 0.071429 0.073260
0 0.470696 0.042125 0.073260 0.073260
0 0.876374 0.114469 0.071429 0.071429
0 0.394689 0.042125 0.075092 0.069597
0 0.416667 0.260989 0.075092 0.075092
0 0.961538 0.185897 0.051282 0.071429
0 0.093407 0.043040 0.073260 0.071429
0 0.952381 0.260989 0.098901 0.071429
0 0.695055 0.042125 0.071429 0.073260
0 0.503663 0.115385 0.073260 0.073260
0 0.202381 0.115385 0.075092 0.073260
0 0.577839 0.115385 0.075092 0.073260
0 0.189560 0.260989 0.075092 0.071429
0 0.898352 0.187729 0.071429 0.071429
0 0.463370 0.339744 0.377289 0.082418
0 0.653846 0.114469 0.073260 0.071429
0 0.802198 0.114469 0.073260 0.071429
0 0.490842 0.260073 0.073260 0.073260
0 0.127289 0.115385 0.075092 0.069597
0 0.113553 0.260989 0.073260 0.071429
0 0.449634 0.186813 0.075092 0.073260
0 0.941392 0.113553 0.051282 0.069597
0 0.821429 0.338828 0.064103 0.080586
0 0.223443 0.188645 0.073260 0.069597
0 0.054945 0.187729 0.106227 0.067766
0 0.864469 0.260073 0.073260 0.069597
0 0.640110 0.260989 0.071429 0.071429
0 0.279304 0.115385 0.075092 0.073260
0 0.037546 0.260989 0.071429 0.067766
0 0.264652 0.260989 0.075092 0.071429
0 0.673993 0.188645 0.073260 0.069597
0 0.027473 0.042125 0.051282 0.073260
0 0.354396 0.115385 0.075092 0.069597
0 0.790293 0.260989 0.071429 0.067766
0 0.565934 0.260073 0.073260 0.073260
0 0.544872 0.042125 0.071429 0.073260
0 0.843407 0.041209 0.071429 0.071429
0 0.169414 0.042125 0.075092 0.073260
0 0.524725 0.187729 0.075092 0.071429
0 0.599817 0.187729 0.075092 0.071429
0 0.044872 0.114469 0.086081 0.071429
0 0.686813 0.338828 0.065934 0.080586
0 0.918498 0.040293 0.071429 0.069597
0 0.300366 0.187729 0.073260 0.071429
0 0.429487 0.114469 0.075092 0.071429
0 0.986264 0.152015 0.031136 0.142857
