0 0.315372 0.504342 0.272583 0.088089
0 0.032092 0.166253 0.048336 0.074442
0 0.631537 0.158809 0.049128 0.074442
0 0.425515 0.413151 0.050713 0.076923
0 0.260301 0.413151 0.049921 0.076923
0 0.016244 0.248759 0.030903 0.073201
0 0.508320 0.327543 0.051506 0.076923
0 0.204834 0.413772 0.049921 0.075682
0 0.466323 0.160050 0.049921 0.074442
0 0.232964 0.330645 0.049128 0.075682
0 0.480586 0.412531 0.051506 0.075682
0 0.592710 0.503722 0.050713 0.089330
0 0.165610 0.247519 0.049128 0.075682
0 0.247623 0.162531 0.048336 0.074442
0 0.591918 0.412531 0.052298 0.075682
0 0.177892 0.330645 0.049921 0.075682
0 0.301506 0.161911 0.048336 0.073201
0 0.070523 0.331886 0.049128 0.075682
0 0.219889 0.246278 0.048336 0.075682
0 0.397781 0.328164 0.050713 0.075682
0 0.494057 0.243176 0.051506 0.074442
0 0.009905 0.166253 0.018225 0.071960
0 0.274564 0.245658 0.048336 0.076923
0 0.356973 0.160670 0.048336 0.073201
0 0.500792 0.312035 1.000000 0.532258
0 0.452853 0.327543 0.051506 0.076923
0 0.192948 0.163772 0.048336 0.074442
0 0.549921 0.243797 0.050713 0.075682
0 0.618859 0.326303 0.050713 0.074442
0 0.563788 0.326923 0.051506 0.075682
0 0.150555 0.413772 0.049128 0.075682
0 0.139065 0.163772 0.048336 0.071960
0 0.520998 0.159429 0.051506 0.073201
0 0.604992 0.243797 0.051506 0.078164
0 0.384311 0.244417 0.049128 0.074442
0 0.014263 0.414392 0.026941 0.074442
0 0.660856 0.242556 0.050713 0.075682
0 0.085182 0.164392 0.048336 0.073201
0 0.677496 0.326303 0.055468 0.074442
0 0.342710 0.329404 0.049921 0.075682
0 0.314580 0.413772 0.050713 0.075682
0 0.021395 0.332506 0.041204 0.074442
0 0.480983 0.503722 0.050713 0.089330
0 0.329239 0.245037 0.048336 0.075682
0 0.042789 0.413772 0.047544 0.075682
0 0.287242 0.330025 0.049921 0.074442
0 0.411252 0.160670 0.049128 0.073201
0 0.149762 0.504963 0.049128 0.086849
0 0.536054 0.411911 0.051506 0.076923
0 0.370048 0.413151 0.050713 0.076923
0 0.576466 0.158189 0.048336 0.073201
0 0.057052 0.248759 0.050713 0.073201
0 0.096276 0.414392 0.048336 0.074442
0 0.438986 0.245037 0.049128 0.075682
0 0.013471 0.504342 0.025357 0.088089
0 0.123613 0.330645 0.049128 0.075682
0 0.718304 0.158809 0.111727 0.074442
0 0.111727 0.246898 0.049128 0.074442
0 0.736133 0.282878 0.077655 0.153846
0 0.700079 0.411290 0.152932 0.075682
