0 0.470000 0.545333 0.256000 0.066667
0 0.516000 0.350667 0.044000 0.056000
0 0.466000 0.350667 0.044000 0.056000
0 0.568000 0.352000 0.048000 0.058667
0 0.197000 0.477333 0.046000 0.058667
0 0.377000 0.412000 0.046000 0.056000
0 0.263000 0.349333 0.046000 0.053333
0 0.718000 0.352000 0.044000 0.058667
0 0.160000 0.412000 0.072000 0.056000
0 0.223000 0.412000 0.046000 0.056000
0 0.785000 0.414667 0.050000 0.056000
0 0.617000 0.350667 0.046000 0.056000
0 0.479000 0.412000 0.046000 0.056000
0 0.275000 0.412000 0.046000 0.056000
0 0.290000 0.288000 0.044000 0.053333
0 0.325000 0.412000 0.046000 0.056000
0 0.542000 0.289333 0.044000 0.056000
0 0.683000 0.412000 0.046000 0.056000
0 0.311000 0.545333 0.050000 0.066667
0 0.742000 0.290667 0.044000 0.053333
0 0.415000 0.350667 0.046000 0.056000
0 0.491000 0.288000 0.042000 0.053333
0 0.668000 0.350667 0.044000 0.056000
0 0.147000 0.544000 0.050000 0.064000
0 0.592000 0.289333 0.044000 0.056000
0 0.530000 0.414667 0.044000 0.056000
0 0.299000 0.474667 0.046000 0.058667
0 0.768000 0.352000 0.044000 0.053333
0 0.733000 0.413333 0.046000 0.053333
0 0.364000 0.350667 0.044000 0.056000
0 0.148000 0.476000 0.052000 0.061333
0 0.240000 0.288000 0.044000 0.053333
0 0.505000 0.477333 0.046000 0.058667
0 0.156000 0.348000 0.056000 0.056000
0 0.557000 0.477333 0.046000 0.058667
0 0.641000 0.290667 0.046000 0.053333
0 0.692000 0.290667 0.044000 0.053333
0 0.351000 0.474667 0.046000 0.058667
0 0.455000 0.476000 0.046000 0.056000
0 0.660000 0.478667 0.048000 0.061333
0 0.390000 0.288000 0.044000 0.053333
0 0.212000 0.348000 0.044000 0.056000
0 0.813000 0.290667 0.090000 0.053333
0 0.609000 0.478667 0.046000 0.061333
0 0.711000 0.478667 0.046000 0.061333
0 0.628000 0.546667 0.056000 0.069333
0 0.632000 0.413333 0.044000 0.053333
0 0.428000 0.412000 0.044000 0.056000
0 0.403000 0.474667 0.046000 0.058667
0 0.496000 0.397333 0.784000 0.389333
0 0.340000 0.288000 0.044000 0.053333
0 0.313000 0.349333 0.046000 0.053333
0 0.441000 0.288000 0.042000 0.053333
0 0.190000 0.288000 0.044000 0.053333
0 0.148000 0.288000 0.032000 0.053333
0 0.249000 0.473333 0.046000 0.056000
0 0.830000 0.384000 0.064000 0.112000
0 0.582000 0.414667 0.048000 0.056000
0 0.803000 0.477333 0.130000 0.058667
