0 0.281818 0.418664 0.047727 0.063356
0 0.298864 0.273116 0.047727 0.063356
0 0.493750 0.420377 0.046591 0.063356
0 0.851705 0.417808 0.128409 0.065068
0 0.246591 0.273116 0.047727 0.063356
0 0.636932 0.204623 0.046591 0.059932
0 0.625568 0.346747 0.046591 0.063356
0 0.758523 0.419521 0.048864 0.065068
0 0.256818 0.345890 0.047727 0.065068
0 0.387500 0.418664 0.047727 0.063356
0 0.494318 0.498288 0.259091 0.071918
0 0.378409 0.204623 0.045455 0.063356
0 0.705682 0.420377 0.047727 0.063356
0 0.560227 0.275685 0.047727 0.061644
0 0.351705 0.274829 0.046591 0.063356
0 0.229545 0.417808 0.045455 0.065068
0 0.535227 0.335616 0.790909 0.441781
0 0.652841 0.421233 0.048864 0.065068
0 0.191477 0.344178 0.076136 0.065068
0 0.546591 0.421233 0.047727 0.065068
0 0.864205 0.203767 0.087500 0.058219
0 0.836364 0.345890 0.047727 0.065068
0 0.654545 0.498288 0.047727 0.075342
0 0.792614 0.203767 0.048864 0.061644
0 0.820455 0.274829 0.047727 0.063356
0 0.585227 0.205479 0.045455 0.058219
0 0.440341 0.419521 0.046591 0.061644
0 0.717045 0.274829 0.047727 0.063356
0 0.334091 0.496575 0.047727 0.075342
0 0.689205 0.205479 0.046591 0.058219
0 0.309659 0.345890 0.046591 0.065068
0 0.467614 0.345890 0.046591 0.061644
0 0.730682 0.346747 0.047727 0.063356
0 0.335227 0.418664 0.047727 0.063356
0 0.176136 0.202911 0.036364 0.063356
0 0.415341 0.346747 0.046591 0.063356
0 0.507386 0.274829 0.046591 0.059932
0 0.740341 0.205479 0.046591 0.058219
0 0.600568 0.421233 0.048864 0.068493
0 0.768182 0.274829 0.050000 0.063356
0 0.533523 0.204623 0.046591 0.059932
0 0.455682 0.274829 0.045455 0.059932
0 0.664773 0.275685 0.047727 0.061644
0 0.178409 0.417808 0.052273 0.065068
0 0.782955 0.346747 0.050000 0.063356
0 0.678409 0.346747 0.047727 0.063356
0 0.612500 0.275685 0.047727 0.061644
0 0.430114 0.205479 0.046591 0.061644
0 0.882955 0.310788 0.059091 0.131849
0 0.402841 0.273973 0.046591 0.061644
0 0.221591 0.202911 0.047727 0.059932
0 0.274432 0.202911 0.046591 0.059932
0 0.188636 0.273116 0.063636 0.063356
0 0.520455 0.346747 0.047727 0.063356
0 0.481818 0.204623 0.045455 0.059932
0 0.326136 0.203767 0.047727 0.061644
0 0.361932 0.345890 0.046591 0.065068
0 0.172727 0.495719 0.047727 0.077055
0 0.572727 0.346747 0.047727 0.063356
