0 0.044161 0.291193 0.029441 0.122159
0 0.087341 0.288352 0.039254 0.110795
0 0.136899 0.284091 0.042198 0.113636
0 0.186457 0.279830 0.041217 0.116477
0 0.236997 0.274148 0.040236 0.116477
0 0.286065 0.271307 0.040236 0.116477
0 0.337095 0.268466 0.040236 0.116477
0 0.386163 0.264205 0.040236 0.113636
0 0.434740 0.259943 0.039254 0.116477
0 0.484298 0.254261 0.040236 0.122159
0 0.534838 0.251420 0.041217 0.116477
0 0.583906 0.247159 0.039254 0.119318
0 0.633955 0.241477 0.041217 0.119318
0 0.712954 0.237216 0.103042 0.122159
0 0.056428 0.431818 0.053974 0.119318
0 0.111874 0.430398 0.041217 0.116477
0 0.161923 0.427557 0.041217 0.122159
0 0.211973 0.420455 0.041217 0.119318
0 0.262512 0.417614 0.042198 0.119318
0 0.362120 0.409091 0.041217 0.119318
0 0.313052 0.411932 0.039254 0.119318
0 0.412169 0.403409 0.041217 0.125000
0 0.461727 0.399148 0.040236 0.116477
0 0.511286 0.396307 0.041217 0.122159
0 0.560844 0.392045 0.040236 0.119318
0 0.610893 0.387784 0.040236 0.122159
0 0.659961 0.386364 0.040236 0.130682
0 0.736016 0.450284 0.058881 0.264205
0 0.062807 0.579545 0.064769 0.113636
0 0.123651 0.575284 0.041217 0.116477
0 0.174681 0.568182 0.041217 0.113636
0 0.225221 0.565341 0.040236 0.119318
0 0.275761 0.561080 0.043180 0.116477
0 0.326300 0.555398 0.040236 0.116477
0 0.375368 0.551136 0.040236 0.113636
0 0.425908 0.545455 0.041217 0.119318
0 0.476447 0.541193 0.042198 0.116477
0 0.526006 0.539773 0.041217 0.113636
0 0.576055 0.535511 0.039254 0.122159
0 0.624632 0.528409 0.040236 0.119318
0 0.677625 0.526989 0.048086 0.116477
0 0.052012 0.723011 0.045142 0.116477
0 0.099117 0.721591 0.039254 0.119318
0 0.148675 0.717330 0.042198 0.122159
0 0.199215 0.714489 0.041217 0.122159
0 0.250245 0.707386 0.041217 0.125000
0 0.300785 0.704545 0.040236 0.119318
0 0.351325 0.700284 0.041217 0.122159
0 0.401865 0.694602 0.040236 0.122159
0 0.451423 0.690341 0.043180 0.125000
0 0.501472 0.687500 0.041217 0.125000
0 0.551521 0.681818 0.041217 0.125000
0 0.602552 0.680398 0.043180 0.122159
0 0.699706 0.673295 0.137390 0.125000
0 0.048086 0.886364 0.041217 0.142045
0 0.199706 0.875000 0.040236 0.142045
0 0.351325 0.857955 0.247301 0.147727
0 0.503435 0.848011 0.043180 0.144886
0 0.607458 0.839489 0.047105 0.139205
0 0.499509 0.504261 0.947988 0.934659
