0 0.059378 0.240525 0.038846 0.137026
0 0.109878 0.243440 0.055494 0.137026
0 0.167592 0.244898 0.053274 0.134111
0 0.225860 0.241983 0.054384 0.134111
0 0.284129 0.241983 0.053274 0.134111
0 0.342952 0.243440 0.055494 0.137026
0 0.401776 0.246356 0.053274 0.137026
0 0.461154 0.246356 0.054384 0.142857
0 0.520533 0.246356 0.053274 0.142857
0 0.580466 0.244898 0.053274 0.139942
0 0.639290 0.243440 0.053274 0.137026
0 0.697558 0.243440 0.052164 0.137026
0 0.758047 0.244898 0.053274 0.139942
0 0.846282 0.246356 0.112098 0.137026
0 0.073807 0.390671 0.067703 0.139942
0 0.139290 0.393586 0.054384 0.139942
0 0.198113 0.387755 0.056604 0.139942
0 0.255827 0.390671 0.054384 0.145773
0 0.314650 0.390671 0.054384 0.134111
0 0.372919 0.389213 0.053274 0.125364
0 0.431188 0.392128 0.054384 0.131195
0 0.491676 0.392128 0.053274 0.131195
0 0.551054 0.392128 0.056604 0.131195
0 0.609878 0.392128 0.054384 0.131195
0 0.668701 0.395044 0.054384 0.137026
0 0.728080 0.395044 0.053274 0.142857
0 0.866260 0.472303 0.072142 0.291545
0 0.787458 0.395044 0.052164 0.131195
0 0.081021 0.539359 0.082131 0.134111
0 0.153718 0.536443 0.052164 0.128280
0 0.212542 0.539359 0.052164 0.134111
0 0.269145 0.540816 0.049945 0.125364
0 0.327969 0.543732 0.049945 0.131195
0 0.387902 0.545190 0.049945 0.128280
0 0.504994 0.546647 0.053274 0.131195
0 0.446726 0.548105 0.052164 0.128280
0 0.564373 0.546647 0.052164 0.131195
0 0.623751 0.545190 0.055494 0.134111
0 0.683685 0.546647 0.053274 0.137026
0 0.743618 0.546647 0.053274 0.137026
0 0.801332 0.545190 0.051054 0.139942
0 0.067148 0.685131 0.052164 0.134111
0 0.124861 0.689504 0.049945 0.137026
0 0.183130 0.689504 0.051054 0.137026
0 0.241398 0.692420 0.052164 0.137026
0 0.300222 0.690962 0.054384 0.134111
0 0.359600 0.692420 0.053274 0.137026
0 0.417314 0.690962 0.053274 0.134111
0 0.475028 0.693878 0.051054 0.134111
0 0.535516 0.695335 0.054384 0.131195
0 0.593785 0.696793 0.051054 0.134111
0 0.652608 0.696793 0.053274 0.128280
0 0.712542 0.696793 0.053274 0.128280
0 0.823529 0.692420 0.157603 0.137026
0 0.066038 0.842566 0.052164 0.157434
0 0.241953 0.851312 0.053274 0.157434
0 0.439512 0.854227 0.330744 0.163265
0 0.639290 0.855685 0.055494 0.154519
0 0.758047 0.858601 0.055494 0.154519
0 0.501110 0.491254 0.926748 0.906706
