0 0.626851 0.405363 0.039487 0.100946
0 0.472359 0.488170 0.032577 0.048896
0 0.410168 0.380126 0.030602 0.047319
0 0.162389 0.430599 0.048371 0.047319
0 0.561204 0.432965 0.032577 0.048896
0 0.392892 0.327287 0.031589 0.045741
0 0.427443 0.327287 0.029615 0.045741
0 0.328727 0.487382 0.031589 0.047319
0 0.234452 0.377760 0.030602 0.045741
0 0.269497 0.378549 0.031589 0.047319
0 0.199901 0.377760 0.030602 0.045741
0 0.399803 0.488170 0.031589 0.048896
0 0.598717 0.432965 0.036525 0.048896
0 0.533564 0.548107 0.028628 0.058360
0 0.445212 0.379338 0.031589 0.048896
0 0.364265 0.488170 0.033564 0.048896
0 0.525666 0.432965 0.032577 0.048896
0 0.239882 0.431388 0.031589 0.048896
0 0.219151 0.327287 0.029615 0.045741
0 0.382527 0.432965 0.032577 0.048896
0 0.339092 0.378549 0.030602 0.047319
0 0.221125 0.486593 0.031589 0.048896
0 0.152024 0.485016 0.035538 0.048896
0 0.346496 0.432965 0.031589 0.048896
0 0.480750 0.380126 0.031589 0.047319
0 0.469891 0.548107 0.027641 0.058360
0 0.462488 0.327287 0.030602 0.045741
0 0.454097 0.433754 0.031589 0.050473
0 0.253702 0.327287 0.029615 0.045741
0 0.357848 0.327287 0.030602 0.045741
0 0.292201 0.486593 0.031589 0.048896
0 0.418065 0.432965 0.032577 0.048896
0 0.362784 0.545741 0.176703 0.056782
0 0.567621 0.327287 0.029615 0.045741
0 0.543929 0.488170 0.033564 0.048896
0 0.254195 0.546530 0.032577 0.055205
0 0.454097 0.421924 0.667325 0.342271
0 0.205331 0.431388 0.031589 0.048896
0 0.615005 0.327287 0.057256 0.045741
0 0.186081 0.485804 0.030602 0.047319
0 0.256170 0.486593 0.032577 0.048896
0 0.147088 0.544164 0.033564 0.056782
0 0.184600 0.326498 0.029615 0.044164
0 0.155479 0.325710 0.022705 0.045741
0 0.323297 0.326498 0.030602 0.044164
0 0.489141 0.432965 0.032577 0.048896
0 0.304541 0.378549 0.030602 0.047319
0 0.497532 0.327287 0.029615 0.045741
0 0.550839 0.380126 0.031589 0.047319
0 0.288253 0.326498 0.029615 0.047319
0 0.435834 0.488170 0.032577 0.048896
0 0.532577 0.327287 0.030602 0.045741
0 0.607601 0.488170 0.087858 0.048896
0 0.160415 0.376972 0.040474 0.047319
0 0.275913 0.431388 0.032577 0.048896
0 0.310958 0.432965 0.031589 0.048896
0 0.508391 0.488170 0.033564 0.048896
0 0.516288 0.380126 0.029615 0.047319
0 0.586377 0.379338 0.031589 0.048896
0 0.374630 0.379338 0.030602 0.048896
