0 0.097222 0.508457 0.038889 0.095137
0 0.101111 0.415433 0.044444 0.073996
0 0.603333 0.332981 0.040000 0.073996
0 0.592778 0.249471 0.038889 0.076110
0 0.318333 0.415433 0.038889 0.073996
0 0.285556 0.248414 0.040000 0.073996
0 0.230000 0.508457 0.040000 0.095137
0 0.093333 0.165962 0.031111 0.073996
0 0.241667 0.248414 0.038889 0.078224
0 0.330000 0.248414 0.040000 0.073996
0 0.142222 0.414376 0.037778 0.076110
0 0.197778 0.247357 0.040000 0.076110
0 0.636111 0.249471 0.038889 0.076110
0 0.208333 0.331924 0.038889 0.076110
0 0.527222 0.165962 0.038889 0.073996
0 0.296111 0.331924 0.038889 0.076110
0 0.340000 0.331924 0.040000 0.076110
0 0.351667 0.165962 0.038889 0.073996
0 0.440000 0.167019 0.037778 0.071882
0 0.477778 0.309725 0.833333 0.530655
0 0.362222 0.416490 0.040000 0.076110
0 0.109444 0.331924 0.061111 0.076110
0 0.615000 0.165962 0.038889 0.073996
0 0.494444 0.416490 0.040000 0.076110
0 0.582222 0.415433 0.042222 0.078224
0 0.650000 0.332981 0.044444 0.073996
0 0.252778 0.331924 0.038889 0.076110
0 0.515556 0.331924 0.040000 0.076110
0 0.570556 0.165962 0.038889 0.073996
0 0.538333 0.416490 0.041111 0.076110
0 0.667222 0.415433 0.121111 0.073996
0 0.220000 0.165962 0.040000 0.073996
0 0.560000 0.331924 0.040000 0.076110
0 0.153333 0.247357 0.040000 0.076110
0 0.495556 0.507400 0.040000 0.093023
0 0.383889 0.331924 0.038889 0.076110
0 0.406667 0.416490 0.040000 0.076110
0 0.176111 0.164905 0.038889 0.071882
0 0.450556 0.415433 0.041111 0.078224
0 0.417778 0.249471 0.040000 0.076110
0 0.230000 0.416490 0.040000 0.076110
0 0.307778 0.165962 0.040000 0.073996
0 0.131667 0.165962 0.038889 0.073996
0 0.274444 0.415433 0.040000 0.078224
0 0.396111 0.165962 0.038889 0.073996
0 0.682222 0.167019 0.088889 0.071882
0 0.263889 0.164905 0.038889 0.076110
0 0.163889 0.331924 0.038889 0.076110
0 0.103889 0.247357 0.050000 0.076110
0 0.693889 0.291755 0.065556 0.156448
0 0.483889 0.165962 0.038889 0.073996
0 0.428333 0.331924 0.038889 0.076110
0 0.363333 0.508457 0.217778 0.095137
0 0.548889 0.249471 0.040000 0.076110
0 0.505000 0.249471 0.038889 0.076110
0 0.472222 0.331924 0.040000 0.076110
0 0.461667 0.249471 0.038889 0.076110
0 0.582778 0.508457 0.041111 0.095137
0 0.186111 0.416490 0.038889 0.076110
0 0.373889 0.249471 0.038889 0.076110
