0 0.761460 0.705000 0.147708 0.130000
0 0.495756 0.502500 0.989813 0.945000
0 0.797538 0.463750 0.065365 0.282500
0 0.039474 0.546250 0.077250 0.127500
0 0.384975 0.871250 0.282683 0.152500
0 0.780560 0.226250 0.101019 0.127500
0 0.022071 0.235000 0.037351 0.145000
0 0.072156 0.235000 0.050934 0.135000
0 0.131154 0.233750 0.051783 0.137500
0 0.187182 0.232500 0.050085 0.140000
0 0.243633 0.232500 0.050934 0.140000
0 0.301358 0.232500 0.049236 0.130000
0 0.355688 0.227500 0.052632 0.140000
0 0.413837 0.230000 0.051783 0.140000
0 0.469864 0.235000 0.048387 0.140000
0 0.527165 0.230000 0.050934 0.145000
0 0.582767 0.233750 0.053480 0.142500
0 0.640917 0.233750 0.050934 0.137500
0 0.699915 0.231250 0.051783 0.137500
0 0.035229 0.390000 0.063667 0.135000
0 0.099321 0.392500 0.050934 0.140000
0 0.155772 0.390000 0.051783 0.140000
0 0.213497 0.390000 0.051783 0.140000
0 0.269525 0.387500 0.051783 0.140000
0 0.328098 0.385000 0.050085 0.135000
0 0.384126 0.386250 0.048387 0.132500
0 0.441002 0.386250 0.050085 0.132500
0 0.497029 0.388750 0.051783 0.137500
0 0.554329 0.387500 0.050934 0.130000
0 0.612054 0.388750 0.050934 0.142500
0 0.669355 0.390000 0.053480 0.150000
0 0.727080 0.390000 0.051783 0.145000
0 0.111630 0.547500 0.051783 0.135000
0 0.168930 0.547500 0.050934 0.140000
0 0.226655 0.546250 0.049236 0.137500
0 0.283956 0.545000 0.050085 0.140000
0 0.340407 0.545000 0.049236 0.140000
0 0.398132 0.543750 0.050934 0.137500
0 0.455008 0.545000 0.049236 0.140000
0 0.512733 0.546250 0.050934 0.137500
0 0.570034 0.545000 0.051783 0.140000
0 0.627759 0.546250 0.050085 0.137500
0 0.685059 0.546250 0.050934 0.142500
0 0.743633 0.545000 0.054329 0.140000
0 0.083192 0.707500 0.045840 0.130000
0 0.029711 0.708750 0.057725 0.132500
0 0.140068 0.706250 0.049236 0.127500
0 0.197368 0.703750 0.050085 0.132500
0 0.254669 0.705000 0.049236 0.135000
0 0.312394 0.703750 0.049236 0.132500
0 0.369694 0.703750 0.050085 0.132500
0 0.426995 0.705000 0.049236 0.135000
0 0.485144 0.708750 0.050085 0.137500
0 0.542020 0.705000 0.050085 0.135000
0 0.599745 0.706250 0.050085 0.137500
0 0.657470 0.706250 0.051783 0.137500
0 0.026316 0.880000 0.050934 0.160000
0 0.210951 0.876250 0.055178 0.162500
0 0.553056 0.877500 0.041596 0.160000
0 0.651104 0.880000 0.040747 0.165000
