0 0.674479 0.205556 0.067708 0.055556
0 0.585417 0.462963 0.041667 0.062963
0 0.586458 0.204630 0.031250 0.061111
0 0.436458 0.460185 0.177083 0.057407
0 0.605208 0.268519 0.033333 0.059259
0 0.361458 0.330556 0.033333 0.061111
0 0.545312 0.462037 0.032292 0.061111
0 0.496875 0.266667 0.033333 0.059259
0 0.650521 0.332407 0.032292 0.061111
0 0.185417 0.201852 0.033333 0.059259
0 0.370833 0.202778 0.033333 0.061111
0 0.621354 0.206481 0.032292 0.061111
0 0.461458 0.267593 0.033333 0.061111
0 0.579688 0.332407 0.032292 0.061111
0 0.342708 0.397222 0.035417 0.061111
0 0.286979 0.331481 0.034375 0.062963
0 0.640625 0.268519 0.033333 0.059259
0 0.241146 0.266667 0.036458 0.062963
0 0.453646 0.397222 0.032292 0.061111
0 0.479687 0.201852 0.032292 0.059259
0 0.305729 0.397222 0.032292 0.061111
0 0.569271 0.269444 0.034375 0.061111
0 0.416146 0.396296 0.034375 0.062963
0 0.616146 0.333333 0.032292 0.059259
0 0.470833 0.330556 0.033333 0.061111
0 0.561979 0.397222 0.032292 0.061111
0 0.379688 0.396296 0.032292 0.059259
0 0.508333 0.330556 0.033333 0.061111
0 0.664583 0.396296 0.093750 0.055556
0 0.532813 0.267593 0.034375 0.061111
0 0.597917 0.396296 0.033333 0.059259
0 0.515625 0.203704 0.033333 0.059259
0 0.250521 0.331481 0.034375 0.062963
0 0.407292 0.202778 0.033333 0.061111
0 0.194271 0.465741 0.057292 0.061111
0 0.443229 0.201852 0.032292 0.059259
0 0.526563 0.396296 0.032292 0.059259
0 0.425000 0.266667 0.033333 0.059259
0 0.333854 0.200926 0.034375 0.061111
0 0.268229 0.399074 0.032292 0.061111
0 0.685937 0.300926 0.048958 0.124074
0 0.223958 0.202778 0.037500 0.064815
0 0.231250 0.397222 0.035417 0.061111
0 0.325000 0.330556 0.033333 0.061111
0 0.434896 0.331481 0.034375 0.059259
0 0.397917 0.330556 0.033333 0.061111
0 0.543750 0.332407 0.033333 0.061111
0 0.388542 0.266667 0.033333 0.059259
0 0.297917 0.200926 0.035417 0.061111
0 0.315104 0.266667 0.036458 0.066667
0 0.260417 0.201852 0.035417 0.062963
0 0.490104 0.326852 0.751042 0.438889
0 0.491146 0.397222 0.032292 0.061111
0 0.193750 0.266667 0.050000 0.062963
0 0.352604 0.266667 0.034375 0.062963
0 0.552083 0.203704 0.033333 0.059259
0 0.198437 0.333333 0.061458 0.062963
0 0.278125 0.266667 0.033333 0.062963
0 0.320833 0.462963 0.045833 0.062963
0 0.188021 0.398148 0.044792 0.062963
