0 0.578889 0.110000 0.057778 0.073333
0 0.825000 0.113333 0.058889 0.073333
0 0.206667 0.106667 0.060000 0.073333
0 0.110556 0.032500 0.074444 0.061667
0 0.276667 0.185833 0.060000 0.075000
0 0.563333 0.267500 0.060000 0.078333
0 0.363889 0.034167 0.056667 0.065000
0 0.957222 0.151667 0.083333 0.153333
0 0.924444 0.270000 0.146667 0.080000
0 0.268333 0.106667 0.058889 0.073333
0 0.931111 0.038333 0.104444 0.073333
0 0.242222 0.265000 0.060000 0.076667
0 0.302222 0.034167 0.057778 0.065000
0 0.500000 0.350000 0.324444 0.083333
0 0.340556 0.185833 0.058889 0.075000
0 0.718889 0.189167 0.057778 0.075000
0 0.530000 0.186667 0.057778 0.073333
0 0.592778 0.187500 0.058889 0.075000
0 0.370000 0.265833 0.060000 0.078333
0 0.121111 0.183333 0.122222 0.080000
0 0.886667 0.112500 0.057778 0.071667
0 0.177778 0.265000 0.062222 0.076667
0 0.781111 0.190000 0.060000 0.073333
0 0.213889 0.185000 0.058889 0.073333
0 0.788333 0.037500 0.058889 0.071667
0 0.777222 0.352500 0.101111 0.078333
0 0.607778 0.035833 0.057778 0.068333
0 0.097222 0.264167 0.092222 0.078333
0 0.668333 0.036667 0.056667 0.070000
0 0.849444 0.037500 0.056667 0.071667
0 0.817778 0.270000 0.062222 0.076667
0 0.656111 0.188333 0.058889 0.073333
0 0.690556 0.268333 0.061111 0.076667
0 0.905556 0.191667 0.060000 0.073333
0 0.763889 0.112500 0.058889 0.071667
0 0.466667 0.186667 0.057778 0.073333
0 0.182222 0.034167 0.057778 0.065000
0 0.843889 0.190000 0.061111 0.073333
0 0.120000 0.105000 0.106667 0.073333
0 0.455000 0.108333 0.056667 0.073333
0 0.518889 0.233333 0.957778 0.456667
0 0.093889 0.350000 0.092222 0.080000
0 0.640556 0.110833 0.056667 0.071667
0 0.393333 0.108333 0.057778 0.073333
0 0.754444 0.269167 0.062222 0.075000
0 0.728889 0.036667 0.057778 0.070000
0 0.485556 0.035000 0.057778 0.066667
0 0.306111 0.265833 0.061111 0.078333
0 0.498333 0.266667 0.061111 0.076667
0 0.424444 0.035000 0.057778 0.066667
0 0.693889 0.352500 0.063333 0.078333
0 0.435000 0.267500 0.058889 0.078333
0 0.701667 0.111667 0.058889 0.073333
0 0.627222 0.267500 0.061111 0.078333
0 0.403889 0.185833 0.058889 0.075000
0 0.331111 0.108333 0.057778 0.073333
0 0.547222 0.035833 0.056667 0.068333
0 0.242222 0.034167 0.057778 0.065000
0 0.517222 0.109167 0.056667 0.075000
0 0.303333 0.350000 0.062222 0.080000
