0 0.658499 0.439286 0.041348 0.052041
0 0.721286 0.440816 0.076570 0.053061
0 0.771822 0.355102 0.061256 0.110204
0 0.679173 0.502041 0.078101 0.055102
0 0.370214 0.378061 0.040582 0.052041
0 0.545942 0.380612 0.039816 0.053061
0 0.390888 0.436224 0.040582 0.054082
0 0.237366 0.376020 0.041348 0.052041
0 0.623277 0.323980 0.039816 0.050000
0 0.210567 0.262755 0.039816 0.050000
0 0.524502 0.438265 0.041348 0.054082
0 0.590352 0.380612 0.039816 0.053061
0 0.360643 0.321429 0.041348 0.053061
0 0.501914 0.379592 0.039051 0.051020
0 0.281011 0.377041 0.041348 0.054082
0 0.301685 0.435204 0.041348 0.054082
0 0.568530 0.496939 0.042113 0.055102
0 0.435299 0.436735 0.042113 0.053061
0 0.297473 0.264286 0.040582 0.051020
0 0.496937 0.369388 0.744257 0.342857
0 0.612940 0.438776 0.040582 0.051020
0 0.160796 0.434184 0.053599 0.052041
0 0.175345 0.376020 0.075038 0.052041
0 0.480092 0.437245 0.041348 0.054082
0 0.173813 0.318878 0.062787 0.050000
0 0.434533 0.495408 0.221286 0.054082
0 0.428407 0.268367 0.040582 0.051020
0 0.414242 0.379082 0.039816 0.052041
0 0.689893 0.266837 0.038285 0.047959
0 0.557810 0.267347 0.039051 0.051020
0 0.492343 0.323980 0.039816 0.052041
0 0.579250 0.323980 0.039051 0.052041
0 0.568530 0.438265 0.040582 0.052041
0 0.341118 0.267347 0.040582 0.051020
0 0.166539 0.262245 0.039051 0.048980
0 0.256508 0.435204 0.041348 0.052041
0 0.211715 0.434184 0.042113 0.054082
0 0.725498 0.381122 0.040582 0.052041
0 0.299005 0.493878 0.042113 0.057143
0 0.645482 0.267347 0.039816 0.048980
0 0.157351 0.492347 0.055896 0.056122
0 0.635145 0.380612 0.040582 0.053061
0 0.229326 0.319388 0.042113 0.053061
0 0.405054 0.321939 0.039816 0.052041
0 0.316998 0.320408 0.041348 0.053061
0 0.273354 0.319898 0.041348 0.052041
0 0.756126 0.267347 0.084992 0.048980
0 0.346478 0.435204 0.042113 0.054082
0 0.668453 0.323980 0.039816 0.052041
0 0.471669 0.267347 0.039816 0.048980
0 0.535605 0.323469 0.039051 0.051020
0 0.386294 0.266327 0.040582 0.051020
0 0.601838 0.267347 0.039816 0.051020
0 0.448315 0.322959 0.039051 0.052041
0 0.253828 0.263776 0.040582 0.050000
0 0.325804 0.377551 0.040582 0.055102
0 0.680322 0.381633 0.042113 0.053061
0 0.514931 0.267857 0.039051 0.050000
0 0.458270 0.379592 0.040582 0.053061
0 0.712864 0.323980 0.039816 0.052041
