0 0.855042 0.686567 0.183473 0.074627
0 0.662465 0.508396 0.047619 0.065299
0 0.430672 0.427239 0.049020 0.067164
0 0.752801 0.595149 0.049020 0.070896
0 0.409664 0.596082 0.051821 0.072761
0 0.093838 0.685634 0.050420 0.072761
0 0.730392 0.509328 0.049020 0.067164
0 0.126751 0.508396 0.049020 0.065299
0 0.012605 0.782649 0.022409 0.072761
0 0.037815 0.426306 0.047619 0.065299
0 0.272409 0.594216 0.049020 0.072761
0 0.859244 0.424440 0.113445 0.061567
0 0.013305 0.426306 0.023810 0.065299
0 0.594538 0.508396 0.049020 0.065299
0 0.163165 0.684701 0.049020 0.074627
0 0.328431 0.507463 0.049020 0.067164
0 0.560224 0.426306 0.050420 0.065299
0 0.886555 0.555970 0.103641 0.164179
0 0.494398 0.427239 0.050420 0.067164
0 0.303221 0.685634 0.051821 0.076493
0 0.462185 0.508396 0.050420 0.069030
0 0.692577 0.426306 0.049020 0.065299
0 0.135854 0.594216 0.047619 0.069030
0 0.373249 0.685634 0.054622 0.080224
0 0.799020 0.508396 0.049020 0.069030
0 0.395658 0.509328 0.049020 0.070896
0 0.026611 0.685634 0.050420 0.076493
0 0.193978 0.508396 0.049020 0.069030
0 0.232493 0.684701 0.050420 0.074627
0 0.014006 0.689366 0.025210 0.076493
0 0.299020 0.427239 0.046218 0.063433
0 0.722689 0.686567 0.053221 0.074627
0 0.822129 0.596082 0.050420 0.069030
0 0.581933 0.685634 0.054622 0.076493
0 0.593137 0.781716 0.077031 0.082090
0 0.261204 0.508396 0.049020 0.065299
0 0.021709 0.509328 0.040616 0.067164
0 0.626751 0.427239 0.051821 0.067164
0 0.528711 0.508396 0.046218 0.065299
0 0.652661 0.686567 0.053221 0.074627
0 0.167367 0.426306 0.049020 0.065299
0 0.060924 0.507463 0.049020 0.067164
0 0.443277 0.686567 0.054622 0.078358
0 0.204482 0.594216 0.047619 0.069030
0 0.546218 0.596082 0.050420 0.072761
0 0.102241 0.427239 0.050420 0.067164
0 0.364846 0.426306 0.049020 0.065299
0 0.372549 0.782649 0.344538 0.080224
0 0.684174 0.595149 0.051821 0.070896
0 0.068627 0.594216 0.047619 0.069030
0 0.773109 0.783582 0.075630 0.082090
0 0.233193 0.425373 0.046218 0.063433
0 0.512605 0.686567 0.053221 0.082090
0 0.501401 0.604478 1.000000 0.559701
0 0.759104 0.424440 0.047619 0.061567
0 0.343838 0.596082 0.049020 0.072761
0 0.024510 0.595149 0.046218 0.067164
0 0.477591 0.595149 0.050420 0.074627
0 0.156162 0.779851 0.051821 0.074627
0 0.614846 0.596082 0.050420 0.072761
