0 0.455319 0.572306 0.059574 0.080340
0 0.332713 0.457467 0.059043 0.073724
0 0.883245 0.443289 0.156915 0.094518
0 0.150532 0.509452 0.082979 0.085066
0 0.525798 0.475898 0.062234 0.074669
0 0.785106 0.470699 0.068085 0.075614
0 0.617021 0.303875 0.062766 0.074669
0 0.404521 0.366257 0.057979 0.072779
0 0.513032 0.489130 0.975000 0.677694
0 0.221809 0.490548 0.060638 0.075614
0 0.177660 0.738658 0.095745 0.095463
0 0.814628 0.315690 0.063298 0.071834
0 0.497872 0.410208 0.056383 0.073724
0 0.285638 0.623819 0.057447 0.081285
0 0.564362 0.319943 0.061702 0.074669
0 0.458777 0.351134 0.057979 0.074669
0 0.764096 0.332231 0.063298 0.070888
0 0.567021 0.538280 0.063830 0.076560
0 0.470479 0.491021 0.061170 0.074669
0 0.719681 0.568526 0.071277 0.078450
0 0.161702 0.659735 0.074468 0.085066
0 0.846011 0.379490 0.067553 0.072779
0 0.794947 0.392722 0.064362 0.070888
0 0.296011 0.396975 0.059043 0.073724
0 0.278191 0.474480 0.056383 0.073724
0 0.388298 0.440926 0.057447 0.072779
0 0.552128 0.394612 0.060638 0.074669
0 0.359309 0.522684 0.057979 0.075614
0 0.246277 0.557656 0.057447 0.077505
0 0.688032 0.424858 0.061170 0.074669
0 0.742553 0.409263 0.060638 0.073724
0 0.730851 0.485822 0.062766 0.073724
0 0.580585 0.459357 0.061170 0.077505
0 0.849734 0.239603 0.110106 0.078450
0 0.669681 0.289698 0.062766 0.072779
0 0.722340 0.274102 0.061702 0.071834
0 0.622074 0.520794 0.062234 0.075614
0 0.511702 0.554348 0.064894 0.076560
0 0.676330 0.502836 0.062234 0.075614
0 0.350532 0.381380 0.056383 0.068998
0 0.634574 0.442344 0.060638 0.075614
0 0.342553 0.604915 0.056383 0.079395
0 0.781383 0.547732 0.084043 0.082231
0 0.186170 0.428639 0.054255 0.072779
0 0.552660 0.620038 0.292553 0.153119
0 0.303191 0.540643 0.058511 0.077505
0 0.375266 0.673913 0.078191 0.088847
0 0.128989 0.442344 0.054787 0.075614
0 0.710372 0.346881 0.061170 0.069943
0 0.241223 0.412571 0.055851 0.074669
0 0.443617 0.425331 0.058511 0.073724
0 0.657979 0.363422 0.061702 0.072779
0 0.227660 0.640832 0.058511 0.081285
0 0.400266 0.587429 0.061170 0.076560
0 0.772606 0.259452 0.059043 0.072779
0 0.605319 0.377599 0.056383 0.070888
0 0.160638 0.583176 0.087234 0.081285
0 0.894149 0.329868 0.102128 0.143667
0 0.415426 0.506616 0.059574 0.075614
0 0.511702 0.334121 0.058511 0.072779
