0 0.319940 0.761484 0.090278 0.106007
0 0.783234 0.345406 0.050595 0.079505
0 0.601687 0.542403 0.798611 0.604240
0 0.629464 0.064488 0.054563 0.075972
0 0.600694 0.368375 0.044643 0.075972
0 0.468254 0.078622 0.269841 0.097173
0 0.882440 0.571555 0.056548 0.079505
0 0.702877 0.513251 0.050595 0.083039
0 0.376984 0.651943 0.051587 0.095406
0 0.535714 0.454947 0.047619 0.079505
0 0.691468 0.357774 0.047619 0.075972
0 0.454365 0.551237 0.049603 0.088339
0 0.725694 0.429329 0.048611 0.074205
0 0.432540 0.643993 0.049603 0.093640
0 0.687996 0.602473 0.052579 0.088339
0 0.825893 0.340989 0.050595 0.074205
0 0.870040 0.335689 0.051587 0.074205
0 0.949901 0.561837 0.102183 0.088339
0 0.890377 0.487633 0.054563 0.077739
0 0.401786 0.559187 0.049603 0.090106
0 0.555556 0.534452 0.049603 0.083039
0 0.384921 0.474382 0.051587 0.083039
0 0.825397 0.672261 0.059524 0.090106
0 0.408234 0.392226 0.046627 0.081272
0 0.584325 0.447880 0.047619 0.079505
0 0.771825 0.424912 0.051587 0.075972
0 0.318452 0.483216 0.075397 0.086572
0 0.737599 0.595406 0.054563 0.088339
0 0.312500 0.662544 0.069444 0.098940
0 0.510913 0.727032 0.067460 0.100707
0 0.906250 0.405477 0.054563 0.075972
0 0.552579 0.375442 0.045635 0.075972
0 0.485119 0.634276 0.049603 0.091873
0 0.934028 0.328622 0.094246 0.074205
0 0.458333 0.386042 0.045635 0.079505
0 0.504464 0.543286 0.048611 0.086572
0 0.647321 0.363074 0.046627 0.079505
0 0.673611 0.699647 0.257937 0.116608
0 0.588790 0.618375 0.048611 0.091873
0 0.783234 0.050353 0.054563 0.075972
0 0.631448 0.441696 0.048611 0.077739
0 0.844246 0.493816 0.053571 0.079505
0 0.934028 0.479682 0.056548 0.079505
0 0.863095 0.412544 0.053571 0.075972
0 0.680060 0.436396 0.048611 0.077739
0 0.300595 0.075972 0.059524 0.077739
0 0.326885 0.568021 0.092262 0.093640
0 0.797123 0.499117 0.052579 0.079505
0 0.505952 0.379859 0.045635 0.077739
0 0.358135 0.398410 0.047619 0.079505
0 0.182540 0.083039 0.061508 0.081272
0 0.750000 0.507951 0.051587 0.083039
0 0.833829 0.580389 0.054563 0.083039
0 0.305556 0.401943 0.047619 0.075972
0 0.487599 0.462014 0.046627 0.083039
0 0.880456 0.664311 0.070437 0.091873
0 0.436508 0.470848 0.047619 0.083039
0 0.653770 0.521201 0.051587 0.081272
0 0.786706 0.586572 0.055556 0.088339
0 0.605159 0.527385 0.049603 0.083039
0 0.637897 0.609541 0.053571 0.088339
0 0.968750 0.435512 0.064484 0.157244
0 0.737103 0.352473 0.049603 0.075972
0 0.537698 0.626325 0.051587 0.090106
0 0.817460 0.419611 0.051587 0.075972
