0 0.451042 0.569907 0.058333 0.078704
0 0.330990 0.457407 0.057813 0.072222
0 0.870052 0.443519 0.153646 0.092593
0 0.152604 0.508333 0.081250 0.083333
0 0.520052 0.475463 0.060937 0.073148
0 0.773958 0.470370 0.066667 0.074074
0 0.609375 0.306944 0.061458 0.073148
0 0.401302 0.368056 0.056771 0.071296
0 0.508594 0.488426 0.956771 0.663889
0 0.222396 0.489815 0.059375 0.074074
0 0.179167 0.732870 0.093750 0.093519
0 0.802865 0.318519 0.061979 0.070370
0 0.492708 0.411111 0.055208 0.072222
0 0.284896 0.620370 0.056250 0.079630
0 0.557813 0.322685 0.060417 0.073148
0 0.454427 0.353241 0.056771 0.073148
0 0.753385 0.334722 0.061979 0.069444
0 0.560417 0.536574 0.062500 0.075000
0 0.465885 0.490278 0.059896 0.073148
0 0.709896 0.566204 0.069792 0.076852
0 0.163542 0.655556 0.072917 0.083333
0 0.833594 0.381019 0.066146 0.071296
0 0.783594 0.393981 0.063021 0.069444
0 0.295052 0.398148 0.057813 0.072222
0 0.277604 0.474074 0.055208 0.072222
0 0.385417 0.441204 0.056250 0.071296
0 0.545833 0.395833 0.059375 0.073148
0 0.357031 0.521296 0.056771 0.074074
0 0.246354 0.555556 0.056250 0.075926
0 0.678906 0.425463 0.059896 0.073148
0 0.732292 0.410185 0.059375 0.072222
0 0.720833 0.485185 0.061458 0.072222
0 0.573698 0.459259 0.059896 0.075926
0 0.837240 0.243981 0.107813 0.076852
0 0.660937 0.293056 0.061458 0.071296
0 0.712500 0.277778 0.060417 0.070370
0 0.614323 0.519444 0.060937 0.074074
0 0.506250 0.552315 0.063542 0.075000
0 0.667448 0.501852 0.060937 0.074074
0 0.348438 0.382870 0.055208 0.067593
0 0.626563 0.442593 0.059375 0.074074
0 0.340625 0.601852 0.055208 0.077778
0 0.770312 0.545833 0.082292 0.080556
0 0.187500 0.429167 0.053125 0.071296
0 0.546354 0.616667 0.286458 0.150000
0 0.302083 0.538889 0.057292 0.075926
0 0.372656 0.669444 0.076563 0.087037
0 0.131510 0.442593 0.053646 0.074074
0 0.700781 0.349074 0.059896 0.068519
0 0.241406 0.413426 0.054688 0.073148
0 0.439583 0.425926 0.057292 0.072222
0 0.649479 0.365278 0.060417 0.071296
0 0.228125 0.637037 0.057292 0.079630
0 0.397135 0.584722 0.059896 0.075000
0 0.761719 0.263426 0.057813 0.071296
0 0.597917 0.379167 0.055208 0.069444
0 0.162500 0.580556 0.085417 0.079630
0 0.880729 0.332407 0.100000 0.140741
0 0.411979 0.505556 0.058333 0.074074
0 0.506250 0.336574 0.057292 0.071296
