0 0.979575 0.859681 0.042484 0.175245
0 0.487745 0.805760 0.150327 0.187500
0 0.272467 0.548407 0.128268 0.158088
0 0.546977 0.226103 0.115196 0.148284
0 0.962827 0.533701 0.075980 0.158088
0 0.583742 0.681985 0.125000 0.160539
0 0.770016 0.604779 0.121732 0.160539
0 0.213644 0.378676 0.174020 0.178922
0 0.774510 0.452206 0.114379 0.149510
0 0.769199 0.881127 0.463235 0.240196
0 0.667075 0.560662 0.121732 0.160539
0 0.948938 0.381127 0.103758 0.154412
0 0.690768 0.724877 0.125000 0.160539
0 0.879493 0.494485 0.118464 0.148284
0 0.480801 0.637868 0.128268 0.158088
0 0.963644 0.690564 0.074346 0.160539
0 0.561683 0.520833 0.123366 0.159314
0 0.251634 0.111520 0.114379 0.137255
0 0.645016 0.264093 0.115196 0.140931
0 0.800245 0.766544 0.121732 0.167892
0 0.458333 0.479167 0.114379 0.149510
0 0.376225 0.597426 0.128268 0.158088
0 0.466912 0.335172 0.118464 0.148284
0 0.850082 0.341299 0.115196 0.140931
0 0.667075 0.413603 0.118464 0.148284
0 0.244690 0.251838 0.167484 0.165441
0 0.743873 0.300858 0.115196 0.140931
0 0.162173 0.512255 0.149510 0.169118
0 0.908905 0.813113 0.121732 0.167892
0 0.358660 0.438725 0.114379 0.149510
0 0.877859 0.645221 0.121732 0.160539
0 0.137255 0.655025 0.183007 0.197304
0 0.449346 0.191176 0.114379 0.137255
0 0.569036 0.380515 0.118464 0.148284
0 0.367239 0.299632 0.118464 0.148284
0 0.353758 0.149510 0.114379 0.137255
