0 0.768229 0.573148 0.101042 0.142593
0 0.221875 0.911111 0.150000 0.177778
0 0.158854 0.450926 0.105208 0.124074
0 0.470313 0.578704 0.101042 0.142593
0 0.128646 0.337037 0.094792 0.107407
0 0.843229 0.718519 0.130208 0.159259
0 0.418229 0.733333 0.103125 0.162963
0 0.736458 0.725926 0.114583 0.162963
0 0.525521 0.725926 0.103125 0.162963
0 0.310417 0.332407 0.083333 0.109259
0 0.167708 0.586111 0.112500 0.135185
0 0.664583 0.326852 0.085417 0.109259
0 0.309896 0.735185 0.113542 0.166667
0 0.045312 0.337037 0.088542 0.111111
0 0.940625 0.712963 0.118750 0.159259
0 0.570312 0.575000 0.101042 0.142593
0 0.444792 0.446296 0.083333 0.125926
0 0.925000 0.894444 0.131250 0.196296
0 0.597396 0.905556 0.594792 0.181481
0 0.369792 0.583333 0.108333 0.140741
0 0.922917 0.324074 0.100000 0.111111
0 0.539583 0.446296 0.089583 0.125926
0 0.632812 0.442593 0.098958 0.125926
0 0.952083 0.567593 0.093750 0.142593
0 0.863021 0.567593 0.101042 0.142593
0 0.489583 0.330556 0.087500 0.112963
0 0.968750 0.443519 0.062500 0.120370
0 0.398958 0.331481 0.085417 0.111111
0 0.668229 0.573148 0.101042 0.142593
0 0.089063 0.738889 0.128125 0.166667
0 0.065625 0.593519 0.112500 0.135185
0 0.581250 0.328704 0.085417 0.109259
0 0.203646 0.737037 0.113542 0.166667
0 0.754687 0.325926 0.101042 0.111111
0 0.818229 0.439815 0.113542 0.120370
0 0.218750 0.333333 0.095833 0.111111
0 0.633333 0.725926 0.114583 0.162963
0 0.909896 0.443519 0.098958 0.131481
0 0.061458 0.454630 0.120833 0.131481
0 0.266667 0.581481 0.108333 0.140741
0 0.842708 0.328704 0.085417 0.109259
0 0.253646 0.450926 0.098958 0.131481
0 0.353646 0.450926 0.098958 0.131481
0 0.728646 0.443519 0.098958 0.131481
