0 0.534331 0.908971 0.161972 0.184697
0 0.302377 0.640501 0.138204 0.170185
0 0.598151 0.293536 0.124120 0.159631
0 0.637764 0.784301 0.134683 0.172823
0 0.838468 0.701187 0.131162 0.172823
0 0.238996 0.457784 0.187500 0.192612
0 0.843310 0.536939 0.123239 0.160950
0 0.794454 0.935356 0.412852 0.131926
0 0.727553 0.653694 0.131162 0.172823
0 0.988116 0.460422 0.025528 0.166227
0 0.753081 0.830475 0.134683 0.172823
0 0.946743 0.582454 0.108275 0.159631
0 0.526849 0.736807 0.138204 0.170185
0 0.613996 0.610818 0.132923 0.171504
0 0.279930 0.170185 0.123239 0.147757
0 0.703785 0.334433 0.124120 0.151715
0 0.871039 0.875330 0.131162 0.180739
0 0.502641 0.565963 0.123239 0.160950
0 0.414173 0.693272 0.138204 0.170185
0 0.511884 0.410950 0.127641 0.159631
0 0.924736 0.417546 0.124120 0.151715
0 0.727553 0.495383 0.127641 0.159631
0 0.272447 0.321240 0.180458 0.178100
0 0.810299 0.374011 0.124120 0.151715
0 0.183539 0.601583 0.161092 0.182058
0 0.961708 0.918206 0.078345 0.166227
0 0.395246 0.522427 0.123239 0.160950
0 0.944982 0.744723 0.111796 0.172823
0 0.156690 0.755277 0.197183 0.212401
0 0.492958 0.255937 0.123239 0.147757
0 0.621919 0.459763 0.127641 0.159631
0 0.404489 0.372691 0.127641 0.159631
0 0.389965 0.211082 0.123239 0.147757
