0 0.202004 0.687903 0.030591 0.046774
0 0.290084 0.517742 0.031646 0.045161
0 0.079114 0.542742 0.029536 0.043548
0 0.358122 0.617742 0.030591 0.045161
0 0.133439 0.588710 0.030591 0.045161
0 0.146097 0.641935 0.030591 0.045161
0 0.379219 0.670161 0.030591 0.046774
0 0.489979 0.550806 0.030591 0.046774
0 0.450422 0.662903 0.031646 0.045161
0 0.382384 0.561290 0.030591 0.045161
0 0.274789 0.572581 0.030591 0.045161
0 0.236814 0.684677 0.030591 0.046774
0 0.272679 0.680645 0.032700 0.045161
0 0.111287 0.643548 0.030591 0.045161
0 0.181435 0.636290 0.029536 0.046774
0 0.469409 0.499194 0.031646 0.046774
0 0.204114 0.581452 0.030591 0.046774
0 0.061709 0.702419 0.041139 0.046774
0 0.322785 0.620968 0.029536 0.045161
0 0.045359 0.545161 0.029536 0.045161
0 0.215717 0.633871 0.030591 0.045161
0 0.254747 0.523387 0.030591 0.046774
0 0.167194 0.691935 0.030591 0.045161
0 0.132911 0.695968 0.029536 0.046774
0 0.346519 0.565323 0.030591 0.046774
0 0.396624 0.505645 0.031646 0.046774
0 0.393987 0.614516 0.030591 0.048387
0 0.098629 0.698387 0.030591 0.045161
0 0.418249 0.558065 0.030591 0.045161
0 0.147679 0.535484 0.031646 0.045161
0 0.438819 0.591129 0.835443 0.408065
0 0.183017 0.530645 0.030591 0.045161
0 0.307489 0.678226 0.032700 0.046774
0 0.361287 0.510484 0.030591 0.046774
0 0.414557 0.666129 0.031646 0.045161
0 0.169304 0.584677 0.030591 0.046774
0 0.251582 0.629032 0.030591 0.045161
0 0.429852 0.610484 0.030591 0.046774
0 0.433017 0.502419 0.030591 0.046774
0 0.218882 0.526613 0.030591 0.043548
0 0.287447 0.625000 0.030591 0.046774
0 0.454114 0.554032 0.030591 0.046774
0 0.064873 0.650806 0.055907 0.050000
0 0.343354 0.673387 0.030591 0.046774
0 0.510021 0.659677 0.079114 0.051613
0 0.099684 0.591935 0.030591 0.045161
0 0.514768 0.494355 0.050633 0.046774
0 0.527954 0.574194 0.034810 0.106452
0 0.239979 0.577419 0.030591 0.045161
0 0.113397 0.538710 0.030591 0.045161
0 0.293776 0.737903 0.209916 0.069355
0 0.327004 0.514516 0.031646 0.048387
0 0.057489 0.597581 0.051688 0.050000
0 0.466245 0.608065 0.033755 0.048387
0 0.115506 0.753226 0.041139 0.054839
0 0.311709 0.569355 0.032700 0.045161
0 0.477848 0.719355 0.042194 0.058065
0 0.502110 0.604839 0.033755 0.048387
0 0.527954 0.716935 0.053797 0.059677
0 0.069093 0.757258 0.049578 0.056452
