0 0.527510 0.362089 0.068776 0.092723
0 0.793673 0.414319 0.071527 0.096244
0 0.350757 0.453638 0.068776 0.097418
0 0.584938 0.331573 0.066713 0.092723
0 0.052613 0.515258 0.066713 0.103286
0 0.417125 0.325704 0.069464 0.097418
0 0.201169 0.633803 0.072215 0.110329
0 0.357978 0.356221 0.070839 0.097418
0 0.448418 0.500000 0.070151 0.100939
0 0.409904 0.423122 0.068776 0.097418
0 0.680536 0.475352 0.070839 0.096244
0 0.640990 0.302230 0.067400 0.095070
0 0.115887 0.480634 0.066713 0.099765
0 0.442572 0.607981 0.074966 0.103286
0 0.265131 0.598005 0.072215 0.106808
0 0.289890 0.486502 0.070839 0.099765
0 0.643398 0.210094 0.065337 0.086854
0 0.508253 0.469484 0.071527 0.096244
0 0.736933 0.345657 0.068088 0.092723
0 0.197730 0.863263 0.077717 0.127934
0 0.531981 0.268192 0.069464 0.090376
0 0.817056 0.125587 0.089409 0.093897
0 0.567744 0.436033 0.069464 0.099765
0 0.238996 0.417254 0.068088 0.097418
0 0.177785 0.448944 0.066713 0.099765
0 0.525791 0.681338 0.308803 0.257042
0 0.503439 0.573357 0.074278 0.102113
0 0.254127 0.710681 0.072215 0.106808
0 0.682256 0.376761 0.068776 0.093897
0 0.697387 0.183685 0.066025 0.085681
0 0.264443 0.828052 0.077717 0.127934
0 0.588033 0.238850 0.066025 0.092723
0 0.111417 0.686620 0.122421 0.140845
0 0.792985 0.316315 0.070151 0.090376
0 0.866919 0.279930 0.113480 0.111502
0 0.695667 0.273474 0.068088 0.089202
0 0.387895 0.532277 0.070151 0.102113
0 0.882737 0.367958 0.139615 0.125587
0 0.857634 0.190141 0.067400 0.084507
0 0.562930 0.538146 0.073590 0.102113
0 0.165406 0.550469 0.073590 0.105634
0 0.469395 0.390845 0.070839 0.096244
0 0.500688 0.501174 1.000000 1.000000
0 0.299519 0.386737 0.068088 0.095070
0 0.750688 0.156690 0.063961 0.085681
0 0.474897 0.296948 0.065337 0.089202
0 0.621733 0.505869 0.072902 0.100939
0 0.751376 0.246479 0.066713 0.089202
0 0.084594 0.599765 0.101788 0.124413
0 0.317400 0.676643 0.072215 0.106808
0 0.146836 0.774061 0.160248 0.163146
0 0.229023 0.518192 0.070151 0.102113
0 0.327029 0.565141 0.070839 0.109155
0 0.804333 0.217723 0.068088 0.088028
0 0.381362 0.641432 0.074966 0.106808
0 0.737276 0.444836 0.071527 0.093897
0 0.776479 0.529930 0.077029 0.113850
0 0.623796 0.404930 0.068776 0.098592
