0 0.092520 0.352632 0.040682 0.078947
0 0.349081 0.530263 0.039370 0.081579
0 0.024278 0.440789 0.045932 0.081579
0 0.587927 0.619737 0.118110 0.081579
0 0.215223 0.530263 0.039370 0.081579
0 0.082021 0.530263 0.040682 0.081579
0 0.137139 0.352632 0.040682 0.078947
0 0.304462 0.530263 0.039370 0.081579
0 0.238189 0.619737 0.040682 0.081579
0 0.115486 0.440789 0.039370 0.081579
0 0.438320 0.530263 0.039370 0.081579
0 0.072178 0.711842 0.041995 0.081579
0 0.515748 0.440789 0.039370 0.081579
0 0.181102 0.352632 0.039370 0.078947
0 0.070866 0.440789 0.041995 0.081579
0 0.527559 0.530263 0.039370 0.081579
0 0.170604 0.530263 0.039370 0.081579
0 0.193570 0.621053 0.040682 0.078947
0 0.393045 0.530263 0.040682 0.081579
0 0.024934 0.713158 0.047244 0.084211
0 0.148950 0.619737 0.040682 0.081579
0 0.204068 0.440789 0.040682 0.081579
0 0.616798 0.446053 0.062992 0.081579
0 0.225722 0.352632 0.039370 0.078947
0 0.404856 0.352632 0.040682 0.078947
0 0.449475 0.352632 0.040682 0.078947
0 0.505249 0.710526 0.041995 0.084211
0 0.471785 0.440789 0.038058 0.081579
0 0.248031 0.440789 0.039370 0.081579
0 0.426509 0.440789 0.039370 0.081579
0 0.494094 0.352632 0.040682 0.078947
0 0.049213 0.352632 0.040682 0.078947
0 0.270341 0.352632 0.039370 0.078947
0 0.125984 0.530263 0.039370 0.081579
0 0.337270 0.440789 0.039370 0.081579
0 0.104331 0.619737 0.040682 0.081579
0 0.504593 0.621053 0.040682 0.078947
0 0.381890 0.440789 0.039370 0.081579
0 0.482940 0.530263 0.039370 0.081579
0 0.288058 0.710526 0.279528 0.084211
0 0.359580 0.352632 0.039370 0.078947
0 0.259843 0.530263 0.039370 0.081579
0 0.538714 0.351316 0.038058 0.076316
0 0.416010 0.621053 0.039370 0.078947
0 0.012467 0.352632 0.022310 0.078947
0 0.460630 0.621053 0.039370 0.078947
0 0.599081 0.530263 0.095801 0.081579
0 0.501312 0.481579 1.000000 0.642105
0 0.371391 0.619737 0.039370 0.081579
0 0.617454 0.711842 0.066929 0.081579
0 0.028871 0.531579 0.055118 0.078947
0 0.159449 0.440789 0.040682 0.081579
0 0.292651 0.442105 0.039370 0.078947
0 0.281496 0.619737 0.040682 0.081579
0 0.604987 0.352632 0.083990 0.078947
0 0.326115 0.621053 0.040682 0.078947
0 0.560367 0.440789 0.039370 0.081579
0 0.040682 0.618421 0.078740 0.084211
0 0.314961 0.352632 0.039370 0.078947
