0 0.198529 0.579545 0.037926 0.128788
0 0.145124 0.439394 0.037926 0.126263
0 0.529025 0.440657 0.037926 0.123737
0 0.500000 0.502525 0.998452 0.989899
0 0.326625 0.579545 0.038700 0.128788
0 0.209365 0.303030 0.037926 0.126263
0 0.486842 0.440657 0.037152 0.123737
0 0.273220 0.439394 0.038700 0.126263
0 0.411765 0.579545 0.038700 0.128788
0 0.476393 0.719697 0.037926 0.121212
0 0.433437 0.719697 0.038700 0.126263
0 0.369195 0.579545 0.038700 0.128788
0 0.518963 0.720960 0.039474 0.123737
0 0.598297 0.719697 0.114551 0.126263
0 0.054567 0.580808 0.070433 0.126263
0 0.518963 0.861111 0.041022 0.131313
0 0.166022 0.303030 0.039474 0.126263
0 0.337074 0.301768 0.037926 0.123737
0 0.283669 0.580808 0.037926 0.126263
0 0.051084 0.861111 0.060372 0.131313
0 0.614551 0.300505 0.082043 0.126263
0 0.102554 0.440657 0.039474 0.128788
0 0.082043 0.303030 0.038700 0.126263
0 0.262771 0.719697 0.039474 0.126263
0 0.572368 0.439394 0.037926 0.126263
0 0.049536 0.441919 0.060372 0.126263
0 0.401316 0.439394 0.037926 0.126263
0 0.380418 0.301768 0.037926 0.123737
0 0.311920 0.859848 0.266254 0.133838
0 0.065789 0.718434 0.089783 0.128788
0 0.124226 0.303030 0.039474 0.126263
0 0.497678 0.579545 0.038700 0.128788
0 0.609520 0.580808 0.092105 0.126263
0 0.454334 0.579545 0.038700 0.128788
0 0.187693 0.443182 0.039474 0.128788
0 0.251548 0.303030 0.038700 0.126263
0 0.230263 0.440657 0.037926 0.128788
0 0.134675 0.719697 0.038700 0.126263
0 0.177245 0.719697 0.038700 0.126263
0 0.465557 0.300505 0.039474 0.126263
0 0.443885 0.441919 0.037926 0.126263
0 0.551084 0.299242 0.037152 0.123737
0 0.103715 0.861111 0.038700 0.126263
0 0.626161 0.440657 0.060372 0.128788
0 0.626548 0.859848 0.065789 0.128788
0 0.507740 0.301768 0.038700 0.123737
0 0.155960 0.580808 0.037926 0.126263
0 0.390480 0.719697 0.039474 0.126263
0 0.347910 0.719697 0.039474 0.126263
0 0.304954 0.719697 0.038700 0.126263
0 0.540248 0.579545 0.038700 0.128788
0 0.113777 0.579545 0.038700 0.128788
0 0.422601 0.301768 0.038700 0.128788
0 0.294892 0.303030 0.038700 0.126263
0 0.315789 0.440657 0.038700 0.128788
0 0.241099 0.580808 0.037926 0.126263
0 0.039087 0.301768 0.037926 0.123737
0 0.358359 0.440657 0.038700 0.128788
0 0.219814 0.720960 0.040248 0.128788
