0 0.203855 0.369159 0.068925 0.087227
0 0.300818 0.461838 0.068925 0.088785
0 0.391355 0.269470 0.067757 0.084112
0 0.463785 0.266355 0.065421 0.084112
0 0.087617 0.278037 0.070093 0.085670
0 0.490654 0.548287 0.067757 0.087227
0 0.852220 0.346573 0.061916 0.082555
0 0.265771 0.564642 0.068925 0.088785
0 0.280958 0.366822 0.068925 0.088785
0 0.573598 0.356698 0.063084 0.084112
0 0.643692 0.352025 0.063084 0.084112
0 0.796145 0.632399 0.066589 0.102804
0 0.355724 0.364486 0.066589 0.084112
0 0.141355 0.676791 0.093458 0.107477
0 0.917640 0.340343 0.059579 0.082555
0 0.563084 0.545171 0.067757 0.087227
0 0.416472 0.550623 0.068925 0.088785
0 0.783879 0.348131 0.063084 0.082555
0 0.976636 0.383956 0.049065 0.172897
0 0.045561 0.689252 0.088785 0.119938
0 0.052570 0.475078 0.102804 0.090343
0 0.735397 0.440810 0.064252 0.084112
0 0.675818 0.259346 0.064252 0.082555
0 0.594042 0.447040 0.061916 0.084112
0 0.522780 0.449377 0.066589 0.085670
0 0.939252 0.429907 0.060748 0.084112
0 0.773364 0.530374 0.063084 0.082555
0 0.881425 0.251558 0.059579 0.079439
0 0.501752 0.358255 0.064252 0.084112
0 0.664720 0.442368 0.063084 0.084112
0 0.022196 0.279595 0.042056 0.082555
0 0.813668 0.253894 0.061916 0.080997
0 0.842290 0.527259 0.063084 0.082555
0 0.164136 0.274922 0.068925 0.085670
0 0.317173 0.269470 0.066589 0.084112
0 0.430491 0.360592 0.064252 0.085670
0 0.126752 0.372274 0.071262 0.090343
0 0.488902 0.652648 0.363318 0.118380
0 0.633762 0.541277 0.066589 0.088785
0 0.110397 0.570872 0.071262 0.088785
0 0.606893 0.264019 0.064252 0.082555
0 0.959112 0.250779 0.084112 0.080997
0 0.188668 0.569315 0.068925 0.088785
0 0.450935 0.454050 0.065421 0.085670
0 0.033879 0.576324 0.065421 0.090343
0 0.703855 0.535047 0.064252 0.085670
0 0.804907 0.437695 0.063084 0.084112
0 0.872664 0.433022 0.060748 0.084112
0 0.042640 0.376947 0.082944 0.087227
0 0.713201 0.349688 0.064252 0.082555
0 0.146612 0.469626 0.071262 0.088785
0 0.224299 0.465732 0.070093 0.087227
0 0.501168 0.451713 1.000000 0.644860
0 0.939836 0.521028 0.122664 0.088785
0 0.536215 0.264019 0.063084 0.082555
0 0.341706 0.556854 0.068925 0.088785
0 0.241238 0.272586 0.068925 0.087227
0 0.377336 0.457165 0.067757 0.085670
0 0.745327 0.256231 0.063084 0.082555
