0 0.171109 0.341880 0.035181 0.045584
0 0.210554 0.341880 0.035181 0.045584
0 0.556503 0.343305 0.034115 0.045584
0 0.333689 0.680199 0.036247 0.049858
0 0.094883 0.903134 0.059701 0.059829
0 0.155650 0.549145 0.049041 0.055556
0 0.590618 0.490741 0.081023 0.044160
0 0.151386 0.391026 0.036247 0.044160
0 0.442431 0.346866 0.034115 0.044160
0 0.394456 0.730769 0.036247 0.048433
0 0.160448 0.442308 0.035181 0.047009
0 0.495203 0.680199 0.035181 0.047009
0 0.179104 0.842593 0.038380 0.047009
0 0.336887 0.491453 0.036247 0.045584
0 0.102345 0.790598 0.066098 0.048433
0 0.200426 0.788462 0.036247 0.049858
0 0.293177 0.682336 0.036247 0.048433
0 0.090085 0.684473 0.035181 0.047009
0 0.130597 0.683761 0.037313 0.048433
0 0.189765 0.391738 0.036247 0.045584
0 0.603945 0.781339 0.035181 0.047009
0 0.513859 0.728632 0.034115 0.047009
0 0.396055 0.444444 0.035181 0.045584
0 0.297441 0.491453 0.036247 0.045584
0 0.626866 0.893162 0.059701 0.056980
0 0.623134 0.675926 0.054371 0.047009
0 0.272921 0.733618 0.036247 0.048433
0 0.361407 0.896011 0.238806 0.059829
0 0.101279 0.391738 0.055437 0.045584
0 0.288380 0.341880 0.035181 0.045584
0 0.538913 0.394587 0.035181 0.045584
0 0.375267 0.491453 0.036247 0.045584
0 0.383795 0.837607 0.036247 0.048433
0 0.149254 0.735043 0.038380 0.048433
0 0.413646 0.491453 0.036247 0.045584
0 0.158849 0.789174 0.038380 0.048433
0 0.544243 0.836182 0.035181 0.045584
0 0.262260 0.840456 0.036247 0.048433
0 0.354478 0.547721 0.231343 0.055556
0 0.517591 0.772792 0.922175 0.346154
0 0.250000 0.344729 0.035181 0.045584
0 0.229744 0.391738 0.035181 0.045584
0 0.345949 0.391738 0.035181 0.045584
0 0.278252 0.441595 0.034115 0.045584
0 0.220682 0.841880 0.036247 0.048433
0 0.603945 0.342593 0.052239 0.044160
0 0.605544 0.545584 0.055437 0.054131
0 0.584755 0.441595 0.035181 0.045584
0 0.211620 0.683761 0.037313 0.048433
0 0.576226 0.396011 0.035181 0.045584
0 0.481876 0.345442 0.034115 0.044160
0 0.132729 0.343305 0.035181 0.045584
0 0.180171 0.492877 0.036247 0.045584
0 0.171642 0.682336 0.036247 0.045584
0 0.327292 0.344017 0.036247 0.047009
0 0.553838 0.728632 0.035181 0.047009
0 0.384861 0.391738 0.036247 0.045584
0 0.524520 0.782051 0.034115 0.048433
0 0.534648 0.680199 0.035181 0.044160
0 0.474414 0.729345 0.034115 0.048433
0 0.484542 0.782051 0.035181 0.048433
0 0.138593 0.843305 0.038380 0.048433
0 0.097548 0.737892 0.056503 0.048433
0 0.405117 0.346866 0.034115 0.044160
0 0.105544 0.441595 0.063966 0.045584
0 0.464286 0.836895 0.035181 0.047009
0 0.613539 0.415954 0.035181 0.094017
0 0.353945 0.732194 0.036247 0.048433
0 0.433369 0.444444 0.035181 0.045584
0 0.570896 0.893162 0.050107 0.056980
0 0.573028 0.676638 0.035181 0.045584
0 0.312900 0.732194 0.035181 0.048433
0 0.454691 0.678775 0.035181 0.047009
0 0.552772 0.547721 0.045842 0.052707
0 0.307036 0.391738 0.034115 0.045584
0 0.610341 0.834046 0.086354 0.047009
0 0.452026 0.491453 0.034115 0.045584
0 0.434435 0.729345 0.035181 0.048433
0 0.546375 0.441595 0.035181 0.045584
0 0.463220 0.394587 0.035181 0.045584
0 0.282516 0.787749 0.036247 0.048433
0 0.355544 0.441595 0.035181 0.045584
0 0.471748 0.444444 0.035181 0.045584
0 0.414712 0.678063 0.036247 0.045584
0 0.423774 0.836182 0.035181 0.048433
0 0.152452 0.900997 0.049041 0.058405
0 0.503198 0.431624 0.880597 0.319088
0 0.302772 0.839031 0.036247 0.048433
0 0.489872 0.491453 0.035181 0.045584
0 0.504264 0.836182 0.034115 0.045584
0 0.374200 0.678775 0.036247 0.047009
0 0.252665 0.682336 0.036247 0.048433
0 0.258529 0.491453 0.035181 0.045584
0 0.268657 0.391738 0.034115 0.045584
0 0.238806 0.442308 0.034115 0.047009
0 0.095416 0.493590 0.045842 0.047009
0 0.091684 0.341168 0.034115 0.044160
0 0.593817 0.727920 0.034115 0.045584
0 0.364072 0.785613 0.035181 0.047009
0 0.140725 0.492877 0.036247 0.045584
0 0.231876 0.733618 0.037313 0.048433
0 0.242004 0.787749 0.036247 0.048433
0 0.317164 0.441595 0.035181 0.045584
0 0.564499 0.782051 0.035181 0.048433
0 0.444030 0.783476 0.035181 0.048433
0 0.519190 0.345442 0.034115 0.044160
0 0.323561 0.785613 0.035181 0.047009
0 0.633795 0.752849 0.035181 0.101140
0 0.424840 0.396011 0.035181 0.045584
0 0.190832 0.735043 0.038380 0.048433
0 0.099680 0.548433 0.056503 0.056980
0 0.199360 0.442308 0.034115 0.047009
0 0.090618 0.844729 0.046908 0.045584
0 0.343284 0.838319 0.036247 0.047009
0 0.366738 0.345442 0.034115 0.044160
0 0.404584 0.783476 0.035181 0.048433
0 0.219083 0.492877 0.035181 0.045584
