0 0.709071 0.455446 0.050885 0.103960
0 0.690265 0.347772 0.048673 0.096535
0 0.584071 0.351485 0.046460 0.094059
0 0.084071 0.257426 0.048673 0.089109
0 0.599558 0.456683 0.048673 0.101485
0 0.545907 0.459158 0.047566 0.101485
0 0.503872 0.251238 0.045354 0.091584
0 0.273783 0.465347 0.049779 0.099010
0 0.372235 0.355198 0.047566 0.096535
0 0.184181 0.579208 0.051991 0.103960
0 0.438053 0.460396 0.046460 0.099010
0 0.349558 0.702970 0.283186 0.133663
0 0.607854 0.247525 0.045354 0.089109
0 0.107854 0.467822 0.051991 0.103960
0 0.654867 0.456683 0.050885 0.101485
0 0.425332 0.353960 0.047566 0.094059
0 0.452434 0.252475 0.046460 0.089109
0 0.318584 0.353960 0.048673 0.094059
0 0.530973 0.352723 0.046460 0.096535
0 0.725111 0.245050 0.074115 0.089109
0 0.478429 0.353960 0.045354 0.094059
0 0.400442 0.252475 0.046460 0.089109
0 0.347898 0.253713 0.047566 0.091584
0 0.155973 0.357673 0.048673 0.096535
0 0.555863 0.248762 0.045354 0.091584
0 0.491704 0.460396 0.047566 0.099010
0 0.032080 0.261139 0.053097 0.096535
0 0.102876 0.357673 0.050885 0.096535
0 0.037611 0.360149 0.073009 0.096535
0 0.719580 0.565594 0.118363 0.106436
0 0.747788 0.402228 0.057522 0.210396
0 0.023230 0.584158 0.044248 0.108911
0 0.298119 0.575495 0.051991 0.106436
0 0.039823 0.469059 0.077434 0.101485
0 0.294801 0.253713 0.047566 0.091584
0 0.163164 0.466584 0.049779 0.101485
0 0.659292 0.246287 0.046460 0.091584
0 0.464602 0.571782 0.050885 0.103960
0 0.128872 0.579208 0.051991 0.103960
0 0.050332 0.716584 0.056416 0.131188
0 0.409845 0.571782 0.049779 0.103960
0 0.264381 0.355198 0.048673 0.096535
0 0.189159 0.254950 0.048673 0.089109
0 0.575221 0.568069 0.048673 0.101485
0 0.241704 0.577970 0.051991 0.106436
0 0.402655 0.430693 0.803097 0.772277
0 0.354535 0.574257 0.049779 0.103960
0 0.073009 0.581683 0.053097 0.103960
0 0.209624 0.357673 0.049779 0.096535
0 0.629425 0.569307 0.050885 0.099010
0 0.109513 0.714109 0.055310 0.131188
0 0.591814 0.698020 0.055310 0.128713
0 0.136062 0.254950 0.048673 0.089109
0 0.329093 0.464109 0.049779 0.101485
0 0.383850 0.461634 0.048673 0.096535
0 0.218473 0.466584 0.049779 0.101485
0 0.241704 0.253713 0.047566 0.091584
0 0.637168 0.350248 0.046460 0.096535
0 0.519912 0.570545 0.048673 0.101485
