0 0.447500 0.560000 0.056667 0.080000
0 0.477917 0.746875 0.302500 0.096250
0 0.261250 0.561250 0.055833 0.080000
0 0.616667 0.467500 0.055000 0.080000
0 0.571250 0.558750 0.054167 0.082500
0 0.416250 0.650625 0.057500 0.081250
0 0.277083 0.380000 0.055833 0.080000
0 0.385833 0.560000 0.055000 0.080000
0 0.339167 0.378750 0.055000 0.080000
0 0.354167 0.651250 0.056667 0.080000
0 0.370417 0.470000 0.055833 0.080000
0 0.862500 0.467500 0.053333 0.080000
0 0.149167 0.750000 0.060000 0.097500
0 0.725417 0.648125 0.055833 0.078750
0 0.493750 0.469375 0.055833 0.081250
0 0.831250 0.377500 0.054167 0.077500
0 0.432083 0.468750 0.054167 0.080000
0 0.103333 0.469375 0.088333 0.081250
0 0.245417 0.469375 0.055833 0.081250
0 0.323333 0.560625 0.056667 0.081250
0 0.308333 0.470000 0.056667 0.082500
0 0.742500 0.746875 0.056667 0.096250
0 0.093333 0.651875 0.071667 0.081250
0 0.088333 0.378750 0.055000 0.080000
0 0.462917 0.379375 0.055833 0.078750
0 0.524583 0.378750 0.054167 0.080000
0 0.769583 0.378125 0.055833 0.078750
0 0.632500 0.557500 0.055000 0.082500
0 0.886250 0.646250 0.132500 0.085000
0 0.151250 0.380000 0.055833 0.077500
0 0.601667 0.649375 0.056667 0.081250
0 0.585417 0.378750 0.055833 0.080000
0 0.647083 0.378750 0.055833 0.080000
0 0.110833 0.560000 0.103333 0.080000
0 0.540833 0.650625 0.056667 0.081250
0 0.694583 0.559375 0.055833 0.081250
0 0.212083 0.750625 0.057500 0.096250
0 0.878333 0.556875 0.055000 0.078750
0 0.401667 0.380000 0.056667 0.080000
0 0.214167 0.380000 0.056667 0.080000
0 0.165833 0.651250 0.058333 0.080000
0 0.197500 0.561250 0.056667 0.080000
0 0.907917 0.376250 0.085833 0.080000
0 0.756250 0.558750 0.055833 0.080000
0 0.292500 0.651250 0.056667 0.080000
0 0.787083 0.648125 0.055833 0.078750
0 0.478333 0.650625 0.056667 0.081250
0 0.509167 0.559375 0.055000 0.081250
0 0.506250 0.501250 0.920833 0.635000
0 0.801250 0.468125 0.055833 0.081250
0 0.663750 0.648125 0.055833 0.078750
0 0.708750 0.378750 0.055833 0.080000
0 0.182083 0.470000 0.060833 0.082500
0 0.817500 0.558125 0.055000 0.078750
0 0.739583 0.467500 0.055833 0.080000
0 0.229167 0.652500 0.056667 0.080000
0 0.678333 0.468750 0.056667 0.082500
0 0.924583 0.510625 0.055833 0.171250
0 0.555000 0.469375 0.056667 0.081250
