0 0.358806 0.414311 0.066958 0.160777
0 0.100437 0.931979 0.069869 0.139576
0 0.500728 0.501767 1.000000 1.000000
0 0.470888 0.240283 0.068413 0.162544
0 0.396288 0.239399 0.069141 0.164311
0 0.303130 0.589223 0.069141 0.160777
0 0.842795 0.242933 0.069869 0.164311
0 0.618632 0.242049 0.068413 0.162544
0 0.803857 0.931095 0.069141 0.141343
0 0.048035 0.412544 0.094614 0.160777
0 0.767103 0.238516 0.068413 0.162544
0 0.693231 0.242933 0.072052 0.160777
0 0.545488 0.242933 0.070597 0.164311
0 0.057860 0.589223 0.114265 0.160777
0 0.228894 0.590106 0.069141 0.159011
0 0.266376 0.764134 0.068413 0.160777
0 0.785662 0.763251 0.069141 0.159011
0 0.173217 0.238516 0.068413 0.162544
0 0.896652 0.589223 0.068413 0.160777
0 0.247453 0.239399 0.068413 0.164311
0 0.173945 0.931095 0.069869 0.141343
0 0.210335 0.411661 0.068413 0.162544
0 0.968705 0.588339 0.064047 0.162544
0 0.506914 0.413428 0.069141 0.162544
0 0.029476 0.236749 0.057496 0.159011
0 0.978894 0.244700 0.043668 0.160777
0 0.878093 0.413428 0.069141 0.162544
0 0.950873 0.765901 0.099709 0.164311
0 0.117540 0.763251 0.069141 0.159011
0 0.673945 0.588339 0.068413 0.162544
0 0.192140 0.764134 0.068413 0.160777
0 0.637191 0.763251 0.069141 0.162544
0 0.284207 0.413428 0.069141 0.162544
0 0.581514 0.414311 0.069869 0.160777
0 0.748544 0.589223 0.069141 0.160777
0 0.952329 0.412544 0.067686 0.157244
0 0.322052 0.237633 0.067686 0.160777
0 0.433042 0.413428 0.065502 0.159011
0 0.600437 0.589223 0.066958 0.160777
0 0.377729 0.589223 0.066958 0.160777
0 0.655022 0.411661 0.068413 0.159011
0 0.451601 0.589223 0.069141 0.160777
0 0.729622 0.413428 0.069141 0.162544
0 0.099345 0.238516 0.066230 0.159011
0 0.525837 0.590106 0.067686 0.159011
0 0.562591 0.765018 0.068413 0.162544
0 0.488719 0.764134 0.069141 0.160777
0 0.155386 0.589223 0.067686 0.160777
0 0.340247 0.764134 0.069141 0.160777
0 0.803857 0.413428 0.067686 0.159011
0 0.135735 0.414311 0.069141 0.160777
0 0.915939 0.237633 0.066230 0.157244
0 0.822780 0.590106 0.069141 0.162544
0 0.859534 0.764134 0.068413 0.157244
0 0.711063 0.763251 0.069869 0.159011
0 0.038574 0.762367 0.075691 0.164311
0 0.415211 0.764134 0.069141 0.160777
0 0.489083 0.930212 0.368268 0.143110
