0 0.422669 0.629944 0.061441 0.079096
0 0.354873 0.630650 0.061441 0.077684
0 0.840042 0.454096 0.059322 0.077684
0 0.237818 0.456215 0.062500 0.079096
0 0.373411 0.456215 0.058263 0.076271
0 0.072034 0.371469 0.061441 0.076271
0 0.138771 0.372881 0.061441 0.076271
0 0.041843 0.546610 0.081568 0.079096
0 0.082627 0.632062 0.061441 0.077684
0 0.692267 0.629944 0.062500 0.076271
0 0.118114 0.544492 0.060381 0.077684
0 0.421610 0.728107 0.332627 0.091808
0 0.207627 0.373588 0.061441 0.077684
0 0.321504 0.543079 0.060381 0.077684
0 0.858581 0.541667 0.060381 0.077684
0 0.439089 0.455508 0.060381 0.077684
0 0.606992 0.371469 0.061441 0.076271
0 0.456038 0.541667 0.060381 0.077684
0 0.101165 0.455508 0.064619 0.077684
0 0.065678 0.728814 0.061441 0.093220
0 0.672669 0.371469 0.061441 0.076271
0 0.740996 0.370763 0.060381 0.077684
0 0.149364 0.632062 0.061441 0.077684
0 0.707097 0.455508 0.062500 0.077684
0 0.639301 0.454802 0.062500 0.079096
0 0.022775 0.631356 0.043432 0.079096
0 0.018008 0.372175 0.033898 0.074859
0 0.168962 0.456215 0.060381 0.079096
0 0.725106 0.543079 0.062500 0.077684
0 0.556674 0.629237 0.062500 0.080508
0 0.759534 0.630650 0.061441 0.074859
0 0.341102 0.374294 0.061441 0.076271
0 0.286547 0.631356 0.062500 0.079096
0 0.774364 0.454802 0.061441 0.079096
0 0.623941 0.629237 0.061441 0.077684
0 0.133475 0.729520 0.059322 0.091808
0 0.389831 0.542373 0.061441 0.079096
0 0.273835 0.373588 0.060381 0.074859
0 0.305614 0.456215 0.060381 0.076271
0 0.710805 0.725989 0.063559 0.093220
0 0.407309 0.373588 0.060381 0.077684
0 0.490466 0.629944 0.061441 0.079096
0 0.807203 0.370056 0.059322 0.076271
0 0.572564 0.454802 0.060381 0.076271
0 0.481462 0.492232 0.960805 0.622881
0 0.506356 0.455508 0.059322 0.077684
0 0.792373 0.541667 0.061441 0.077684
0 0.032309 0.456215 0.062500 0.076271
0 0.590042 0.540960 0.061441 0.079096
0 0.889301 0.368644 0.094280 0.076271
0 0.539725 0.372881 0.060381 0.076271
0 0.656780 0.542373 0.061441 0.079096
0 0.522775 0.541667 0.058263 0.077684
0 0.253708 0.543785 0.062500 0.079096
0 0.869174 0.629944 0.147246 0.076271
0 0.474576 0.372175 0.059322 0.074859
0 0.218750 0.631356 0.062500 0.079096
0 0.908898 0.501412 0.065678 0.169492
0 0.184852 0.544492 0.062500 0.077684
