0 0.524000 0.356667 0.040000 0.084444
0 0.394000 0.357222 0.040000 0.085556
0 0.220500 0.357222 0.040000 0.085556
0 0.328750 0.451111 0.039500 0.084444
0 0.122500 0.546111 0.039000 0.085556
0 0.502500 0.451667 0.039000 0.085556
0 0.176500 0.357778 0.040000 0.086667
0 0.296500 0.545556 0.039000 0.084444
0 0.459000 0.451111 0.040000 0.086667
0 0.633000 0.495000 0.039000 0.181111
0 0.437500 0.357778 0.040000 0.086667
0 0.187750 0.638889 0.039500 0.084444
0 0.546000 0.451111 0.039000 0.086667
0 0.535000 0.639444 0.040000 0.083333
0 0.166250 0.546111 0.039500 0.085556
0 0.622500 0.732222 0.063000 0.086667
0 0.340000 0.545556 0.040000 0.084444
0 0.242000 0.451667 0.039000 0.085556
0 0.567500 0.356667 0.039000 0.084444
0 0.502000 0.503333 0.966000 0.602222
0 0.051250 0.638889 0.051500 0.086667
0 0.415500 0.451111 0.039000 0.084444
0 0.318000 0.638889 0.040000 0.084444
0 0.361500 0.639444 0.041000 0.085556
0 0.062500 0.545556 0.072000 0.082222
0 0.481000 0.357778 0.040000 0.086667
0 0.253000 0.545556 0.039000 0.084444
0 0.491500 0.638889 0.040000 0.082222
0 0.133250 0.357222 0.040500 0.085556
0 0.469750 0.545556 0.039500 0.086667
0 0.046250 0.356111 0.039500 0.085556
0 0.231250 0.638889 0.040500 0.084444
0 0.285500 0.450556 0.039000 0.085556
0 0.117250 0.733333 0.051500 0.088889
0 0.589250 0.451667 0.039500 0.085556
0 0.057250 0.451667 0.061500 0.081111
0 0.111750 0.450556 0.040500 0.085556
0 0.561500 0.732778 0.053000 0.087778
0 0.383000 0.545556 0.039000 0.086667
0 0.372250 0.451111 0.039500 0.086667
0 0.605500 0.637778 0.093000 0.084444
0 0.448250 0.638889 0.039500 0.084444
0 0.338750 0.733333 0.256500 0.086667
0 0.404750 0.638889 0.040500 0.086667
0 0.090000 0.357222 0.039000 0.085556
0 0.513500 0.545000 0.039000 0.085556
0 0.621750 0.355556 0.060500 0.086667
0 0.144000 0.638889 0.040000 0.084444
0 0.307250 0.357778 0.040500 0.084444
0 0.101000 0.638333 0.040000 0.083333
0 0.600000 0.545000 0.039000 0.085556
0 0.557000 0.545556 0.040000 0.086667
0 0.350500 0.357222 0.039000 0.085556
0 0.057500 0.733889 0.062000 0.087778
0 0.263750 0.357222 0.039500 0.085556
0 0.155000 0.450000 0.039000 0.086667
0 0.426500 0.545556 0.040000 0.086667
0 0.198750 0.451111 0.039500 0.086667
0 0.209500 0.546111 0.039000 0.085556
0 0.274750 0.639444 0.040500 0.085556
