0 0.789216 0.477104 0.050802 0.070545
0 0.650624 0.400990 0.051693 0.066832
0 0.731283 0.477723 0.052585 0.071782
0 0.313725 0.640470 0.055258 0.073020
0 0.365865 0.400371 0.052585 0.068069
0 0.694296 0.556931 0.053476 0.071782
0 0.094920 0.559406 0.077540 0.071782
0 0.635918 0.556931 0.050802 0.071782
0 0.616310 0.477723 0.052585 0.069307
0 0.520053 0.557550 0.050802 0.070545
0 0.811943 0.637376 0.101604 0.074257
0 0.502228 0.478960 0.052585 0.069307
0 0.837344 0.480817 0.036542 0.070545
0 0.432709 0.638614 0.054367 0.071782
0 0.462567 0.557550 0.051693 0.070545
0 0.386809 0.478960 0.051693 0.069307
0 0.344920 0.558787 0.053476 0.070545
0 0.708111 0.399752 0.050802 0.066832
0 0.195187 0.738243 0.055258 0.100248
0 0.549911 0.637376 0.053476 0.074257
0 0.106506 0.640470 0.106061 0.075495
0 0.285205 0.559406 0.053476 0.071782
0 0.824866 0.399134 0.054367 0.068069
0 0.669340 0.733911 0.053476 0.099010
0 0.673797 0.477723 0.051693 0.069307
0 0.373886 0.639233 0.054367 0.073020
0 0.307932 0.399752 0.052585 0.069307
0 0.765597 0.399752 0.049911 0.066832
0 0.753119 0.556931 0.053476 0.071782
0 0.578431 0.556931 0.051693 0.071782
0 0.249109 0.399752 0.052585 0.069307
0 0.084225 0.400371 0.034759 0.065594
0 0.225045 0.559406 0.054367 0.071782
0 0.666667 0.637376 0.053476 0.071782
0 0.444742 0.478960 0.051693 0.069307
0 0.327986 0.478960 0.053476 0.071782
0 0.075758 0.737005 0.058824 0.100248
0 0.193405 0.641089 0.053476 0.074257
0 0.089572 0.478960 0.057932 0.069307
0 0.253565 0.641089 0.054367 0.074257
0 0.151070 0.478342 0.054367 0.070545
0 0.404189 0.558787 0.052585 0.070545
0 0.456328 0.553837 0.844920 0.511139
0 0.133244 0.399752 0.052585 0.069307
0 0.559269 0.477723 0.050802 0.069307
0 0.537433 0.401609 0.049911 0.065594
0 0.593583 0.400990 0.051693 0.066832
0 0.430927 0.733292 0.291444 0.102723
0 0.268717 0.478342 0.054367 0.070545
0 0.210339 0.477723 0.053476 0.071782
0 0.423797 0.400990 0.050802 0.066832
0 0.725490 0.637995 0.055258 0.070545
0 0.823084 0.555693 0.072193 0.071782
0 0.191176 0.399752 0.052585 0.069307
0 0.608289 0.637376 0.052585 0.071782
0 0.491533 0.637995 0.052585 0.073020
0 0.480838 0.401609 0.049020 0.065594
0 0.166221 0.559406 0.052585 0.071782
