0 0.336552 0.567016 0.128040 0.113054
0 0.584406 0.679487 0.207439 0.212121
0 0.646996 0.453963 0.110873 0.092075
0 0.532189 0.350816 0.098712 0.074592
0 0.217096 0.261655 0.082260 0.061772
0 0.179185 0.358392 0.231044 0.250583
0 0.285765 0.502331 0.128040 0.121212
0 0.762518 0.432984 0.114449 0.087413
0 0.298999 0.065851 0.064378 0.043124
0 0.695994 0.381702 0.107296 0.078089
0 0.372675 0.439977 0.101574 0.085082
0 0.129113 0.161422 0.069385 0.052448
0 0.078684 0.228438 0.090129 0.067599
0 0.426323 0.366550 0.097282 0.073427
0 0.332260 0.092075 0.069385 0.046620
0 0.475322 0.413753 0.099428 0.083916
0 0.287911 0.342657 0.086552 0.069930
0 0.379828 0.320513 0.088698 0.067599
0 0.155579 0.192308 0.072246 0.053613
0 0.248569 0.298951 0.082260 0.064103
0 0.790415 0.582751 0.123033 0.107226
0 0.478898 0.557692 0.108011 0.096737
0 0.089771 0.120047 0.093705 0.076923
0 0.023605 0.136364 0.045780 0.053613
0 0.176323 0.116550 0.065093 0.046620
0 0.271817 0.041958 0.061516 0.044289
0 0.243920 0.022145 0.061516 0.037296
0 0.185265 0.226690 0.077253 0.054779
0 0.529328 0.248834 0.091559 0.064103
0 0.226753 0.081002 0.064378 0.043124
0 0.500715 0.493007 1.000000 0.983683
0 0.580114 0.287879 0.095851 0.067599
0 0.530043 0.469114 0.108727 0.089744
0 0.264306 0.205128 0.072246 0.053613
0 0.483548 0.212121 0.085837 0.058275
0 0.319742 0.161422 0.072961 0.052448
0 0.204936 0.143939 0.069385 0.047786
0 0.234263 0.174242 0.069385 0.050117
0 0.328326 0.390443 0.094421 0.079254
0 0.634835 0.331585 0.100858 0.071096
0 0.687768 0.632867 0.183834 0.184149
0 0.435622 0.265152 0.087268 0.061772
0 0.256080 0.104312 0.068670 0.047786
0 0.142346 0.083333 0.081545 0.059441
0 0.441345 0.177739 0.080114 0.052448
0 0.195637 0.052448 0.073677 0.046620
0 0.393419 0.226690 0.082976 0.061772
0 0.365522 0.118298 0.072961 0.050117
0 0.422747 0.495921 0.101574 0.087413
0 0.586910 0.399184 0.105150 0.080420
0 0.400572 0.145688 0.074392 0.051282
0 0.285765 0.132284 0.070815 0.047786
0 0.853362 0.515152 0.154506 0.139860
0 0.715308 0.515734 0.120172 0.101399
0 0.300787 0.240676 0.079399 0.057110
0 0.591559 0.530303 0.117310 0.097902
0 0.481760 0.305944 0.092275 0.068765
0 0.338698 0.278555 0.085122 0.065268
0 0.354435 0.194056 0.079399 0.057110
