0 0.447664 0.514160 0.893599 0.471680
0 0.538495 0.455566 0.057958 0.067383
0 0.209775 0.456055 0.059689 0.068359
0 0.426903 0.530273 0.059689 0.066406
0 0.316609 0.382812 0.058824 0.066406
0 0.448529 0.382812 0.057958 0.068359
0 0.397491 0.688477 0.322664 0.089844
0 0.164360 0.530273 0.058824 0.066406
0 0.846886 0.386230 0.067474 0.069336
0 0.804066 0.458984 0.057958 0.068359
0 0.144464 0.455078 0.060554 0.068359
0 0.137543 0.688477 0.058824 0.089844
0 0.645329 0.383301 0.058824 0.067383
0 0.382353 0.383301 0.058824 0.067383
0 0.098616 0.530762 0.058824 0.067383
0 0.591263 0.604004 0.057958 0.065430
0 0.407439 0.456055 0.058824 0.068359
0 0.756488 0.530762 0.059689 0.067383
0 0.053633 0.382812 0.058824 0.066406
0 0.394464 0.604004 0.060554 0.065430
0 0.604239 0.456055 0.059689 0.068359
0 0.131920 0.604492 0.059689 0.066406
0 0.657007 0.604004 0.059689 0.065430
0 0.559256 0.529785 0.057958 0.067383
0 0.712370 0.385254 0.059689 0.067383
0 0.492647 0.530273 0.057958 0.066406
0 0.858564 0.458496 0.044118 0.069336
0 0.776817 0.382324 0.057093 0.065430
0 0.836938 0.529785 0.083910 0.067383
0 0.230104 0.530273 0.058824 0.066406
0 0.341263 0.455566 0.057958 0.067383
0 0.820502 0.604004 0.116782 0.067383
0 0.658737 0.689453 0.059689 0.087891
0 0.690744 0.530273 0.057958 0.066406
0 0.010381 0.383301 0.019031 0.065430
0 0.295848 0.530762 0.058824 0.067383
0 0.019031 0.688965 0.036332 0.086914
0 0.328720 0.604004 0.058824 0.065430
0 0.472751 0.456055 0.059689 0.068359
0 0.250865 0.382812 0.058824 0.066406
0 0.513841 0.383301 0.058824 0.067383
0 0.525952 0.604004 0.060554 0.067383
0 0.580017 0.382812 0.059689 0.068359
0 0.186851 0.384277 0.058824 0.067383
0 0.021626 0.456055 0.041522 0.068359
0 0.032007 0.530273 0.062284 0.068359
0 0.197664 0.604492 0.059689 0.066406
0 0.275519 0.456055 0.059689 0.068359
0 0.048443 0.604492 0.095156 0.070312
0 0.669550 0.455566 0.058824 0.067383
0 0.078287 0.456543 0.059689 0.067383
0 0.263408 0.604492 0.059689 0.066406
0 0.735727 0.456543 0.059689 0.067383
0 0.723183 0.604980 0.060554 0.065430
0 0.460208 0.604492 0.058824 0.066406
0 0.119810 0.382324 0.059689 0.065430
0 0.624567 0.529785 0.057093 0.067383
0 0.361159 0.530273 0.057958 0.066406
