0 0.713333 0.417000 0.049333 0.080000
0 0.190333 0.772500 0.047333 0.101000
0 0.640000 0.598500 0.049333 0.081000
0 0.330333 0.417000 0.046000 0.078000
0 0.176667 0.417000 0.044000 0.076000
0 0.246667 0.503500 0.046667 0.079000
0 0.289000 0.677500 0.047333 0.077000
0 0.678333 0.507500 0.050000 0.083000
0 0.529000 0.595000 0.047333 0.082000
0 0.697000 0.599000 0.050000 0.082000
0 0.094000 0.501500 0.050667 0.077000
0 0.398000 0.783500 0.260000 0.111000
0 0.314333 0.592000 0.044667 0.078000
0 0.298667 0.504500 0.045333 0.077000
0 0.622000 0.507000 0.049333 0.082000
0 0.114000 0.671000 0.088000 0.078000
0 0.278667 0.417500 0.045333 0.077000
0 0.351000 0.504000 0.046000 0.078000
0 0.383333 0.417500 0.046667 0.079000
0 0.490667 0.418000 0.048000 0.080000
0 0.145000 0.503000 0.046000 0.076000
0 0.160667 0.588000 0.044000 0.078000
0 0.211333 0.589500 0.044000 0.077000
0 0.403667 0.504500 0.047333 0.079000
0 0.545333 0.417000 0.048000 0.080000
0 0.237000 0.675500 0.044667 0.077000
0 0.227333 0.417000 0.045333 0.076000
0 0.612333 0.687000 0.050000 0.080000
0 0.511333 0.505000 0.048000 0.080000
0 0.557000 0.685500 0.048667 0.081000
0 0.393667 0.680000 0.047333 0.078000
0 0.668667 0.689500 0.052000 0.081000
0 0.502000 0.684000 0.049333 0.080000
0 0.447333 0.682000 0.048000 0.080000
0 0.614667 0.792000 0.050667 0.108000
0 0.100667 0.586500 0.062667 0.077000
0 0.785667 0.510000 0.035333 0.082000
0 0.600667 0.418000 0.049333 0.080000
0 0.341000 0.679000 0.046000 0.078000
0 0.767000 0.600000 0.072667 0.084000
0 0.774667 0.420500 0.057333 0.085000
0 0.186667 0.673500 0.045333 0.077000
0 0.420000 0.594000 0.045333 0.078000
0 0.091667 0.766000 0.044667 0.100000
0 0.085000 0.417000 0.031333 0.074000
0 0.196000 0.502500 0.045333 0.077000
0 0.126333 0.417500 0.043333 0.077000
0 0.457000 0.505500 0.047333 0.081000
0 0.583667 0.596500 0.048667 0.081000
0 0.438000 0.588500 0.753333 0.583000
0 0.474333 0.594000 0.046000 0.080000
0 0.262333 0.590500 0.044667 0.079000
0 0.367000 0.592500 0.046000 0.079000
0 0.566000 0.506000 0.049333 0.082000
0 0.753333 0.691500 0.102667 0.085000
0 0.656333 0.417500 0.050000 0.081000
0 0.437333 0.418000 0.046667 0.080000
0 0.735333 0.508500 0.050667 0.085000
