0 0.785075 0.361298 0.055224 0.089485
0 0.199627 0.758949 0.052985 0.112975
0 0.702985 0.564318 0.055224 0.090604
0 0.356343 0.361298 0.051493 0.087248
0 0.184328 0.361298 0.049254 0.085011
0 0.262687 0.458054 0.052239 0.088367
0 0.310075 0.652685 0.052985 0.086130
0 0.745896 0.462528 0.055970 0.092841
0 0.578731 0.560403 0.052985 0.091723
0 0.766791 0.564877 0.055970 0.091723
0 0.091791 0.455817 0.056716 0.086130
0 0.432090 0.771253 0.291045 0.124161
0 0.338433 0.557047 0.050000 0.087248
0 0.320896 0.459172 0.050746 0.086130
0 0.682836 0.461969 0.055224 0.091723
0 0.114179 0.645414 0.098507 0.087248
0 0.298507 0.361857 0.050746 0.086130
0 0.379478 0.458613 0.051493 0.087248
0 0.415672 0.361857 0.052239 0.088367
0 0.535821 0.362416 0.053731 0.089485
0 0.148881 0.457494 0.051493 0.085011
0 0.166418 0.552573 0.049254 0.087248
0 0.223134 0.554251 0.049254 0.086130
0 0.438433 0.459172 0.052985 0.088367
0 0.597015 0.361298 0.053731 0.089485
0 0.251866 0.650447 0.050000 0.086130
0 0.241045 0.361298 0.050746 0.085011
0 0.672015 0.663311 0.055970 0.089485
0 0.558955 0.459732 0.053731 0.089485
0 0.610075 0.661633 0.054478 0.090604
0 0.427239 0.655481 0.052985 0.087248
0 0.735075 0.666107 0.058209 0.090604
0 0.548507 0.659955 0.055224 0.089485
0 0.487313 0.657718 0.053731 0.089485
0 0.674627 0.780761 0.056716 0.120805
0 0.099254 0.550895 0.070149 0.086130
0 0.866045 0.465324 0.039552 0.091723
0 0.658955 0.362416 0.055224 0.089485
0 0.368284 0.654362 0.051493 0.087248
0 0.845149 0.565996 0.081343 0.093960
0 0.853731 0.365213 0.064179 0.095078
0 0.195522 0.648210 0.050746 0.086130
0 0.456716 0.559284 0.050746 0.087248
0 0.089179 0.751678 0.050000 0.111857
0 0.081716 0.361298 0.035075 0.082774
0 0.205970 0.456935 0.050746 0.086130
0 0.127985 0.361857 0.048507 0.086130
0 0.498134 0.460291 0.052985 0.090604
0 0.639925 0.562081 0.054478 0.090604
0 0.476866 0.553132 0.843284 0.652125
0 0.517537 0.559284 0.051493 0.089485
0 0.280224 0.555369 0.050000 0.088367
0 0.397388 0.557606 0.051493 0.088367
0 0.620149 0.460850 0.055224 0.091723
0 0.829851 0.668345 0.114925 0.095078
0 0.721269 0.361857 0.055970 0.090604
0 0.476119 0.362416 0.052239 0.089485
0 0.809701 0.463647 0.056716 0.095078
