0 0.392074 0.710227 0.038786 0.125000
0 0.562395 0.309659 0.038786 0.119318
0 0.274874 0.443182 0.037099 0.125000
0 0.392074 0.306818 0.038786 0.125000
0 0.519393 0.715909 0.040472 0.125000
0 0.360877 0.443182 0.040472 0.125000
0 0.507589 0.514205 0.974705 0.948864
0 0.157673 0.579545 0.038786 0.125000
0 0.263069 0.306818 0.037099 0.125000
0 0.306914 0.710227 0.040472 0.125000
0 0.597808 0.713068 0.109612 0.130682
0 0.104553 0.443182 0.040472 0.125000
0 0.520236 0.306818 0.038786 0.125000
0 0.306071 0.306818 0.038786 0.125000
0 0.317875 0.443182 0.038786 0.125000
0 0.349073 0.306818 0.040472 0.125000
0 0.221754 0.710227 0.038786 0.125000
0 0.200675 0.576705 0.037099 0.130682
0 0.179595 0.710227 0.038786 0.125000
0 0.609612 0.579545 0.089376 0.125000
0 0.446037 0.443182 0.038786 0.125000
0 0.189713 0.443182 0.038786 0.125000
0 0.060708 0.579545 0.060708 0.125000
0 0.499157 0.579545 0.037099 0.125000
0 0.328836 0.576705 0.037099 0.130682
0 0.532040 0.440341 0.038786 0.130682
0 0.092749 0.309659 0.037099 0.119318
0 0.135750 0.309659 0.038786 0.119318
0 0.477234 0.306818 0.040472 0.125000
0 0.071669 0.710227 0.079258 0.125000
0 0.191400 0.849432 0.038786 0.130682
0 0.403879 0.440341 0.038786 0.119318
0 0.434233 0.306818 0.038786 0.125000
0 0.434233 0.715909 0.038786 0.125000
0 0.115514 0.579545 0.038786 0.125000
0 0.370995 0.576705 0.037099 0.130682
0 0.349073 0.713068 0.040472 0.130682
0 0.619730 0.306818 0.065767 0.125000
0 0.177909 0.306818 0.038786 0.125000
0 0.220911 0.306818 0.037099 0.125000
0 0.285835 0.576705 0.038786 0.119318
0 0.462057 0.849432 0.040472 0.130682
0 0.328836 0.860795 0.222597 0.130682
0 0.049747 0.309659 0.038786 0.119318
0 0.136594 0.713068 0.040472 0.119318
0 0.232715 0.443182 0.040472 0.125000
0 0.612142 0.852273 0.087690 0.125000
0 0.264755 0.710227 0.037099 0.125000
0 0.476391 0.713068 0.038786 0.119318
0 0.147555 0.440341 0.038786 0.130682
0 0.054806 0.443182 0.048904 0.125000
0 0.056492 0.852273 0.052277 0.125000
0 0.573356 0.440341 0.037099 0.119318
0 0.542159 0.579545 0.038786 0.125000
0 0.489039 0.440341 0.037099 0.119318
0 0.413997 0.579545 0.038786 0.125000
0 0.456155 0.579545 0.038786 0.125000
0 0.626476 0.451705 0.055649 0.119318
0 0.243676 0.579545 0.038786 0.125000
