0 0.389216 0.726667 0.045098 0.146667
0 0.587255 0.256667 0.045098 0.140000
0 0.252941 0.413333 0.043137 0.146667
0 0.389216 0.253333 0.045098 0.146667
0 0.537255 0.733333 0.047059 0.146667
0 0.352941 0.413333 0.047059 0.146667
0 0.501961 0.506667 1.000000 1.000000
0 0.116667 0.573333 0.045098 0.146667
0 0.239216 0.253333 0.043137 0.146667
0 0.290196 0.726667 0.047059 0.146667
0 0.628431 0.730000 0.127451 0.153333
0 0.054902 0.413333 0.047059 0.146667
0 0.538235 0.253333 0.045098 0.146667
0 0.289216 0.253333 0.045098 0.146667
0 0.302941 0.413333 0.045098 0.146667
0 0.339216 0.253333 0.047059 0.146667
0 0.191176 0.726667 0.045098 0.146667
0 0.166667 0.570000 0.043137 0.153333
0 0.142157 0.726667 0.045098 0.146667
0 0.642157 0.573333 0.103922 0.146667
0 0.451961 0.413333 0.045098 0.146667
0 0.153922 0.413333 0.045098 0.146667
0 0.020588 0.573333 0.037255 0.146667
0 0.513725 0.573333 0.043137 0.146667
0 0.315686 0.570000 0.043137 0.153333
0 0.551961 0.410000 0.045098 0.153333
0 0.041176 0.256667 0.043137 0.140000
0 0.091176 0.256667 0.045098 0.140000
0 0.488235 0.253333 0.047059 0.146667
0 0.032353 0.726667 0.060784 0.146667
0 0.155882 0.890000 0.045098 0.153333
0 0.402941 0.410000 0.045098 0.140000
0 0.438235 0.253333 0.045098 0.146667
0 0.438235 0.733333 0.045098 0.146667
0 0.067647 0.573333 0.045098 0.146667
0 0.364706 0.570000 0.043137 0.153333
0 0.339216 0.730000 0.047059 0.153333
0 0.653922 0.253333 0.076471 0.146667
0 0.140196 0.253333 0.045098 0.146667
0 0.190196 0.253333 0.043137 0.146667
0 0.265686 0.570000 0.045098 0.140000
0 0.470588 0.890000 0.047059 0.153333
0 0.315686 0.903333 0.258824 0.153333
0 0.012745 0.256667 0.021569 0.140000
0 0.092157 0.730000 0.047059 0.140000
0 0.203922 0.413333 0.047059 0.146667
0 0.645098 0.893333 0.101961 0.146667
0 0.241176 0.726667 0.043137 0.146667
0 0.487255 0.730000 0.045098 0.140000
0 0.104902 0.410000 0.045098 0.153333
0 0.015686 0.413333 0.027451 0.146667
0 0.016667 0.893333 0.029412 0.146667
0 0.600000 0.410000 0.043137 0.140000
0 0.563725 0.573333 0.045098 0.146667
0 0.501961 0.410000 0.043137 0.140000
0 0.414706 0.573333 0.045098 0.146667
0 0.463725 0.573333 0.045098 0.146667
0 0.661765 0.423333 0.064706 0.140000
0 0.216667 0.573333 0.045098 0.146667
