0 0.232289 0.687931 0.049046 0.127586
0 0.507834 0.245690 0.040191 0.118966
0 0.588556 0.235345 0.039510 0.118966
0 0.569823 0.750862 0.042916 0.122414
0 0.403610 0.387931 0.042916 0.124138
0 0.464237 0.510345 0.041553 0.124138
0 0.366826 0.661207 0.045640 0.125862
0 0.111376 0.292241 0.048365 0.129310
0 0.199932 0.556897 0.047003 0.131034
0 0.409741 0.651724 0.045640 0.124138
0 0.505450 0.502586 0.042234 0.122414
0 0.467302 0.250862 0.040872 0.122414
0 0.522139 0.493966 0.957084 0.984483
0 0.323229 0.669828 0.047003 0.129310
0 0.272480 0.406034 0.044959 0.125862
0 0.426090 0.255172 0.042916 0.124138
0 0.684605 0.598276 0.103542 0.124138
0 0.159401 0.287069 0.047684 0.129310
0 0.335490 0.532759 0.044278 0.127586
0 0.434264 0.789655 0.225477 0.168966
0 0.379428 0.525000 0.044959 0.125862
0 0.422343 0.518103 0.043597 0.122414
0 0.251022 0.274138 0.047003 0.127586
0 0.277589 0.679310 0.047003 0.127586
0 0.487398 0.375000 0.040191 0.118966
0 0.533719 0.628448 0.042916 0.122414
0 0.691076 0.348276 0.052452 0.113793
0 0.159401 0.702586 0.096730 0.139655
0 0.291894 0.541379 0.045640 0.127586
0 0.383515 0.260345 0.042234 0.124138
0 0.205381 0.280172 0.047003 0.125862
0 0.527929 0.370690 0.040872 0.120690
0 0.545640 0.496552 0.040872 0.124138
0 0.573569 0.619828 0.040872 0.115517
0 0.226499 0.412931 0.045640 0.129310
0 0.153270 0.849138 0.065395 0.139655
0 0.627384 0.231034 0.038147 0.113793
0 0.613420 0.612069 0.040191 0.117241
0 0.317098 0.400862 0.044278 0.125862
0 0.360695 0.395690 0.042916 0.125862
0 0.494210 0.636207 0.042916 0.124138
0 0.296662 0.269828 0.044278 0.125862
0 0.685967 0.474138 0.081744 0.120690
0 0.245913 0.549138 0.046322 0.129310
0 0.568120 0.365517 0.039510 0.117241
0 0.549046 0.240517 0.040872 0.118966
0 0.446185 0.382759 0.042234 0.124138
0 0.124319 0.428448 0.061989 0.132759
0 0.452316 0.644828 0.044959 0.124138
0 0.339918 0.263793 0.043597 0.124138
0 0.607289 0.361207 0.038828 0.118966
0 0.180518 0.420690 0.050409 0.131034
0 0.586512 0.489655 0.040872 0.120690
0 0.138965 0.567241 0.073569 0.137931
0 0.625681 0.483621 0.040191 0.122414
0 0.644755 0.353448 0.038828 0.117241
0 0.707425 0.718966 0.082425 0.124138
0 0.678474 0.226724 0.061308 0.115517
0 0.300068 0.812931 0.048365 0.132759
