0 0.689349 0.887731 0.080868 0.164352
0 0.975838 0.403935 0.050296 0.136574
0 0.118343 0.239583 0.061144 0.136574
0 0.266272 0.886574 0.080868 0.162037
0 0.464497 0.240741 0.061144 0.134259
0 0.308679 0.559028 0.061144 0.136574
0 0.823964 0.718750 0.060158 0.127315
0 0.618836 0.716435 0.062130 0.136574
0 0.170611 0.555556 0.063116 0.138889
0 0.074951 0.557870 0.116371 0.138889
0 0.567554 0.399306 0.060158 0.136574
0 0.859467 0.559028 0.060158 0.136574
0 0.500986 0.502315 1.000000 1.000000
0 0.326923 0.239583 0.060158 0.136574
0 0.395464 0.239583 0.061144 0.136574
0 0.950197 0.560185 0.101578 0.138889
0 0.091716 0.717593 0.149901 0.138889
0 0.636095 0.400463 0.059172 0.134259
0 0.048323 0.239583 0.059172 0.136574
0 0.238659 0.556713 0.061144 0.136574
0 0.932446 0.717593 0.137081 0.138889
0 0.534024 0.241898 0.060158 0.136574
0 0.774655 0.400463 0.060158 0.134259
0 0.152860 0.398148 0.063116 0.134259
0 0.808679 0.243056 0.059172 0.134259
0 0.584320 0.556713 0.058185 0.136574
0 0.274162 0.716435 0.061144 0.136574
0 0.343195 0.716435 0.063116 0.136574
0 0.412229 0.715278 0.061144 0.134259
0 0.065582 0.399306 0.097633 0.136574
0 0.791420 0.557870 0.060158 0.134259
0 0.480276 0.714120 0.061144 0.131944
0 0.705128 0.400463 0.061144 0.134259
0 0.515286 0.557870 0.060158 0.134259
0 0.478304 0.884259 0.327416 0.166667
0 0.722387 0.559028 0.058185 0.136574
0 0.499014 0.399306 0.061144 0.136574
0 0.549803 0.715278 0.060158 0.134259
0 0.360454 0.400463 0.060158 0.134259
0 0.671598 0.241898 0.061144 0.136574
0 0.256903 0.240741 0.060158 0.134259
0 0.653846 0.556713 0.059172 0.136574
0 0.291420 0.400463 0.062130 0.134259
0 0.957594 0.244213 0.086785 0.136574
0 0.740631 0.241898 0.061144 0.136574
0 0.911243 0.402778 0.059172 0.134259
0 0.048817 0.888889 0.064103 0.166667
0 0.188363 0.238426 0.059172 0.134259
0 0.221893 0.398148 0.061144 0.134259
0 0.376726 0.557870 0.059172 0.134259
0 0.768245 0.891204 0.063116 0.162037
0 0.877712 0.243056 0.059172 0.134259
0 0.204635 0.716435 0.060158 0.131944
0 0.686884 0.716435 0.060158 0.131944
0 0.842702 0.401620 0.060158 0.136574
0 0.602564 0.243056 0.061144 0.134259
0 0.446252 0.556713 0.060158 0.136574
0 0.429980 0.399306 0.059172 0.136574
0 0.755917 0.717593 0.060158 0.129630
