0 0.690928 0.284240 0.045710 0.060038
0 0.054501 0.222795 0.044304 0.055347
0 0.724684 0.416041 0.135724 0.059099
0 0.140295 0.351313 0.045710 0.059099
0 0.665260 0.218574 0.045007 0.056285
0 0.054501 0.489681 0.061181 0.073171
0 0.370253 0.416041 0.048523 0.059099
0 0.113924 0.416979 0.046414 0.059099
0 0.584740 0.489212 0.062588 0.074109
0 0.603024 0.349906 0.047117 0.060038
0 0.280942 0.284240 0.045710 0.058161
0 0.551336 0.349437 0.046414 0.060976
0 0.460267 0.218105 0.047117 0.059099
0 0.525316 0.416041 0.046414 0.059099
0 0.511252 0.217636 0.046414 0.058161
0 0.129395 0.286116 0.047820 0.060038
0 0.357243 0.218105 0.046414 0.057223
0 0.230309 0.284709 0.045710 0.059099
0 0.577356 0.415572 0.046414 0.058161
0 0.292897 0.350375 0.045710 0.059099
0 0.538678 0.283302 0.046414 0.060038
0 0.409283 0.217167 0.046414 0.057223
0 0.164205 0.416979 0.045710 0.059099
0 0.422293 0.415572 0.048523 0.060038
0 0.318214 0.416041 0.047117 0.060976
0 0.065752 0.287992 0.071027 0.060038
0 0.704993 0.350375 0.047117 0.060976
0 0.499648 0.348968 0.047117 0.060038
0 0.447961 0.349437 0.046414 0.060976
0 0.628340 0.416979 0.047117 0.057223
0 0.204641 0.220450 0.046414 0.058161
0 0.614627 0.218105 0.045007 0.057223
0 0.241913 0.350844 0.046414 0.060038
0 0.306610 0.219043 0.046414 0.057223
0 0.435302 0.283302 0.047820 0.060038
0 0.640999 0.283771 0.045710 0.059099
0 0.370605 0.489681 0.253165 0.075047
0 0.343882 0.349906 0.046414 0.060038
0 0.654008 0.350375 0.046414 0.060976
0 0.740858 0.219512 0.096343 0.058161
0 0.104430 0.221388 0.044304 0.058161
0 0.563291 0.217167 0.046414 0.057223
0 0.055907 0.418856 0.058368 0.059099
0 0.756681 0.318480 0.070323 0.126642
0 0.590014 0.283771 0.045007 0.057223
0 0.526020 0.489681 0.047820 0.073171
0 0.383263 0.283771 0.046414 0.059099
0 0.215541 0.416510 0.045710 0.060038
0 0.154360 0.220919 0.045710 0.057223
0 0.266526 0.416510 0.047820 0.060038
0 0.178622 0.285178 0.046414 0.060038
0 0.492616 0.341463 0.952883 0.439024
0 0.255626 0.219512 0.045710 0.056285
0 0.473629 0.416041 0.048523 0.060976
0 0.486639 0.283302 0.046414 0.058161
0 0.070675 0.352251 0.085091 0.059099
0 0.214838 0.490150 0.047117 0.072233
0 0.190577 0.351313 0.046414 0.059099
0 0.396273 0.349906 0.047117 0.060038
0 0.332278 0.282833 0.045710 0.059099
