0 0.037742 0.677966 0.065161 0.125424
0 0.159355 0.670339 0.051613 0.127119
0 0.500645 0.475424 1.000000 0.900000
0 0.497097 0.653390 0.048387 0.127119
0 0.786774 0.428814 0.061290 0.264407
0 0.454516 0.370339 0.048387 0.127119
0 0.616452 0.364407 0.048387 0.125424
0 0.258065 0.230508 0.050323 0.125424
0 0.187419 0.525424 0.050968 0.132203
0 0.660000 0.644915 0.047742 0.120339
0 0.427097 0.229661 0.049032 0.127119
0 0.245161 0.520339 0.050323 0.132203
0 0.684194 0.785593 0.093548 0.127119
0 0.642903 0.224576 0.048387 0.127119
0 0.130645 0.524576 0.050968 0.127119
0 0.443548 0.655085 0.048387 0.123729
0 0.605806 0.647458 0.046452 0.122034
0 0.217097 0.666102 0.049677 0.135593
0 0.509032 0.368644 0.046452 0.123729
0 0.230323 0.376271 0.051613 0.132203
0 0.577419 0.506780 0.046452 0.128814
0 0.589355 0.226271 0.048387 0.127119
0 0.631290 0.504237 0.047097 0.127119
0 0.102903 0.673729 0.050968 0.133898
0 0.087419 0.237288 0.053548 0.128814
0 0.562581 0.366949 0.049032 0.127119
0 0.697097 0.220339 0.048387 0.125424
0 0.358387 0.514407 0.048387 0.130508
0 0.344516 0.372034 0.050323 0.127119
0 0.370968 0.230508 0.050323 0.128814
0 0.535484 0.227966 0.049032 0.127119
0 0.414839 0.512712 0.049032 0.127119
0 0.552581 0.789831 0.047097 0.122034
0 0.685484 0.501695 0.047097 0.125424
0 0.144839 0.235593 0.052258 0.125424
0 0.331935 0.661017 0.049677 0.128814
0 0.045484 0.383898 0.079355 0.127119
0 0.287742 0.374576 0.051613 0.132203
0 0.052903 0.526271 0.092903 0.130508
0 0.037097 0.827119 0.066452 0.142373
0 0.551613 0.650000 0.046452 0.123729
0 0.275161 0.663559 0.052258 0.133898
0 0.386129 0.803390 0.272903 0.138983
0 0.215806 0.814407 0.052258 0.133898
0 0.115484 0.379661 0.054194 0.125424
0 0.302258 0.516949 0.048387 0.128814
0 0.030645 0.241525 0.049677 0.120339
0 0.469355 0.509322 0.045806 0.123729
0 0.739677 0.500000 0.048387 0.125424
0 0.670323 0.363559 0.049032 0.127119
0 0.315161 0.230508 0.050968 0.128814
0 0.732581 0.639831 0.081935 0.127119
0 0.523871 0.509322 0.046452 0.127119
0 0.480968 0.229661 0.048387 0.127119
0 0.173226 0.377966 0.050968 0.128814
0 0.724516 0.360169 0.049032 0.127119
0 0.400000 0.372034 0.049032 0.130508
0 0.200645 0.233051 0.051613 0.127119
0 0.771290 0.219492 0.087097 0.127119
0 0.387742 0.656780 0.050323 0.123729
