0 0.590000 0.382292 0.050000 0.064583
0 0.189167 0.382292 0.051667 0.064583
0 0.777500 0.453125 0.051667 0.064583
0 0.720833 0.454167 0.051667 0.062500
0 0.546667 0.453125 0.050000 0.064583
0 0.498333 0.440625 0.873333 0.443750
0 0.124167 0.451042 0.091667 0.064583
0 0.430833 0.453125 0.051667 0.064583
0 0.749167 0.601042 0.051667 0.072917
0 0.387500 0.310417 0.051667 0.062500
0 0.820000 0.381250 0.050000 0.066667
0 0.502500 0.311458 0.051667 0.064583
0 0.444167 0.312500 0.051667 0.062500
0 0.869167 0.311458 0.091667 0.064583
0 0.373333 0.453125 0.050000 0.064583
0 0.460833 0.603125 0.285000 0.077083
0 0.661667 0.453125 0.050000 0.064583
0 0.647500 0.384375 0.051667 0.064583
0 0.108333 0.522917 0.063333 0.066667
0 0.884167 0.416667 0.065000 0.137500
0 0.517500 0.526042 0.051667 0.064583
0 0.359167 0.380208 0.051667 0.064583
0 0.675833 0.310417 0.051667 0.062500
0 0.691667 0.526042 0.050000 0.064583
0 0.604167 0.453125 0.051667 0.064583
0 0.532500 0.382292 0.051667 0.064583
0 0.459167 0.525000 0.051667 0.062500
0 0.107500 0.597917 0.065000 0.070833
0 0.105833 0.312500 0.048333 0.062500
0 0.216667 0.310417 0.050000 0.062500
0 0.560000 0.311458 0.053333 0.064583
0 0.244167 0.381250 0.051667 0.066667
0 0.733333 0.314583 0.050000 0.062500
0 0.173333 0.522917 0.050000 0.062500
0 0.258333 0.453125 0.050000 0.064583
0 0.286667 0.523958 0.050000 0.064583
0 0.618333 0.310417 0.053333 0.062500
0 0.285833 0.598958 0.051667 0.072917
0 0.791667 0.314583 0.050000 0.062500
0 0.416667 0.382292 0.050000 0.064583
0 0.749167 0.526042 0.051667 0.064583
0 0.474167 0.382292 0.051667 0.064583
0 0.201667 0.453125 0.050000 0.064583
0 0.272500 0.310417 0.051667 0.062500
0 0.834167 0.453125 0.051667 0.064583
0 0.488333 0.453125 0.053333 0.064583
0 0.705833 0.382292 0.051667 0.064583
0 0.850000 0.522917 0.136667 0.066667
0 0.330833 0.310417 0.051667 0.062500
0 0.763333 0.382292 0.050000 0.064583
0 0.160833 0.312500 0.048333 0.062500
0 0.118333 0.381250 0.076667 0.066667
0 0.632500 0.525000 0.051667 0.066667
0 0.344167 0.525000 0.051667 0.066667
0 0.302500 0.382292 0.051667 0.064583
0 0.633333 0.601042 0.053333 0.072917
0 0.230000 0.523958 0.050000 0.064583
0 0.576667 0.526042 0.053333 0.068750
0 0.315833 0.453125 0.051667 0.064583
0 0.401667 0.525000 0.053333 0.062500
