0 0.275980 0.326705 0.042589 0.055682
0 0.691227 0.448864 0.074106 0.054545
0 0.629472 0.449432 0.042589 0.053409
0 0.390971 0.266477 0.042589 0.055682
0 0.298552 0.265341 0.041738 0.055682
0 0.322402 0.326705 0.041738 0.055682
0 0.252129 0.264773 0.042589 0.054545
0 0.596252 0.328409 0.040886 0.054545
0 0.516610 0.388636 0.041738 0.054545
0 0.310903 0.448295 0.042589 0.055682
0 0.402044 0.509659 0.224872 0.055682
0 0.665247 0.267045 0.040886 0.054545
0 0.527683 0.267614 0.041738 0.055682
0 0.619250 0.267614 0.040886 0.053409
0 0.699319 0.389205 0.042589 0.055682
0 0.118399 0.447727 0.054514 0.056818
0 0.653748 0.389205 0.041738 0.055682
0 0.539182 0.509091 0.042589 0.054545
0 0.573680 0.268182 0.041738 0.054545
0 0.183560 0.326136 0.043441 0.056818
0 0.229557 0.325568 0.041738 0.055682
0 0.425894 0.388636 0.040886 0.054545
0 0.583901 0.449432 0.041738 0.053409
0 0.687394 0.327841 0.040886 0.055682
0 0.240630 0.386932 0.041738 0.055682
0 0.379898 0.387500 0.042589 0.054545
0 0.333901 0.388068 0.040886 0.055682
0 0.356899 0.448864 0.042589 0.054545
0 0.641823 0.328409 0.041738 0.054545
0 0.448893 0.448864 0.042589 0.054545
0 0.172061 0.447159 0.042589 0.055682
0 0.160562 0.264773 0.041738 0.054545
0 0.471039 0.388068 0.040886 0.055682
0 0.650767 0.509091 0.081772 0.054545
0 0.414395 0.327841 0.041738 0.055682
0 0.217632 0.447727 0.041738 0.056818
0 0.124787 0.325000 0.065588 0.056818
0 0.728279 0.267045 0.074957 0.056818
0 0.287905 0.387500 0.042589 0.054545
0 0.194634 0.386932 0.041738 0.055682
0 0.264480 0.509659 0.041738 0.055682
0 0.402896 0.448864 0.042589 0.054545
0 0.344974 0.265909 0.042589 0.054545
0 0.505111 0.327841 0.040886 0.055682
0 0.739779 0.357386 0.051959 0.114773
0 0.264480 0.447727 0.041738 0.054545
0 0.607751 0.389205 0.041738 0.055682
0 0.539182 0.448864 0.040886 0.054545
0 0.561329 0.388636 0.040886 0.054545
0 0.206133 0.264773 0.042589 0.054545
0 0.368399 0.327273 0.041738 0.054545
0 0.130750 0.385795 0.077513 0.055682
0 0.460392 0.327841 0.041738 0.055682
0 0.482538 0.267614 0.041738 0.055682
0 0.550681 0.327841 0.041738 0.055682
0 0.113288 0.264205 0.042589 0.055682
0 0.494037 0.449432 0.042589 0.055682
0 0.118399 0.508523 0.056218 0.055682
0 0.436968 0.267045 0.040886 0.054545
0 0.510647 0.368182 0.861158 0.372727
