0 0.375000 0.591932 0.042500 0.054409
0 0.554688 0.403846 0.041875 0.051595
0 0.447188 0.527674 0.040625 0.055347
0 0.436250 0.467636 0.041250 0.053471
0 0.638125 0.523452 0.041250 0.056285
0 0.088125 0.414634 0.040000 0.054409
0 0.672813 0.461538 0.041875 0.056285
0 0.134375 0.415103 0.041250 0.053471
0 0.460313 0.406660 0.040625 0.051595
0 0.327500 0.592871 0.042500 0.054409
0 0.483438 0.465760 0.040625 0.051595
0 0.352500 0.530019 0.041250 0.052533
0 0.494688 0.527205 0.041875 0.054409
0 0.232813 0.594747 0.041875 0.054409
0 0.083750 0.599437 0.053750 0.058161
0 0.272813 0.411351 0.041875 0.051595
0 0.080312 0.662289 0.058125 0.060038
0 0.601562 0.403377 0.039375 0.052533
0 0.305312 0.531895 0.039375 0.054409
0 0.727500 0.491557 0.052500 0.116323
0 0.180938 0.414165 0.040625 0.053471
0 0.248438 0.471857 0.040625 0.054409
0 0.226250 0.412758 0.040000 0.052533
0 0.155312 0.474672 0.041875 0.054409
0 0.163750 0.536116 0.041250 0.053471
0 0.507188 0.404784 0.041875 0.053471
0 0.258125 0.533302 0.041250 0.055347
0 0.201563 0.473734 0.040625 0.054409
0 0.613125 0.587242 0.041250 0.054409
0 0.531250 0.465291 0.042500 0.052533
0 0.714375 0.400094 0.077500 0.053471
0 0.678125 0.583021 0.075000 0.053471
0 0.367500 0.408537 0.040000 0.051595
0 0.625625 0.462477 0.040000 0.054409
0 0.423438 0.590525 0.041875 0.053471
0 0.636250 0.649156 0.083750 0.054409
0 0.648750 0.401501 0.040000 0.052533
0 0.295312 0.470450 0.040625 0.053471
0 0.230625 0.657129 0.042500 0.055347
0 0.541562 0.526266 0.040625 0.056285
0 0.470313 0.590525 0.043125 0.057223
0 0.518125 0.589118 0.041250 0.056285
0 0.389062 0.467167 0.040625 0.054409
0 0.590313 0.525328 0.040625 0.052533
0 0.096875 0.476079 0.063750 0.057223
0 0.280313 0.594278 0.041875 0.055347
0 0.413438 0.406660 0.039375 0.051595
0 0.578438 0.463884 0.040625 0.053471
0 0.342500 0.468105 0.040000 0.054409
0 0.137500 0.598499 0.042500 0.054409
0 0.210625 0.534709 0.041250 0.054409
0 0.565937 0.588649 0.040625 0.051595
0 0.374063 0.654315 0.235625 0.057223
0 0.488125 0.513602 0.893750 0.404315
0 0.517813 0.651032 0.043125 0.054409
0 0.400000 0.529550 0.041250 0.053471
0 0.185000 0.596623 0.041250 0.054409
0 0.320312 0.409944 0.041875 0.052533
0 0.099687 0.537054 0.075625 0.053471
0 0.684375 0.522983 0.041250 0.055347
