0 0.457023 0.429022 0.035639 0.053628
0 0.249476 0.370662 0.035639 0.053628
0 0.220126 0.429022 0.035639 0.053628
0 0.644654 0.372240 0.035639 0.053628
0 0.486373 0.371451 0.035639 0.052050
0 0.605870 0.373028 0.035639 0.052050
0 0.614780 0.545741 0.072327 0.053628
0 0.678721 0.315457 0.063941 0.050473
0 0.437107 0.487382 0.037736 0.053628
0 0.624738 0.315457 0.035639 0.050473
0 0.491614 0.415615 0.735849 0.367508
0 0.447065 0.371451 0.036688 0.052050
0 0.377883 0.429022 0.036688 0.053628
0 0.161426 0.371451 0.054507 0.052050
0 0.357966 0.487382 0.036688 0.053628
0 0.387317 0.313880 0.036688 0.050473
0 0.654612 0.430599 0.036688 0.053628
0 0.200210 0.486593 0.037736 0.055205
0 0.505765 0.313880 0.036688 0.050473
0 0.556080 0.488170 0.036688 0.052050
0 0.298742 0.429022 0.035639 0.053628
0 0.526205 0.371451 0.035639 0.052050
0 0.397799 0.545741 0.196017 0.053628
0 0.152516 0.314669 0.034591 0.052050
0 0.584906 0.313880 0.035639 0.050473
0 0.258910 0.429811 0.035639 0.052050
0 0.278302 0.545741 0.036688 0.053628
0 0.496331 0.429022 0.036688 0.053628
0 0.545597 0.314669 0.036688 0.052050
0 0.476939 0.487382 0.037736 0.053628
0 0.155660 0.486593 0.045073 0.052050
0 0.576520 0.429811 0.035639 0.052050
0 0.328092 0.371451 0.035639 0.052050
0 0.367400 0.371451 0.034591 0.052050
0 0.155660 0.542587 0.047170 0.053628
0 0.191300 0.314669 0.034591 0.052050
0 0.239518 0.487382 0.036688 0.053628
0 0.288784 0.370662 0.034591 0.053628
0 0.166143 0.428233 0.063941 0.052050
0 0.407233 0.371451 0.036688 0.052050
0 0.648847 0.488170 0.062893 0.052050
0 0.466981 0.314669 0.036688 0.052050
0 0.615828 0.430599 0.036688 0.053628
0 0.347484 0.313880 0.036688 0.050473
0 0.268344 0.313880 0.035639 0.050473
0 0.416667 0.429811 0.036688 0.055205
0 0.595912 0.488170 0.036688 0.052050
0 0.318134 0.487382 0.036688 0.053628
0 0.536688 0.429811 0.035639 0.052050
0 0.516247 0.488170 0.036688 0.052050
0 0.229560 0.313880 0.035639 0.050473
0 0.338050 0.429811 0.036688 0.052050
0 0.566038 0.371451 0.035639 0.052050
0 0.278826 0.487382 0.035639 0.053628
0 0.308176 0.313880 0.035639 0.050473
0 0.210692 0.371451 0.035639 0.052050
0 0.517296 0.546530 0.038784 0.055205
0 0.397275 0.487382 0.037736 0.053628
0 0.688155 0.399842 0.045073 0.108833
0 0.426625 0.313091 0.035639 0.052050
