0 0.735597 0.160377 0.072016 0.089623
0 0.483539 0.579009 0.074074 0.082547
0 0.888889 0.310142 0.164609 0.143868
0 0.723251 0.339623 0.072016 0.080189
0 0.197531 0.521226 0.082305 0.075472
0 0.081276 0.599057 0.072016 0.080189
0 0.434156 0.448113 0.078189 0.070755
0 0.241770 0.735849 0.084362 0.075472
0 0.181070 0.689858 0.069959 0.077830
0 0.436214 0.360849 0.069959 0.084906
0 0.482510 0.496462 0.080247 0.082547
0 0.494856 0.408019 0.080247 0.075472
0 0.300412 0.614387 0.086420 0.082547
0 0.420782 0.535377 0.080247 0.080189
0 0.538066 0.456368 0.080247 0.082547
0 0.137860 0.560142 0.074074 0.077830
0 0.675926 0.206368 0.076132 0.082547
0 0.074074 0.687500 0.094650 0.096698
0 0.303498 0.698113 0.072016 0.075472
0 0.032922 0.636792 0.061728 0.075472
0 0.695473 0.524764 0.078189 0.091981
0 0.497942 0.321934 0.074074 0.087264
0 0.315844 0.524764 0.080247 0.073113
0 0.615226 0.329009 0.078189 0.077830
0 0.601852 0.417453 0.072016 0.084906
0 0.314815 0.445755 0.078189 0.070755
0 0.796296 0.209906 0.074074 0.080189
0 0.555556 0.365566 0.078189 0.075472
0 0.664609 0.458726 0.065844 0.073113
0 0.818930 0.113208 0.119342 0.113208
0 0.883745 0.187500 0.125514 0.139151
0 0.615226 0.246462 0.074074 0.077830
0 0.418724 0.620283 0.084362 0.070755
0 0.737654 0.250000 0.072016 0.075472
0 0.816872 0.442217 0.078189 0.091981
0 0.502058 0.479953 1.000000 0.955189
0 0.374486 0.485849 0.074074 0.075472
0 0.555556 0.284198 0.074074 0.077830
0 0.520576 0.642689 0.320988 0.257075
0 0.197531 0.602594 0.082305 0.073113
0 0.663580 0.376179 0.072016 0.082547
0 0.185185 0.774764 0.074074 0.077830
0 0.245885 0.653302 0.072016 0.075472
0 0.337449 0.757075 0.086420 0.103774
0 0.375514 0.402123 0.080247 0.082547
0 0.545267 0.538915 0.074074 0.077830
0 0.127572 0.814858 0.074074 0.077830
0 0.676955 0.288915 0.069959 0.077830
0 0.604938 0.496462 0.074074 0.077830
0 0.112140 0.742925 0.104938 0.108491
0 0.362140 0.574292 0.074074 0.082547
0 0.257202 0.562500 0.082305 0.082547
0 0.784979 0.299528 0.076132 0.080189
0 0.161523 0.886792 0.084362 0.094340
0 0.779835 0.382075 0.074074 0.080189
0 0.724280 0.420991 0.074074 0.077830
0 0.138889 0.642689 0.076132 0.077830
0 0.254115 0.479953 0.080247 0.068396
0 0.364198 0.659198 0.078189 0.077830
0 0.840535 0.261792 0.076132 0.080189
