0 0.588623 0.422122 0.044434 0.064710
0 0.280029 0.194131 0.042480 0.064710
0 0.414062 0.346877 0.042969 0.067720
0 0.452148 0.269375 0.043945 0.067720
0 0.501953 0.268999 0.043945 0.065463
0 0.704102 0.266366 0.044922 0.067720
0 0.191895 0.420617 0.042969 0.064710
0 0.338867 0.422498 0.043945 0.066968
0 0.378418 0.193755 0.042969 0.065463
0 0.628906 0.191121 0.043945 0.066215
0 0.725830 0.420617 0.116699 0.069225
0 0.364258 0.346877 0.042969 0.067720
0 0.108398 0.345749 0.066406 0.065463
0 0.748047 0.189992 0.078125 0.068473
0 0.551758 0.268623 0.043945 0.067720
0 0.254395 0.270880 0.042969 0.066215
0 0.665527 0.344620 0.044922 0.067720
0 0.563965 0.345372 0.042969 0.067720
0 0.182129 0.194131 0.041992 0.064710
0 0.488037 0.423251 0.045410 0.066968
0 0.240234 0.502257 0.043945 0.074492
0 0.329346 0.193378 0.042480 0.064710
0 0.614990 0.345749 0.044434 0.066968
0 0.290283 0.422122 0.043457 0.066215
0 0.315674 0.346501 0.042480 0.066968
0 0.537109 0.504515 0.043945 0.074492
0 0.388428 0.503762 0.241699 0.074492
0 0.537598 0.422122 0.043945 0.066215
0 0.578125 0.191874 0.043945 0.066215
0 0.427734 0.193755 0.042969 0.065463
0 0.760254 0.267494 0.053711 0.066968
0 0.463379 0.346501 0.042969 0.068473
0 0.094971 0.500000 0.041504 0.072987
0 0.388184 0.423251 0.044922 0.065463
0 0.093018 0.195260 0.026855 0.062453
0 0.133789 0.194507 0.041992 0.063958
0 0.205566 0.269752 0.042969 0.065463
0 0.500000 0.328066 0.873047 0.480060
0 0.740479 0.344620 0.092285 0.069225
0 0.217529 0.346125 0.042480 0.066215
0 0.168457 0.345372 0.042969 0.066215
0 0.230957 0.194883 0.042969 0.066215
0 0.477539 0.193378 0.043945 0.066215
0 0.527832 0.193002 0.043945 0.066968
0 0.241211 0.421746 0.042969 0.066968
0 0.266357 0.347254 0.042480 0.066968
0 0.402344 0.269752 0.043945 0.066968
0 0.654053 0.267494 0.044434 0.066968
0 0.156738 0.270128 0.043945 0.066215
0 0.437988 0.422874 0.044922 0.066215
0 0.587402 0.504515 0.046875 0.077502
0 0.638184 0.422498 0.044922 0.065463
0 0.602539 0.268999 0.043945 0.065463
0 0.098389 0.420993 0.046387 0.065463
0 0.303711 0.270128 0.042969 0.064710
0 0.104004 0.270504 0.052734 0.065463
0 0.352783 0.269752 0.042480 0.065463
0 0.145020 0.420993 0.041016 0.065463
0 0.513184 0.345372 0.043945 0.067720
0 0.679443 0.190745 0.044434 0.065463
