0 0.117874 0.847477 0.117103 0.158257
0 0.872881 0.134174 0.073960 0.084862
0 0.325116 0.337729 0.067797 0.113532
0 0.399076 0.325115 0.060092 0.108945
0 0.088983 0.538417 0.165639 0.145642
0 0.369414 0.469037 0.071649 0.119266
0 0.500770 0.533830 1.000000 0.934633
0 0.850539 0.247133 0.047766 0.092890
0 0.896764 0.448394 0.075501 0.089450
0 0.686055 0.510894 0.063945 0.097477
0 0.092835 0.691514 0.113251 0.139908
0 0.211094 0.506307 0.075501 0.125000
0 0.879045 0.571674 0.067797 0.099771
0 0.793529 0.367546 0.049307 0.099771
0 0.358243 0.609518 0.075501 0.115826
0 0.291602 0.485665 0.074730 0.122706
0 0.741911 0.379014 0.052388 0.099771
0 0.194915 0.661697 0.083205 0.133028
0 0.502311 0.568234 0.067797 0.104358
0 0.688367 0.391628 0.056240 0.099771
0 0.803929 0.254587 0.050077 0.091743
0 0.339753 0.197821 0.060092 0.108945
0 0.542373 0.172592 0.052388 0.097477
0 0.246148 0.351491 0.070108 0.115826
0 0.756934 0.613532 0.077812 0.100917
0 0.762712 0.148509 0.046225 0.090596
0 0.567026 0.546445 0.066256 0.104358
0 0.657550 0.162271 0.051618 0.092890
0 0.711864 0.155390 0.050847 0.092890
0 0.058166 0.390482 0.114792 0.143349
0 0.095146 0.227638 0.079353 0.118119
0 0.410247 0.189220 0.060863 0.103211
0 0.885593 0.349197 0.048536 0.090596
0 0.182203 0.218463 0.070108 0.115826
0 0.279276 0.633028 0.080894 0.121560
0 0.631356 0.405390 0.059322 0.106651
0 0.704931 0.270069 0.050847 0.092890
0 0.530817 0.301606 0.058552 0.100917
0 0.839753 0.358372 0.049307 0.099771
0 0.554314 0.684060 0.342835 0.219037
0 0.507704 0.438073 0.067797 0.114679
0 0.756549 0.262041 0.050847 0.092890
0 0.477658 0.181193 0.058552 0.100917
0 0.810478 0.141628 0.046225 0.086009
0 0.790832 0.479358 0.060863 0.094037
0 0.627889 0.528096 0.064715 0.099771
0 0.651002 0.279243 0.052388 0.099771
0 0.466487 0.313073 0.060863 0.103211
0 0.336287 0.766055 0.099384 0.130734
0 0.910632 0.283830 0.077042 0.193807
0 0.440678 0.450688 0.067797 0.114679
0 0.263482 0.209289 0.067797 0.113532
0 0.601695 0.168005 0.052388 0.099771
0 0.572034 0.420298 0.060863 0.108945
0 0.431818 0.588876 0.070108 0.113532
0 0.160632 0.368693 0.079353 0.118119
0 0.739985 0.493693 0.062404 0.092890
0 0.593991 0.289564 0.052388 0.097477
0 0.949538 0.436927 0.053159 0.089450
0 0.840139 0.465023 0.059322 0.090596
