0 0.279167 0.332778 0.041667 0.054444
0 0.685417 0.452222 0.072500 0.053333
0 0.625000 0.452778 0.041667 0.052222
0 0.391667 0.273889 0.041667 0.054444
0 0.301250 0.272778 0.040833 0.054444
0 0.324583 0.332778 0.040833 0.054444
0 0.255833 0.272222 0.041667 0.053333
0 0.592500 0.334444 0.040000 0.053333
0 0.514583 0.393333 0.040833 0.053333
0 0.313333 0.451667 0.041667 0.054444
0 0.402500 0.511667 0.220000 0.054444
0 0.660000 0.274444 0.040000 0.053333
0 0.525417 0.275000 0.040833 0.054444
0 0.615000 0.275000 0.040000 0.052222
0 0.693333 0.393889 0.041667 0.054444
0 0.125000 0.451111 0.053333 0.055556
0 0.648750 0.393889 0.040833 0.054444
0 0.536667 0.511111 0.041667 0.053333
0 0.570417 0.275556 0.040833 0.053333
0 0.188750 0.332222 0.042500 0.055556
0 0.233750 0.331667 0.040833 0.054444
0 0.425833 0.393333 0.040000 0.053333
0 0.580417 0.452778 0.040833 0.052222
0 0.681667 0.333889 0.040000 0.054444
0 0.244583 0.391667 0.040833 0.054444
0 0.380833 0.392222 0.041667 0.053333
0 0.335833 0.392778 0.040000 0.054444
0 0.358333 0.452222 0.041667 0.053333
0 0.637083 0.334444 0.040833 0.053333
0 0.448333 0.452222 0.041667 0.053333
0 0.177500 0.450556 0.041667 0.054444
0 0.166250 0.272222 0.040833 0.053333
0 0.470000 0.392778 0.040000 0.054444
0 0.645833 0.511111 0.080000 0.053333
0 0.414583 0.333889 0.040833 0.054444
0 0.222083 0.451111 0.040833 0.055556
0 0.131250 0.331111 0.064167 0.055556
0 0.721667 0.274444 0.073333 0.055556
0 0.290833 0.392222 0.041667 0.053333
0 0.199583 0.391667 0.040833 0.054444
0 0.267917 0.511667 0.040833 0.054444
0 0.403333 0.452222 0.041667 0.053333
0 0.346667 0.273333 0.041667 0.053333
0 0.503333 0.333889 0.040000 0.054444
0 0.732917 0.362778 0.050833 0.112222
0 0.267917 0.451111 0.040833 0.053333
0 0.603750 0.393889 0.040833 0.054444
0 0.536667 0.452222 0.040000 0.053333
0 0.558333 0.393333 0.040000 0.053333
0 0.210833 0.272222 0.041667 0.053333
0 0.369583 0.333333 0.040833 0.053333
0 0.137083 0.390556 0.075833 0.054444
0 0.459583 0.333889 0.040833 0.054444
0 0.481250 0.275000 0.040833 0.054444
0 0.547917 0.333889 0.040833 0.054444
0 0.120000 0.271667 0.041667 0.054444
0 0.492500 0.452778 0.041667 0.054444
0 0.125000 0.510556 0.055000 0.054444
0 0.436667 0.274444 0.040000 0.053333
0 0.508750 0.373333 0.842500 0.364444
