0 0.472727 0.712054 0.068182 0.138393
0 0.801136 0.857143 0.065909 0.133929
0 0.719318 0.968750 0.088636 0.071429
0 0.143182 0.861607 0.068182 0.133929
0 0.045455 0.421875 0.063636 0.138393
0 0.859091 0.421875 0.063636 0.138393
0 0.912500 0.709821 0.065909 0.133929
0 0.268182 0.421875 0.063636 0.138393
0 0.544318 0.712054 0.065909 0.138393
0 0.951136 0.419643 0.102273 0.133929
0 0.977273 0.970982 0.050000 0.066964
0 0.598864 0.564732 0.070455 0.138393
0 0.023864 0.861607 0.043182 0.133929
0 0.968182 0.638393 0.068182 0.285714
0 0.379545 0.564732 0.068182 0.138393
0 0.489773 0.419643 0.061364 0.142857
0 0.215909 0.857143 0.068182 0.133929
0 0.746591 0.562500 0.065909 0.133929
0 0.672727 0.564732 0.068182 0.138393
0 0.896591 0.571429 0.065909 0.133929
0 0.837500 0.709821 0.065909 0.133929
0 0.562500 0.419643 0.065909 0.142857
0 0.325000 0.712054 0.068182 0.138393
0 0.580682 0.857143 0.070455 0.133929
0 0.764773 0.709821 0.065909 0.133929
0 0.502273 0.662946 1.000000 0.683036
0 0.023864 0.970982 0.043182 0.066964
0 0.231818 0.564732 0.068182 0.138393
0 0.288636 0.857143 0.068182 0.133929
0 0.169318 0.968750 0.084091 0.071429
0 0.305682 0.564732 0.070455 0.138393
0 0.027273 0.566964 0.050000 0.142857
0 0.785227 0.424107 0.065909 0.142857
0 0.637500 0.419643 0.065909 0.142857
0 0.653409 0.857143 0.070455 0.133929
0 0.397727 0.712054 0.068182 0.138393
0 0.819318 0.564732 0.065909 0.129464
0 0.103409 0.712054 0.065909 0.138393
0 0.178409 0.712054 0.065909 0.138393
0 0.435227 0.857143 0.070455 0.133929
0 0.194318 0.419643 0.065909 0.142857
0 0.343182 0.419643 0.063636 0.142857
0 0.120455 0.426339 0.063636 0.129464
0 0.690909 0.712054 0.068182 0.138393
0 0.507955 0.857143 0.070455 0.133929
0 0.252273 0.712054 0.068182 0.138393
0 0.018182 0.421875 0.031818 0.138393
0 0.361364 0.857143 0.068182 0.133929
0 0.159091 0.564732 0.068182 0.138393
0 0.084091 0.566964 0.068182 0.142857
0 0.443182 0.968750 0.459091 0.071429
0 0.031818 0.714286 0.059091 0.133929
0 0.452273 0.564732 0.068182 0.138393
0 0.727273 0.854911 0.068182 0.129464
0 0.415909 0.419643 0.063636 0.142857
0 0.618182 0.712054 0.068182 0.138393
0 0.070455 0.861607 0.068182 0.133929
0 0.526136 0.564732 0.070455 0.138393
0 0.921591 0.857143 0.161364 0.133929
0 0.710227 0.419643 0.065909 0.142857
