0 0.201439 0.270522 0.041727 0.065920
0 0.163309 0.341418 0.041727 0.063433
0 0.696043 0.195896 0.075540 0.063433
0 0.098561 0.271144 0.066187 0.062189
0 0.183453 0.412313 0.041727 0.065920
0 0.453237 0.197761 0.040288 0.062189
0 0.079496 0.486940 0.058273 0.068408
0 0.370504 0.411070 0.043165 0.065920
0 0.510791 0.409826 0.041727 0.065920
0 0.710791 0.265547 0.053237 0.065920
0 0.301799 0.338930 0.041007 0.065920
0 0.441367 0.337065 0.041007 0.067164
0 0.498201 0.196517 0.039568 0.062189
0 0.407914 0.198383 0.040288 0.063433
0 0.348201 0.338930 0.041727 0.065920
0 0.256115 0.342040 0.040288 0.064677
0 0.226259 0.200871 0.041007 0.060945
0 0.567266 0.266169 0.039568 0.062189
0 0.686691 0.409204 0.114388 0.067164
0 0.464388 0.410448 0.043885 0.069652
0 0.323741 0.410448 0.041727 0.067164
0 0.369424 0.495025 0.232374 0.092040
0 0.417986 0.411070 0.043165 0.068408
0 0.247122 0.268657 0.041007 0.064677
0 0.181295 0.200871 0.040288 0.060945
0 0.384532 0.267413 0.041007 0.062189
0 0.487050 0.337065 0.041727 0.067164
0 0.084532 0.414179 0.056835 0.064677
0 0.136331 0.411692 0.042446 0.064677
0 0.227698 0.486318 0.043885 0.069652
0 0.626619 0.337065 0.041727 0.067164
0 0.210072 0.342040 0.040288 0.062189
0 0.634892 0.200871 0.041007 0.060945
0 0.100000 0.341418 0.079137 0.065920
0 0.155396 0.269900 0.041727 0.064677
0 0.521583 0.266169 0.040288 0.062189
0 0.612950 0.264925 0.040288 0.064677
0 0.533453 0.336443 0.041007 0.065920
0 0.696403 0.337065 0.089209 0.064677
0 0.488489 0.335199 0.890647 0.466418
0 0.430216 0.266791 0.040288 0.063433
0 0.338129 0.268035 0.040288 0.063433
0 0.475180 0.265547 0.039568 0.063433
0 0.607194 0.483831 0.046043 0.069652
0 0.394604 0.337687 0.041007 0.065920
0 0.091007 0.202114 0.039568 0.060945
0 0.271583 0.200871 0.041007 0.060945
0 0.230216 0.411070 0.041727 0.065920
0 0.512230 0.485075 0.044604 0.069652
0 0.317266 0.200249 0.040288 0.059701
0 0.604317 0.409204 0.043165 0.064677
0 0.135971 0.200871 0.040288 0.060945
0 0.292446 0.268035 0.041007 0.063433
0 0.579856 0.337065 0.041727 0.064677
0 0.362590 0.199627 0.040288 0.060945
0 0.588489 0.195896 0.040288 0.060945
0 0.557554 0.409826 0.041727 0.065920
0 0.543525 0.196517 0.041007 0.062189
0 0.277338 0.410448 0.042446 0.067164
0 0.658273 0.264925 0.041727 0.064677
