0 0.782240 0.398036 0.048643 0.061934
0 0.277715 0.546073 0.048643 0.077039
0 0.624434 0.397281 0.047511 0.063444
0 0.530543 0.262085 0.047511 0.058912
0 0.292421 0.330060 0.048643 0.061934
0 0.126131 0.401057 0.089367 0.061934
0 0.687217 0.262085 0.046380 0.058912
0 0.372172 0.262085 0.047511 0.058912
0 0.160633 0.262840 0.047511 0.060423
0 0.492081 0.466767 0.049774 0.063444
0 0.660633 0.542296 0.063348 0.075529
0 0.451357 0.330060 0.047511 0.061934
0 0.464932 0.398036 0.047511 0.061934
0 0.385181 0.467523 0.048643 0.064955
0 0.729072 0.397281 0.046380 0.063444
0 0.119910 0.332326 0.074661 0.063444
0 0.439480 0.543051 0.261312 0.077039
0 0.704186 0.466767 0.048643 0.060423
0 0.199095 0.399547 0.047511 0.061934
0 0.319005 0.262085 0.047511 0.058912
0 0.305430 0.398792 0.047511 0.063444
0 0.663462 0.329305 0.046380 0.060423
0 0.252262 0.399547 0.047511 0.061934
0 0.816742 0.262085 0.097285 0.058912
0 0.278846 0.468278 0.048643 0.063444
0 0.108032 0.264350 0.046380 0.060423
0 0.110860 0.469789 0.063348 0.063444
0 0.802602 0.466012 0.139140 0.061934
0 0.438914 0.467523 0.049774 0.061934
0 0.398756 0.329305 0.046380 0.060423
0 0.715498 0.330060 0.046380 0.061934
0 0.582579 0.261329 0.047511 0.060423
0 0.557692 0.329305 0.047511 0.060423
0 0.109729 0.546073 0.065611 0.077039
0 0.477376 0.261329 0.047511 0.060423
0 0.600113 0.542296 0.048643 0.075529
0 0.677036 0.398036 0.046380 0.061934
0 0.424208 0.262085 0.047511 0.058912
0 0.739253 0.262085 0.046380 0.058912
0 0.331448 0.468278 0.049774 0.063444
0 0.224548 0.469033 0.048643 0.061934
0 0.480204 0.385952 0.826923 0.433535
0 0.610294 0.329305 0.046380 0.060423
0 0.518100 0.397281 0.047511 0.063444
0 0.239253 0.330060 0.048643 0.061934
0 0.346154 0.330060 0.047511 0.061934
0 0.171380 0.468278 0.048643 0.063444
0 0.186652 0.330816 0.049774 0.063444
0 0.358597 0.398036 0.047511 0.061934
0 0.571267 0.397281 0.047511 0.063444
0 0.598982 0.466767 0.048643 0.063444
0 0.766403 0.330060 0.046380 0.061934
0 0.411765 0.398792 0.047511 0.063444
0 0.635181 0.261329 0.046380 0.060423
0 0.651584 0.466012 0.047511 0.061934
0 0.505090 0.329305 0.048643 0.063444
0 0.265837 0.262840 0.047511 0.060423
0 0.834276 0.364804 0.073529 0.131420
0 0.212670 0.262840 0.047511 0.060423
0 0.545814 0.467523 0.050905 0.064955
