0 0.390662 0.624224 0.053191 0.130435
0 0.655437 0.767081 0.100473 0.136646
0 0.700355 0.299689 0.053191 0.139752
0 0.327423 0.785714 0.297872 0.155280
0 0.235816 0.472050 0.053191 0.136646
0 0.450355 0.622671 0.052009 0.139752
0 0.715721 0.453416 0.050827 0.136646
0 0.026005 0.484472 0.049645 0.142857
0 0.063239 0.164596 0.055556 0.136646
0 0.750591 0.144410 0.094563 0.139752
0 0.219267 0.315217 0.055556 0.139752
0 0.628842 0.613354 0.052009 0.127329
0 0.023050 0.647516 0.043735 0.145963
0 0.580969 0.304348 0.053191 0.136646
0 0.022459 0.327640 0.042553 0.139752
0 0.343381 0.312112 0.053191 0.139752
0 0.708629 0.607143 0.088652 0.133540
0 0.538416 0.461180 0.050827 0.139752
0 0.492317 0.153727 0.053191 0.139752
0 0.501182 0.461180 1.000000 0.916149
0 0.204492 0.635093 0.056738 0.139752
0 0.510638 0.771739 0.052009 0.133540
0 0.124113 0.159938 0.056738 0.139752
0 0.569740 0.614907 0.049645 0.130435
0 0.359338 0.467391 0.054374 0.139752
0 0.018913 0.649068 0.035461 0.136646
0 0.157210 0.319876 0.056738 0.142857
0 0.093972 0.319876 0.055556 0.136646
0 0.173168 0.476708 0.055556 0.139752
0 0.640662 0.302795 0.054374 0.139752
0 0.767139 0.371118 0.066194 0.288820
0 0.014184 0.170807 0.026005 0.130435
0 0.373522 0.156832 0.054374 0.139752
0 0.463357 0.310559 0.052009 0.136646
0 0.187352 0.158385 0.055556 0.136646
0 0.597518 0.459627 0.050827 0.136646
0 0.657210 0.454969 0.052009 0.133540
0 0.509456 0.619565 0.049645 0.133540
0 0.329787 0.628882 0.054374 0.133540
0 0.030733 0.324534 0.059102 0.139752
0 0.078605 0.642857 0.053191 0.130435
0 0.670213 0.145963 0.052009 0.136646
0 0.141844 0.636646 0.054374 0.136646
0 0.250000 0.156832 0.055556 0.139752
0 0.297872 0.470497 0.054374 0.139752
0 0.419031 0.464286 0.050827 0.133540
0 0.141253 0.798137 0.055556 0.149068
0 0.015366 0.167702 0.028369 0.136646
0 0.521868 0.307453 0.053191 0.136646
0 0.402482 0.312112 0.053191 0.139752
0 0.311466 0.156832 0.055556 0.139752
0 0.109338 0.481366 0.055556 0.142857
0 0.046690 0.481366 0.055556 0.136646
0 0.018913 0.816770 0.035461 0.149068
0 0.551418 0.152174 0.053191 0.136646
0 0.281915 0.313665 0.055556 0.136646
0 0.268322 0.631988 0.054374 0.133540
0 0.432624 0.156832 0.054374 0.139752
0 0.610520 0.150621 0.053191 0.139752
0 0.479905 0.464286 0.052009 0.133540
