0 0.408068 0.337719 0.046904 0.061404
0 0.292214 0.268797 0.047842 0.061404
0 0.571764 0.206767 0.045966 0.060150
0 0.802064 0.305764 0.056285 0.125313
0 0.621951 0.206767 0.045028 0.060150
0 0.420263 0.203634 0.046904 0.061404
0 0.559099 0.338972 0.045028 0.061404
0 0.214353 0.200501 0.045966 0.060150
0 0.596623 0.273183 0.045028 0.060150
0 0.227017 0.404135 0.046904 0.061404
0 0.750469 0.406015 0.078799 0.060150
0 0.671670 0.206767 0.045028 0.060150
0 0.394934 0.271303 0.045028 0.061404
0 0.583959 0.471805 0.045966 0.058897
0 0.188555 0.268170 0.048780 0.062657
0 0.122889 0.266917 0.073171 0.062657
0 0.496717 0.272556 0.045966 0.061404
0 0.537992 0.315163 0.925891 0.412281
0 0.278612 0.471805 0.046904 0.061404
0 0.110225 0.199248 0.045966 0.062657
0 0.201220 0.335840 0.045966 0.062657
0 0.382270 0.404762 0.047842 0.060150
0 0.534240 0.406015 0.045966 0.060150
0 0.546904 0.272556 0.045028 0.061404
0 0.459193 0.338972 0.045966 0.061404
0 0.446060 0.271930 0.045966 0.062657
0 0.317542 0.201754 0.045966 0.060150
0 0.608818 0.340226 0.045028 0.061404
0 0.240150 0.267544 0.046904 0.061404
0 0.305347 0.337093 0.045966 0.062657
0 0.647280 0.274436 0.045028 0.060150
0 0.509381 0.339599 0.045028 0.062657
0 0.721857 0.208020 0.044090 0.060150
0 0.471388 0.204887 0.044090 0.061404
0 0.709193 0.340226 0.045028 0.061404
0 0.746717 0.274436 0.045028 0.060150
0 0.331144 0.404135 0.046904 0.061404
0 0.758443 0.340226 0.045966 0.061404
0 0.683396 0.406015 0.045966 0.057644
0 0.633677 0.406015 0.045966 0.057644
0 0.129456 0.334586 0.086304 0.062657
0 0.696998 0.274436 0.045028 0.060150
0 0.521576 0.206140 0.045028 0.061404
0 0.659475 0.340226 0.045028 0.061404
0 0.115854 0.403509 0.060976 0.062657
0 0.789869 0.208020 0.080675 0.062657
0 0.266417 0.201128 0.046904 0.061404
0 0.706848 0.472431 0.090994 0.060150
0 0.356942 0.337719 0.045966 0.061404
0 0.115385 0.471178 0.061914 0.062657
0 0.253283 0.336466 0.046904 0.061404
0 0.175422 0.402882 0.046904 0.061404
0 0.343809 0.270050 0.045966 0.061404
0 0.431520 0.472431 0.249531 0.062657
0 0.583490 0.406015 0.045028 0.060150
0 0.484053 0.406015 0.046904 0.060150
0 0.279550 0.404135 0.046904 0.061404
0 0.369606 0.202381 0.046904 0.061404
0 0.162758 0.199875 0.045966 0.061404
0 0.433396 0.405388 0.046904 0.058897
