0 0.642500 0.499029 0.081000 0.062136
0 0.668000 0.300000 0.038000 0.060194
0 0.238000 0.364078 0.038000 0.060194
0 0.115000 0.429126 0.054000 0.062136
0 0.682500 0.365049 0.039000 0.062136
0 0.618500 0.431068 0.039000 0.058252
0 0.461000 0.363107 0.038000 0.062136
0 0.129000 0.295146 0.062000 0.062136
0 0.362000 0.297087 0.036000 0.058252
0 0.123000 0.232039 0.038000 0.056311
0 0.581500 0.298058 0.037000 0.060194
0 0.193500 0.363107 0.039000 0.062136
0 0.558000 0.233010 0.038000 0.058252
0 0.573000 0.431068 0.038000 0.058252
0 0.297000 0.233010 0.038000 0.058252
0 0.500500 0.351456 0.847000 0.419417
0 0.253500 0.232039 0.039000 0.060194
0 0.505500 0.362136 0.039000 0.064078
0 0.348500 0.429126 0.039000 0.062136
0 0.394500 0.428155 0.039000 0.060194
0 0.113000 0.497087 0.054000 0.066019
0 0.167000 0.233010 0.038000 0.058252
0 0.439500 0.429126 0.041000 0.062136
0 0.256000 0.498058 0.040000 0.064078
0 0.625000 0.298058 0.038000 0.060194
0 0.679000 0.430097 0.070000 0.060194
0 0.258500 0.429126 0.039000 0.062136
0 0.703500 0.233010 0.069000 0.062136
0 0.538000 0.297087 0.038000 0.058252
0 0.643500 0.234951 0.037000 0.058252
0 0.341000 0.233010 0.038000 0.058252
0 0.213000 0.430097 0.038000 0.060194
0 0.719000 0.329126 0.050000 0.126214
0 0.594500 0.364078 0.039000 0.060194
0 0.514500 0.233010 0.039000 0.058252
0 0.303500 0.429126 0.041000 0.062136
0 0.210500 0.231068 0.039000 0.058252
0 0.327500 0.362136 0.039000 0.060194
0 0.384000 0.232039 0.038000 0.060194
0 0.529500 0.499029 0.043000 0.066019
0 0.450500 0.297087 0.039000 0.062136
0 0.638500 0.366019 0.039000 0.060194
0 0.168000 0.430097 0.040000 0.060194
0 0.494000 0.297087 0.038000 0.058252
0 0.417500 0.362136 0.039000 0.060194
0 0.186000 0.296117 0.042000 0.060194
0 0.283000 0.363107 0.040000 0.062136
0 0.406500 0.297087 0.039000 0.058252
0 0.484000 0.430097 0.040000 0.064078
0 0.372000 0.362136 0.040000 0.060194
0 0.550000 0.364078 0.038000 0.060194
0 0.230500 0.295146 0.039000 0.062136
0 0.471000 0.233010 0.038000 0.058252
0 0.274500 0.296117 0.039000 0.060194
0 0.428000 0.232039 0.038000 0.060194
0 0.601000 0.234951 0.038000 0.058252
0 0.392500 0.495146 0.223000 0.066019
0 0.318500 0.297087 0.039000 0.062136
0 0.528000 0.431068 0.038000 0.058252
0 0.131500 0.360194 0.073000 0.064078
