0 0.422176 0.621308 0.053719 0.073840
0 0.092287 0.712025 0.063361 0.082278
0 0.764463 0.800633 0.057851 0.082278
0 0.020661 0.978903 0.038567 0.046414
0 0.153581 0.710970 0.059229 0.080169
0 0.285813 0.802743 0.056474 0.078059
0 0.365014 0.621308 0.057851 0.078059
0 0.595730 0.620253 0.056474 0.075949
0 0.212810 0.710970 0.059229 0.080169
0 0.615702 0.893460 0.055096 0.082278
0 0.685950 0.707806 0.057851 0.082278
0 0.374656 0.894515 0.060606 0.084388
0 0.435262 0.894515 0.057851 0.084388
0 0.495179 0.893460 0.059229 0.086498
0 0.654959 0.620253 0.053719 0.080169
0 0.745868 0.708861 0.056474 0.084388
0 0.019284 0.623418 0.035813 0.073840
0 0.273416 0.710970 0.059229 0.080169
0 0.794077 0.620253 0.100551 0.084388
0 0.405647 0.799578 0.053719 0.084388
0 0.626033 0.707806 0.056474 0.078059
0 0.555785 0.894515 0.056474 0.084388
0 0.225895 0.803797 0.057851 0.084388
0 0.067493 0.624473 0.060606 0.080169
0 0.314738 0.895570 0.059229 0.086498
0 0.186639 0.623418 0.059229 0.078059
0 0.524105 0.799578 0.056474 0.080169
0 0.163912 0.804852 0.060606 0.082278
0 0.372590 0.975738 0.301653 0.052743
0 0.583333 0.799578 0.056474 0.080169
0 0.817493 0.758439 0.073003 0.179325
0 0.192149 0.897679 0.059229 0.082278
0 0.247245 0.622363 0.056474 0.075949
0 0.392562 0.709916 0.057851 0.078059
0 0.020661 0.901899 0.038567 0.082278
0 0.333333 0.709916 0.055096 0.078059
0 0.537879 0.619198 0.053719 0.078059
0 0.127410 0.622363 0.056474 0.075949
0 0.450413 0.707806 0.057851 0.082278
0 0.643251 0.798523 0.055096 0.082278
0 0.707300 0.974684 0.114325 0.054852
0 0.501377 0.754219 1.000000 0.495781
0 0.253444 0.896624 0.060606 0.084388
0 0.345730 0.801688 0.057851 0.080169
0 0.480716 0.621308 0.055096 0.078059
0 0.067493 0.899789 0.060606 0.082278
0 0.465565 0.798523 0.055096 0.082278
0 0.036501 0.804852 0.070248 0.082278
0 0.703857 0.799578 0.057851 0.080169
0 0.509642 0.707806 0.055096 0.078059
0 0.675620 0.893460 0.056474 0.082278
0 0.306474 0.623418 0.056474 0.073840
0 0.129477 0.899789 0.060606 0.082278
0 0.712810 0.621308 0.053719 0.078059
0 0.556474 0.975738 0.057851 0.052743
0 0.758953 0.895570 0.099174 0.090717
0 0.031680 0.713080 0.060606 0.080169
0 0.103306 0.804852 0.060606 0.082278
0 0.188017 0.977848 0.061983 0.048523
0 0.568182 0.706751 0.056474 0.080169
