0 0.661133 0.413191 0.067383 0.058723
0 0.582031 0.348936 0.037109 0.056170
0 0.212891 0.356170 0.039062 0.058723
0 0.588135 0.226383 0.035645 0.052766
0 0.430664 0.230213 0.035156 0.051915
0 0.272949 0.232340 0.037109 0.052766
0 0.354248 0.418723 0.038574 0.059574
0 0.208740 0.293191 0.039551 0.055319
0 0.529785 0.288085 0.036133 0.053617
0 0.623291 0.348511 0.037598 0.057021
0 0.186768 0.420851 0.040527 0.060426
0 0.562500 0.414894 0.038086 0.057021
0 0.130615 0.490213 0.052246 0.064681
0 0.438232 0.416170 0.038574 0.059574
0 0.418457 0.352340 0.037109 0.057872
0 0.650635 0.285957 0.036621 0.054468
0 0.697754 0.313191 0.050781 0.117447
0 0.329346 0.291915 0.036621 0.054468
0 0.194092 0.233617 0.036621 0.053617
0 0.458984 0.351064 0.037109 0.058723
0 0.627686 0.225532 0.034668 0.051064
0 0.265625 0.488511 0.041016 0.062979
0 0.521240 0.414468 0.037598 0.059574
0 0.294922 0.355319 0.038086 0.058723
0 0.521484 0.483830 0.040039 0.062128
0 0.254150 0.355319 0.038574 0.058723
0 0.393066 0.487234 0.208984 0.062128
0 0.540527 0.349787 0.036133 0.056170
0 0.233398 0.233617 0.037109 0.051915
0 0.396240 0.418298 0.039551 0.058723
0 0.154297 0.234043 0.036133 0.052766
0 0.664551 0.347660 0.039062 0.057021
0 0.497559 0.334894 0.800781 0.414468
0 0.138428 0.421702 0.050293 0.060426
0 0.369873 0.291064 0.036621 0.054468
0 0.604736 0.414894 0.038574 0.057021
0 0.352051 0.231915 0.036133 0.051915
0 0.270752 0.420000 0.039551 0.060426
0 0.610596 0.286383 0.036621 0.053617
0 0.470459 0.230213 0.035645 0.051915
0 0.391357 0.230638 0.035645 0.052766
0 0.248535 0.292340 0.038086 0.055319
0 0.289551 0.291915 0.037109 0.054468
0 0.682129 0.222979 0.066406 0.052766
0 0.449951 0.289787 0.036621 0.055319
0 0.570068 0.287234 0.035645 0.053617
0 0.228760 0.420426 0.039551 0.059574
0 0.489990 0.288936 0.035645 0.053617
0 0.627197 0.482128 0.076660 0.062128
0 0.156250 0.356170 0.069336 0.057021
0 0.312744 0.232340 0.035645 0.052766
0 0.158203 0.292766 0.057617 0.056170
0 0.377441 0.352340 0.037109 0.057872
0 0.509521 0.228511 0.035645 0.051915
0 0.336670 0.353617 0.037598 0.058723
0 0.500000 0.351064 0.037109 0.057021
0 0.312744 0.419149 0.039551 0.058723
0 0.548584 0.227660 0.035645 0.051915
0 0.409668 0.290638 0.036133 0.055319
0 0.479736 0.415745 0.039551 0.060426
