0 0.768168 0.381310 0.044012 0.055935
0 0.311668 0.515007 0.044012 0.069577
0 0.625384 0.380628 0.042989 0.057299
0 0.540430 0.258527 0.042989 0.053206
0 0.324974 0.319918 0.044012 0.055935
0 0.174514 0.384038 0.080860 0.055935
0 0.682190 0.258527 0.041965 0.053206
0 0.397134 0.258527 0.042989 0.053206
0 0.205732 0.259209 0.042989 0.054570
0 0.505629 0.443383 0.045036 0.057299
0 0.658137 0.511596 0.057318 0.068213
0 0.468782 0.319918 0.042989 0.055935
0 0.481064 0.381310 0.042989 0.055935
0 0.408905 0.444065 0.044012 0.058663
0 0.720061 0.380628 0.041965 0.057299
0 0.168884 0.321965 0.067554 0.057299
0 0.458035 0.512278 0.236438 0.069577
0 0.697544 0.443383 0.044012 0.054570
0 0.240532 0.382674 0.042989 0.055935
0 0.349028 0.258527 0.042989 0.053206
0 0.336745 0.381992 0.042989 0.057299
0 0.660696 0.319236 0.041965 0.054570
0 0.288639 0.382674 0.042989 0.055935
0 0.799386 0.258527 0.088025 0.053206
0 0.312692 0.444748 0.044012 0.057299
0 0.158137 0.260573 0.041965 0.054570
0 0.160696 0.446112 0.057318 0.057299
0 0.786592 0.442701 0.125896 0.055935
0 0.457523 0.444065 0.045036 0.055935
0 0.421187 0.319236 0.041965 0.054570
0 0.707779 0.319918 0.041965 0.055935
0 0.587513 0.257844 0.042989 0.054570
0 0.564995 0.319236 0.042989 0.054570
0 0.159672 0.515007 0.059365 0.069577
0 0.492323 0.257844 0.042989 0.054570
0 0.603378 0.511596 0.044012 0.068213
0 0.672979 0.381310 0.041965 0.055935
0 0.444217 0.258527 0.042989 0.053206
0 0.729273 0.258527 0.041965 0.053206
0 0.360287 0.444748 0.045036 0.057299
0 0.263562 0.445430 0.044012 0.055935
0 0.494882 0.370396 0.748209 0.391542
0 0.612590 0.319236 0.041965 0.054570
0 0.529171 0.380628 0.042989 0.057299
0 0.276868 0.319918 0.044012 0.055935
0 0.373593 0.319918 0.042989 0.055935
0 0.215455 0.444748 0.044012 0.057299
0 0.229273 0.320600 0.045036 0.057299
0 0.384852 0.381310 0.042989 0.055935
0 0.577277 0.380628 0.042989 0.057299
0 0.602354 0.443383 0.044012 0.057299
0 0.753838 0.319918 0.041965 0.055935
0 0.432958 0.381992 0.042989 0.057299
0 0.635107 0.257844 0.041965 0.054570
0 0.649949 0.442701 0.042989 0.055935
0 0.517400 0.319236 0.044012 0.057299
0 0.300921 0.259209 0.042989 0.054570
0 0.815251 0.351296 0.066530 0.118690
0 0.252815 0.259209 0.042989 0.054570
0 0.554248 0.444065 0.046059 0.058663
