0 0.547126 0.300287 0.055172 0.063218
0 0.162644 0.359195 0.060920 0.068966
0 0.736782 0.301006 0.059770 0.061782
0 0.340805 0.513649 0.060920 0.070402
0 0.724138 0.449713 0.108046 0.083333
0 0.416092 0.562500 0.301149 0.173851
0 0.390805 0.281609 0.057471 0.060345
0 0.398851 0.493534 0.064368 0.070402
0 0.578161 0.355603 0.057471 0.067529
0 0.554598 0.227011 0.058621 0.060345
0 0.686207 0.318247 0.059770 0.064655
0 0.237356 0.477730 0.058621 0.070402
0 0.221839 0.557471 0.059770 0.071839
0 0.322989 0.374282 0.057471 0.070402
0 0.435632 0.336925 0.059770 0.067529
0 0.178161 0.500000 0.059770 0.071839
0 0.294828 0.456178 0.058621 0.070402
0 0.353448 0.436782 0.060920 0.068966
0 0.513218 0.451868 0.060920 0.067529
0 0.490805 0.316092 0.057471 0.063218
0 0.044828 0.701868 0.080460 0.084770
0 0.599425 0.283046 0.056322 0.063218
0 0.445977 0.264368 0.057471 0.063218
0 0.633333 0.337644 0.057471 0.066092
0 0.652874 0.262213 0.055172 0.061782
0 0.702874 0.243534 0.058621 0.061782
0 0.014943 0.418822 0.027586 0.070402
0 0.658621 0.192529 0.055172 0.057471
0 0.567816 0.431753 0.062069 0.067529
0 0.206897 0.416667 0.059770 0.068966
0 0.501149 0.399425 1.000000 0.750000
0 0.105747 0.379310 0.055172 0.068966
0 0.035632 0.626437 0.068966 0.083333
0 0.378736 0.356322 0.058621 0.068966
0 0.161494 0.579741 0.058621 0.070402
0 0.409770 0.415948 0.060920 0.067529
0 0.750000 0.364943 0.097701 0.080460
0 0.029885 0.483477 0.057471 0.084770
0 0.456897 0.472701 0.060920 0.068966
0 0.678161 0.391523 0.062069 0.064655
0 0.729310 0.173132 0.090805 0.070402
0 0.522989 0.375718 0.059770 0.067529
0 0.333333 0.300287 0.059770 0.063218
0 0.500575 0.245690 0.058621 0.060345
0 0.220690 0.339080 0.059770 0.066092
0 0.590230 0.500000 0.063218 0.068966
0 0.047701 0.399425 0.056322 0.068966
0 0.147701 0.435345 0.058621 0.068966
0 0.771839 0.254310 0.086207 0.114943
0 0.265517 0.395115 0.057471 0.068966
0 0.118966 0.520833 0.058621 0.073276
0 0.237356 0.628592 0.063218 0.076149
0 0.466667 0.395833 0.059770 0.067529
0 0.623563 0.411638 0.060920 0.064655
0 0.607471 0.209770 0.056322 0.057471
0 0.282184 0.536638 0.060920 0.070402
0 0.277586 0.319684 0.058621 0.064655
0 0.100575 0.601293 0.058621 0.073276
0 0.090230 0.456897 0.060920 0.071839
0 0.043678 0.550287 0.085057 0.091954
