0 0.486920 0.262894 0.046890 0.060172
0 0.699161 0.255014 0.047878 0.061605
0 0.645114 0.257163 0.049358 0.061605
0 0.461007 0.332020 0.047384 0.060888
0 0.662389 0.463109 0.050346 0.062321
0 0.229023 0.271132 0.046397 0.059456
0 0.266535 0.405444 0.047384 0.061605
0 0.688055 0.392908 0.050346 0.062321
0 0.673495 0.324499 0.048865 0.060172
0 0.619447 0.326648 0.048371 0.061605
0 0.539487 0.261461 0.047384 0.061605
0 0.514067 0.330229 0.048865 0.063037
0 0.752962 0.253940 0.047878 0.059456
0 0.214709 0.406160 0.047384 0.061605
0 0.580701 0.396490 0.048865 0.062321
0 0.843781 0.353868 0.064659 0.133238
0 0.718657 0.538324 0.051333 0.078080
0 0.306269 0.336318 0.046890 0.060888
0 0.188549 0.473496 0.047384 0.061605
0 0.501728 0.467765 0.049852 0.063037
0 0.280109 0.270415 0.047878 0.060888
0 0.331688 0.268625 0.047384 0.060172
0 0.527641 0.398281 0.048371 0.063037
0 0.145360 0.340258 0.059724 0.061605
0 0.780849 0.320559 0.049358 0.062321
0 0.813179 0.458811 0.132774 0.065186
0 0.434847 0.266117 0.047384 0.060888
0 0.451135 0.545487 0.260612 0.075215
0 0.291708 0.547278 0.047384 0.075931
0 0.566140 0.328438 0.049358 0.060888
0 0.357848 0.335602 0.047384 0.060888
0 0.743090 0.391476 0.050839 0.063754
0 0.292448 0.472421 0.047878 0.062321
0 0.498026 0.381447 0.802567 0.443410
0 0.202616 0.338467 0.048865 0.062321
0 0.344028 0.470989 0.049358 0.063754
0 0.633761 0.394341 0.048371 0.062321
0 0.383514 0.266834 0.047384 0.059456
0 0.610316 0.540831 0.048865 0.075931
0 0.592300 0.259670 0.048371 0.062321
0 0.727048 0.323424 0.049358 0.062321
0 0.134748 0.551218 0.047384 0.076648
0 0.475074 0.400072 0.047878 0.062321
0 0.135735 0.475287 0.047384 0.062321
0 0.715943 0.461318 0.049852 0.060172
0 0.133514 0.272923 0.033070 0.058739
0 0.409427 0.333453 0.046890 0.060888
0 0.396347 0.469914 0.049358 0.063037
0 0.449161 0.468481 0.049358 0.061605
0 0.797384 0.390043 0.051826 0.062321
0 0.151283 0.407235 0.073544 0.060888
0 0.240128 0.473854 0.047878 0.060888
0 0.608342 0.464542 0.049852 0.062321
0 0.318361 0.404370 0.047384 0.062321
0 0.254442 0.336676 0.047878 0.061605
0 0.554788 0.466332 0.051333 0.064470
0 0.370928 0.402937 0.047878 0.062321
0 0.422014 0.401504 0.048371 0.062321
0 0.827493 0.250000 0.089339 0.061605
0 0.177690 0.271490 0.046397 0.058739
