0 0.482178 0.264164 0.046387 0.059490
0 0.692139 0.256374 0.047363 0.060907
0 0.638672 0.258499 0.048828 0.060907
0 0.456543 0.332507 0.046875 0.060198
0 0.655762 0.462110 0.049805 0.061615
0 0.227051 0.272309 0.045898 0.058782
0 0.264160 0.405099 0.046875 0.060907
0 0.681152 0.392705 0.049805 0.061615
0 0.666748 0.325071 0.048340 0.059490
0 0.613281 0.327195 0.047852 0.060907
0 0.534180 0.262748 0.046875 0.060907
0 0.509033 0.330737 0.048340 0.062323
0 0.745361 0.255312 0.047363 0.058782
0 0.212891 0.405807 0.046875 0.060907
0 0.574951 0.396246 0.048340 0.061615
0 0.835205 0.354108 0.063965 0.131728
0 0.711426 0.536473 0.050781 0.077195
0 0.303467 0.336756 0.046387 0.060198
0 0.187012 0.472380 0.046875 0.060907
0 0.496826 0.466714 0.049316 0.062323
0 0.277588 0.271601 0.047363 0.060198
0 0.328613 0.269830 0.046875 0.059490
0 0.522461 0.398017 0.047852 0.062323
0 0.144287 0.340652 0.059082 0.060907
0 0.772949 0.321176 0.048828 0.061615
0 0.804932 0.457861 0.131348 0.064448
0 0.430664 0.267351 0.046875 0.060198
0 0.446777 0.543555 0.257812 0.074363
0 0.289062 0.545326 0.046875 0.075071
0 0.560547 0.328966 0.048828 0.060198
0 0.354492 0.336048 0.046875 0.060198
0 0.735596 0.391289 0.050293 0.063031
0 0.289795 0.471317 0.047363 0.061615
0 0.493164 0.381374 0.793945 0.438385
0 0.200928 0.338881 0.048340 0.061615
0 0.340820 0.469901 0.048828 0.063031
0 0.627441 0.394122 0.047852 0.061615
0 0.379883 0.268059 0.046875 0.058782
0 0.604248 0.538952 0.048340 0.075071
0 0.586426 0.260977 0.047852 0.061615
0 0.719727 0.324008 0.048828 0.061615
0 0.133789 0.549221 0.046875 0.075779
0 0.470459 0.399788 0.047363 0.061615
0 0.134766 0.474150 0.046875 0.061615
0 0.708740 0.460340 0.049316 0.059490
0 0.132568 0.274079 0.032715 0.058074
0 0.405518 0.333924 0.046387 0.060198
0 0.392578 0.468839 0.048828 0.062323
0 0.444824 0.467422 0.048828 0.060907
0 0.789307 0.389873 0.051270 0.061615
0 0.150146 0.406870 0.072754 0.060198
0 0.238037 0.472734 0.047363 0.060198
0 0.602295 0.463527 0.049316 0.061615
0 0.315430 0.404037 0.046875 0.061615
0 0.252197 0.337110 0.047363 0.060907
0 0.549316 0.465297 0.050781 0.063739
0 0.367432 0.402620 0.047363 0.061615
0 0.417969 0.401204 0.047852 0.061615
0 0.819092 0.251416 0.088379 0.060907
0 0.176270 0.272663 0.045898 0.058074
