0 0.014308 0.776680 0.027027 0.098814
0 0.335453 0.420949 0.036566 0.098814
0 0.443959 0.540514 0.035771 0.096838
0 0.215024 0.303360 0.037361 0.100791
0 0.468203 0.658103 0.036566 0.090909
0 0.019078 0.656126 0.036566 0.090909
0 0.188792 0.419960 0.035771 0.096838
0 0.503975 0.305336 0.034976 0.088933
0 0.198728 0.537549 0.036566 0.094862
0 0.091017 0.418972 0.037361 0.102767
0 0.541335 0.542490 0.036566 0.096838
0 0.383943 0.421937 0.038156 0.092885
0 0.069555 0.654150 0.037361 0.090909
0 0.032591 0.780632 0.054054 0.102767
0 0.528617 0.422925 0.034976 0.094862
0 0.559221 0.660079 0.123211 0.090909
0 0.067170 0.303360 0.037361 0.100791
0 0.099364 0.536561 0.036566 0.096838
0 0.598569 0.784585 0.052464 0.094862
0 0.010731 0.654150 0.019873 0.094862
0 0.010334 0.416008 0.019078 0.100791
0 0.491653 0.541502 0.037361 0.098814
0 0.048887 0.535573 0.037361 0.098814
0 0.040143 0.417984 0.037361 0.100791
0 0.269873 0.655138 0.038951 0.092885
0 0.345390 0.540514 0.037361 0.096838
0 0.359698 0.306324 0.038951 0.102767
0 0.114865 0.301383 0.037361 0.100791
0 0.010334 0.536561 0.019078 0.100791
0 0.319157 0.657115 0.038951 0.096838
0 0.296900 0.539526 0.037361 0.098814
0 0.412162 0.780632 0.051669 0.098814
0 0.165739 0.301383 0.037361 0.100791
0 0.457075 0.308300 0.036566 0.098814
0 0.480525 0.423913 0.037361 0.096838
0 0.408188 0.307312 0.040541 0.104743
0 0.310811 0.304348 0.038156 0.102767
0 0.016296 0.414032 0.031002 0.096838
0 0.369237 0.656126 0.035771 0.094862
0 0.139507 0.418972 0.037361 0.098814
0 0.119634 0.654150 0.037361 0.090909
0 0.237281 0.417984 0.035771 0.096838
0 0.589030 0.487154 0.062003 0.219368
0 0.221383 0.785573 0.312401 0.116601
0 0.247615 0.539526 0.037361 0.094862
0 0.577107 0.305336 0.082671 0.088933
0 0.395469 0.541502 0.038951 0.098814
0 0.261526 0.301383 0.039746 0.100791
0 0.019475 0.535573 0.037361 0.102767
0 0.170111 0.655138 0.036566 0.092885
0 0.286963 0.419960 0.038156 0.100791
0 0.009141 0.293478 0.016693 0.088933
0 0.431638 0.421937 0.036566 0.092885
0 0.418521 0.657115 0.037361 0.092885
0 0.220191 0.656126 0.038156 0.090909
0 0.017886 0.295455 0.034181 0.096838
0 0.009936 0.296443 0.018283 0.098814
0 0.014308 0.654150 0.027027 0.094862
0 0.148251 0.536561 0.037361 0.096838
0 0.500795 0.540514 1.000000 0.922925
