0 0.559935 0.498371 0.046436 0.065147
0 0.596112 0.290717 0.045356 0.060261
0 0.633909 0.427524 0.045356 0.063518
0 0.849892 0.499186 0.129590 0.063518
0 0.683045 0.427524 0.044276 0.063518
0 0.204644 0.575733 0.059395 0.079805
0 0.400108 0.289902 0.044276 0.058632
0 0.288337 0.426710 0.045356 0.061889
0 0.548596 0.421010 0.775378 0.447883
0 0.473542 0.356678 0.044276 0.061889
0 0.863391 0.293974 0.091793 0.060261
0 0.546976 0.289902 0.044276 0.058632
0 0.359611 0.575733 0.045356 0.079805
0 0.375270 0.357492 0.044276 0.063518
0 0.386069 0.427524 0.044276 0.063518
0 0.609611 0.498371 0.046436 0.065147
0 0.360691 0.496743 0.045356 0.065147
0 0.448704 0.289902 0.044276 0.058632
0 0.423866 0.358306 0.044276 0.061889
0 0.645248 0.290717 0.044276 0.060261
0 0.302916 0.289088 0.044276 0.060261
0 0.277538 0.357492 0.045356 0.063518
0 0.659287 0.497557 0.046436 0.063518
0 0.221382 0.426710 0.082073 0.061889
0 0.350972 0.289088 0.045356 0.060261
0 0.460043 0.497557 0.045356 0.066775
0 0.484881 0.427524 0.045356 0.063518
0 0.261879 0.495928 0.046436 0.063518
0 0.336933 0.426710 0.045356 0.061889
0 0.436285 0.427524 0.045356 0.063518
0 0.717063 0.577362 0.060475 0.079805
0 0.732721 0.428339 0.044276 0.061889
0 0.709503 0.498371 0.045356 0.061889
0 0.510259 0.497557 0.046436 0.063518
0 0.877970 0.396580 0.071274 0.131922
0 0.781857 0.429153 0.045356 0.063518
0 0.509719 0.575733 0.244060 0.083062
0 0.584233 0.427524 0.045356 0.063518
0 0.621490 0.358306 0.044276 0.061889
0 0.830454 0.429967 0.045356 0.061889
0 0.693844 0.290717 0.044276 0.060261
0 0.790497 0.292345 0.043197 0.060261
0 0.522678 0.358306 0.045356 0.061889
0 0.534557 0.427524 0.045356 0.063518
0 0.206263 0.495928 0.058315 0.063518
0 0.498380 0.289902 0.044276 0.058632
0 0.572354 0.358306 0.045356 0.061889
0 0.757559 0.500000 0.046436 0.061889
0 0.254320 0.289088 0.044276 0.060261
0 0.326674 0.357492 0.044276 0.063518
0 0.311015 0.496743 0.045356 0.065147
0 0.742981 0.291531 0.043197 0.058632
0 0.719762 0.359121 0.044276 0.060261
0 0.216523 0.358306 0.070194 0.061889
0 0.206263 0.289902 0.043197 0.058632
0 0.660907 0.577362 0.045356 0.079805
0 0.768359 0.359935 0.044276 0.061889
0 0.670626 0.358306 0.045356 0.061889
0 0.816415 0.360749 0.045356 0.063518
0 0.410367 0.496743 0.045356 0.065147
