0 0.779283 0.263672 0.047584 0.062500
0 0.116764 0.199707 0.046120 0.057617
0 0.814422 0.400879 0.141288 0.061523
0 0.206076 0.333496 0.047584 0.061523
0 0.752562 0.195312 0.046852 0.058594
0 0.116764 0.477539 0.063690 0.076172
0 0.445461 0.400879 0.050512 0.061523
0 0.178624 0.401855 0.048316 0.061523
0 0.668741 0.477051 0.065154 0.077148
0 0.687775 0.332031 0.049048 0.062500
0 0.352489 0.263672 0.047584 0.060547
0 0.633968 0.331543 0.048316 0.063477
0 0.539165 0.194824 0.049048 0.061523
0 0.606881 0.400879 0.048316 0.061523
0 0.592240 0.194336 0.048316 0.060547
0 0.194729 0.265625 0.049780 0.062500
0 0.431918 0.194824 0.048316 0.059570
0 0.299780 0.264160 0.047584 0.061523
0 0.661054 0.400391 0.048316 0.060547
0 0.364934 0.332520 0.047584 0.061523
0 0.620791 0.262695 0.048316 0.062500
0 0.486091 0.193848 0.048316 0.059570
0 0.230966 0.401855 0.047584 0.061523
0 0.499634 0.400391 0.050512 0.062500
0 0.391288 0.400879 0.049048 0.063477
0 0.128477 0.267578 0.073939 0.062500
0 0.793924 0.332520 0.049048 0.063477
0 0.580161 0.331055 0.049048 0.062500
0 0.526354 0.331543 0.048316 0.063477
0 0.714129 0.401855 0.049048 0.059570
0 0.273060 0.197266 0.048316 0.060547
0 0.699854 0.194824 0.046852 0.059570
0 0.311859 0.333008 0.048316 0.062500
0 0.379209 0.195801 0.048316 0.059570
0 0.513177 0.262695 0.049780 0.062500
0 0.727306 0.263184 0.047584 0.061523
0 0.445827 0.477539 0.263543 0.078125
0 0.418009 0.332031 0.048316 0.062500
0 0.740849 0.332520 0.048316 0.063477
0 0.831259 0.196289 0.100293 0.060547
0 0.168741 0.198242 0.046120 0.060547
0 0.646413 0.193848 0.048316 0.059570
0 0.118228 0.403809 0.060761 0.061523
0 0.847731 0.299316 0.073206 0.131836
0 0.674231 0.263184 0.046852 0.059570
0 0.607613 0.477539 0.049780 0.076172
0 0.459004 0.263184 0.048316 0.061523
0 0.284407 0.401367 0.047584 0.062500
0 0.220717 0.197754 0.047584 0.059570
0 0.337482 0.401367 0.049780 0.062500
0 0.245974 0.264648 0.048316 0.062500
0 0.538799 0.323242 0.923865 0.457031
0 0.326135 0.196289 0.047584 0.058594
0 0.553075 0.400879 0.050512 0.063477
0 0.566618 0.262695 0.048316 0.060547
0 0.133602 0.334473 0.088580 0.061523
0 0.283675 0.478027 0.049048 0.075195
0 0.258419 0.333496 0.048316 0.061523
0 0.472548 0.332031 0.049048 0.062500
0 0.405930 0.262207 0.047584 0.061523
