0 0.349591 0.257286 0.040246 0.044627
0 0.521487 0.363843 0.041610 0.050091
0 0.768076 0.419854 0.107776 0.051002
0 0.166780 0.419854 0.047067 0.049180
0 0.441337 0.257286 0.040928 0.044627
0 0.497954 0.419854 0.043656 0.049180
0 0.649727 0.309654 0.040246 0.045537
0 0.474420 0.364299 0.041610 0.049180
0 0.306958 0.419399 0.042292 0.050091
0 0.556958 0.309654 0.040246 0.045537
0 0.450546 0.419854 0.042974 0.049180
0 0.545020 0.351093 0.836289 0.354281
0 0.487381 0.256831 0.040246 0.043716
0 0.709413 0.364299 0.042292 0.049180
0 0.777967 0.364754 0.083902 0.050091
0 0.463506 0.310109 0.041610 0.046448
0 0.180764 0.364299 0.065484 0.049180
0 0.324011 0.310109 0.040928 0.046448
0 0.777285 0.257286 0.070259 0.046448
0 0.716917 0.257286 0.039563 0.044627
0 0.303547 0.257741 0.040928 0.045537
0 0.230900 0.310109 0.042974 0.048270
0 0.257162 0.257286 0.040928 0.044627
0 0.370396 0.309654 0.040928 0.045537
0 0.545362 0.419854 0.042974 0.051002
0 0.742156 0.310565 0.040928 0.047359
0 0.402115 0.419854 0.042974 0.051002
0 0.354707 0.419854 0.043656 0.049180
0 0.510573 0.309654 0.041610 0.047359
0 0.277285 0.309654 0.041610 0.047359
0 0.427353 0.364299 0.041610 0.049180
0 0.568554 0.363388 0.041610 0.049180
0 0.593793 0.480419 0.042974 0.057377
0 0.179400 0.310565 0.051842 0.047359
0 0.449523 0.480419 0.236016 0.059199
0 0.625171 0.256375 0.040246 0.044627
0 0.333220 0.364299 0.041610 0.049180
0 0.792292 0.310109 0.048431 0.048270
0 0.592428 0.419399 0.041610 0.048270
0 0.615280 0.363388 0.040928 0.049180
0 0.304229 0.481330 0.043656 0.057377
0 0.212483 0.419854 0.041610 0.049180
0 0.285812 0.364754 0.042292 0.048270
0 0.238745 0.364299 0.042292 0.047359
0 0.642224 0.481330 0.044338 0.057377
0 0.171896 0.256831 0.027285 0.045537
0 0.379945 0.364299 0.040928 0.049180
0 0.640518 0.419854 0.042292 0.047359
0 0.603001 0.310109 0.040928 0.046448
0 0.663029 0.363843 0.040928 0.048270
0 0.687926 0.420310 0.042974 0.048270
0 0.579468 0.256831 0.040246 0.045537
0 0.395293 0.257286 0.040246 0.044627
0 0.417121 0.309654 0.040246 0.047359
0 0.211119 0.256831 0.041610 0.045537
0 0.159618 0.479964 0.043656 0.056466
0 0.259209 0.420310 0.042292 0.050091
0 0.533424 0.256831 0.040928 0.045537
0 0.671214 0.256375 0.039563 0.044627
0 0.696112 0.310109 0.040246 0.046448
