0 0.314931 0.638889 0.034028 0.062963
0 0.240278 0.490123 0.031944 0.059259
0 0.482292 0.637654 0.032639 0.060494
0 0.492014 0.490123 0.029861 0.059259
0 0.335417 0.564198 0.030556 0.059259
0 0.409375 0.488889 0.031250 0.059259
0 0.356944 0.637037 0.033333 0.061728
0 0.196528 0.490123 0.031944 0.059259
0 0.435417 0.711111 0.044444 0.061728
0 0.450694 0.488272 0.030556 0.058025
0 0.250347 0.563580 0.032639 0.060494
0 0.324653 0.490123 0.031250 0.059259
0 0.502778 0.561728 0.030556 0.061728
0 0.163889 0.565432 0.031944 0.061728
0 0.591667 0.709877 0.043056 0.061728
0 0.228472 0.640123 0.031944 0.060494
0 0.585764 0.524074 0.050694 0.134568
0 0.216319 0.416049 0.032639 0.064198
0 0.020139 0.491358 0.038889 0.061728
0 0.532639 0.489506 0.030556 0.062963
0 0.014931 0.717284 0.028472 0.061728
0 0.378472 0.562346 0.031944 0.060494
0 0.464931 0.525926 0.928472 0.506173
0 0.469792 0.416667 0.034028 0.062963
0 0.109722 0.491358 0.030556 0.059259
0 0.461806 0.562346 0.030556 0.060494
0 0.574306 0.415432 0.072222 0.060494
0 0.173264 0.416049 0.031250 0.061728
0 0.387847 0.416667 0.034028 0.062963
0 0.042361 0.417901 0.031944 0.062963
0 0.008681 0.416049 0.015972 0.059259
0 0.260069 0.417284 0.032639 0.064198
0 0.367708 0.488889 0.031250 0.056790
0 0.142014 0.640741 0.029861 0.059259
0 0.114583 0.716667 0.044444 0.062963
0 0.419792 0.562346 0.031250 0.060494
0 0.129167 0.416049 0.031944 0.064198
0 0.512500 0.416049 0.030556 0.059259
0 0.560069 0.635802 0.103472 0.061728
0 0.065972 0.493827 0.031944 0.061728
0 0.271875 0.637654 0.034028 0.060494
0 0.207292 0.564815 0.031250 0.060494
0 0.025694 0.567284 0.050000 0.062963
0 0.014583 0.641975 0.027778 0.059259
0 0.120833 0.565432 0.031944 0.061728
0 0.077083 0.566667 0.030556 0.061728
0 0.428819 0.416667 0.034028 0.060494
0 0.303472 0.417901 0.033333 0.062963
0 0.282639 0.490123 0.031944 0.059259
0 0.293750 0.562963 0.031944 0.059259
0 0.440625 0.635802 0.031250 0.059259
0 0.087153 0.417284 0.032639 0.061728
0 0.055903 0.641975 0.031250 0.061728
0 0.346528 0.416667 0.033333 0.062963
0 0.098611 0.641975 0.030556 0.059259
0 0.543403 0.561728 0.029861 0.061728
0 0.185417 0.639506 0.031944 0.059259
0 0.400000 0.637037 0.031944 0.061728
0 0.275347 0.714815 0.260417 0.069136
0 0.153472 0.491358 0.030556 0.061728
