0 0.238924 0.269953 0.063291 0.093897
0 0.349684 0.517606 0.060127 0.096244
0 0.194620 0.496479 0.060127 0.096244
0 0.956487 0.754695 0.058544 0.100939
0 0.376582 0.647887 0.063291 0.098592
0 0.549842 0.329812 0.071203 0.129108
0 0.589399 0.564554 0.061709 0.096244
0 0.791139 0.361502 0.063291 0.093897
0 0.473101 0.302817 0.063291 0.093897
0 0.270570 0.505869 0.060127 0.096244
0 0.420095 0.415493 0.061709 0.093897
0 0.789557 0.724178 0.060127 0.096244
0 0.498418 0.431925 0.060127 0.093897
0 0.873418 0.738263 0.060127 0.100939
0 0.501582 0.508216 1.000000 0.960094
0 0.981013 0.518779 0.041139 0.098592
0 0.217563 0.615023 0.061709 0.093897
0 0.704905 0.710094 0.061709 0.100939
0 0.672468 0.580986 0.060127 0.096244
0 0.954114 0.389671 0.063291 0.093897
0 0.141614 0.603286 0.061709 0.093897
0 0.837816 0.606808 0.058544 0.096244
0 0.161392 0.253521 0.063291 0.093897
0 0.662975 0.457746 0.060127 0.093897
0 0.295886 0.630282 0.063291 0.096244
0 0.393987 0.291080 0.063291 0.093897
0 0.903481 0.503521 0.060127 0.096244
0 0.187500 0.381455 0.058544 0.091549
0 0.235759 0.746479 0.079114 0.098592
0 0.265032 0.386150 0.058544 0.091549
0 0.757120 0.597418 0.058544 0.096244
0 0.510285 0.552817 0.058544 0.096244
0 0.622627 0.694836 0.061709 0.098592
0 0.918513 0.626761 0.058544 0.093897
0 0.823576 0.484742 0.058544 0.096244
0 0.871835 0.370892 0.063291 0.093897
0 0.742880 0.469484 0.058544 0.093897
0 0.540348 0.678404 0.064873 0.098592
0 0.094937 0.360329 0.098101 0.096244
0 0.458861 0.661972 0.063291 0.098592
0 0.987342 0.636150 0.028481 0.093897
0 0.429589 0.535211 0.061709 0.098592
0 0.090190 0.475352 0.117089 0.100939
0 0.543513 0.820423 0.501582 0.223005
0 0.316456 0.279343 0.063291 0.093897
0 0.856804 0.863850 0.077532 0.103286
0 0.341772 0.401408 0.063291 0.093897
0 0.632911 0.330986 0.063291 0.093897
0 0.088608 0.244131 0.063291 0.093897
0 0.583861 0.446009 0.056962 0.093897
0 0.712025 0.347418 0.063291 0.093897
0 0.055380 0.586854 0.082278 0.103286
0 0.041139 0.701878 0.079114 0.098592
