0 0.240971 0.763535 0.034989 0.055732
0 0.372460 0.562898 0.033860 0.055732
0 0.018623 0.698248 0.034989 0.055732
0 0.323928 0.562898 0.033860 0.055732
0 0.473476 0.645701 0.944695 0.492038
0 0.360045 0.695860 0.033860 0.054140
0 0.490971 0.628185 0.033860 0.055732
0 0.009594 0.697452 0.016930 0.057325
0 0.379797 0.828025 0.046275 0.054140
0 0.503386 0.695860 0.036117 0.054140
0 0.274266 0.562898 0.033860 0.055732
0 0.077314 0.562898 0.034989 0.058917
0 0.455418 0.695860 0.034989 0.054140
0 0.010158 0.558917 0.018059 0.060510
0 0.125847 0.559713 0.034989 0.058917
0 0.009594 0.766720 0.016930 0.055732
0 0.176072 0.560510 0.036117 0.057325
0 0.287810 0.764331 0.036117 0.057325
0 0.054176 0.628981 0.033860 0.057325
0 0.556433 0.826433 0.049661 0.054140
0 0.408578 0.695860 0.033860 0.054140
0 0.348758 0.630573 0.033860 0.054140
0 0.067720 0.696656 0.033860 0.055732
0 0.215576 0.695860 0.033860 0.054140
0 0.202032 0.627389 0.033860 0.054140
0 0.116817 0.695860 0.034989 0.054140
0 0.025959 0.560510 0.036117 0.057325
0 0.019187 0.833599 0.036117 0.055732
0 0.093679 0.765127 0.036117 0.055732
0 0.384876 0.762739 0.033860 0.054140
0 0.192438 0.763535 0.034989 0.055732
0 0.300226 0.627389 0.033860 0.054140
0 0.010158 0.561306 0.018059 0.058917
0 0.312077 0.695860 0.034989 0.054140
0 0.538939 0.558121 0.084650 0.055732
0 0.396163 0.627389 0.033860 0.054140
0 0.337472 0.763535 0.033860 0.055732
0 0.015237 0.628185 0.028217 0.058917
0 0.251693 0.626592 0.033860 0.055732
0 0.520880 0.761146 0.118510 0.054140
0 0.009594 0.766720 0.016930 0.055732
0 0.010158 0.628981 0.018059 0.057325
0 0.197517 0.830414 0.293454 0.055732
0 0.012415 0.767516 0.022573 0.057325
0 0.165914 0.695860 0.033860 0.054140
0 0.018623 0.697452 0.034989 0.057325
0 0.044018 0.765127 0.033860 0.055732
0 0.226862 0.561306 0.033860 0.055732
0 0.264108 0.695064 0.033860 0.052548
0 0.553047 0.660032 0.056433 0.125796
0 0.468397 0.559713 0.033860 0.055732
0 0.009594 0.559713 0.016930 0.055732
0 0.142777 0.764331 0.032731 0.054140
0 0.011851 0.834395 0.021445 0.054140
0 0.152935 0.627389 0.032731 0.054140
0 0.444131 0.627389 0.034989 0.057325
0 0.011287 0.628981 0.020316 0.057325
0 0.432280 0.762739 0.036117 0.054140
0 0.419865 0.561306 0.033860 0.055732
0 0.103273 0.628185 0.034989 0.055732
