0 0.770096 0.412304 0.096463 0.075916
0 0.788585 0.557592 0.075563 0.172775
0 0.617363 0.616492 0.041801 0.075916
0 0.510450 0.435864 0.043408 0.081152
0 0.355305 0.730366 0.041801 0.078534
0 0.237942 0.736911 0.041801 0.075916
0 0.543408 0.532723 0.041801 0.075916
0 0.533762 0.717277 0.041801 0.078534
0 0.221061 0.460733 0.043408 0.083770
0 0.415595 0.726440 0.040193 0.075916
0 0.394695 0.443717 0.043408 0.081152
0 0.074759 0.561518 0.043408 0.070681
0 0.325563 0.636126 0.040193 0.078534
0 0.278939 0.452880 0.043408 0.083770
0 0.140675 0.842932 0.056270 0.078534
0 0.020096 0.565445 0.036977 0.073298
0 0.558682 0.617801 0.043408 0.073298
0 0.473473 0.721204 0.043408 0.081152
0 0.452572 0.441099 0.043408 0.081152
0 0.651125 0.706806 0.041801 0.078534
0 0.297428 0.734293 0.041801 0.075916
0 0.368167 0.541885 0.041801 0.073298
0 0.681672 0.421466 0.041801 0.078534
0 0.501608 0.621728 0.041801 0.075916
0 0.014469 0.757853 0.025723 0.075916
0 0.569132 0.431937 0.045016 0.083770
0 0.589228 0.810209 0.056270 0.081152
0 0.716238 0.515707 0.043408 0.078534
0 0.676849 0.611257 0.041801 0.075916
0 0.366559 0.842932 0.363344 0.125654
0 0.426045 0.534031 0.041801 0.073298
0 0.625402 0.425393 0.041801 0.075916
0 0.382637 0.630890 0.041801 0.078534
0 0.307878 0.545812 0.040193 0.070681
0 0.104502 0.464660 0.041801 0.075916
0 0.249196 0.547120 0.041801 0.073298
0 0.027331 0.658377 0.051447 0.081152
0 0.483119 0.530105 0.040193 0.070681
0 0.593248 0.710733 0.041801 0.075916
0 0.045016 0.469895 0.041801 0.075916
0 0.177653 0.743455 0.040193 0.073298
0 0.147910 0.649215 0.041801 0.078534
0 0.191318 0.551047 0.041801 0.075916
0 0.087621 0.654450 0.043408 0.078534
0 0.442122 0.626963 0.041801 0.075916
0 0.734727 0.603403 0.041801 0.075916
0 0.811093 0.787958 0.059486 0.078534
0 0.501608 0.579843 1.000000 0.746073
0 0.660772 0.519634 0.041801 0.075916
0 0.162379 0.459424 0.041801 0.075916
0 0.058682 0.752618 0.043408 0.075916
0 0.598071 0.523560 0.041801 0.073298
0 0.336817 0.447644 0.043408 0.083770
0 0.134244 0.554974 0.040193 0.073298
0 0.011254 0.475131 0.019293 0.070681
0 0.209003 0.645288 0.041801 0.075916
0 0.117363 0.747382 0.041801 0.075916
0 0.014469 0.853403 0.025723 0.078534
0 0.760450 0.697644 0.144695 0.075916
0 0.265273 0.640052 0.041801 0.075916
