0 0.583241 0.500706 0.041759 0.120056
0 0.821826 0.350989 0.100223 0.120056
0 0.422049 0.649011 0.042316 0.120056
0 0.494710 0.349576 0.042873 0.128531
0 0.345768 0.500706 0.041203 0.120056
0 0.621659 0.944209 0.057350 0.114407
0 0.509744 0.800141 0.042873 0.125706
0 0.314588 0.348164 0.044543 0.122881
0 0.540089 0.647599 0.042316 0.122881
0 0.173998 0.947740 0.058463 0.107345
0 0.180958 0.649718 0.042316 0.121469
0 0.701559 0.500706 0.042316 0.122881
0 0.465757 0.500000 0.041759 0.121469
0 0.376114 0.349576 0.045100 0.122881
0 0.842149 0.944209 0.054009 0.114407
0 0.673163 0.351695 0.042316 0.121469
0 0.027004 0.802966 0.052895 0.125706
0 0.733018 0.351695 0.041759 0.118644
0 0.642261 0.500000 0.041759 0.118644
0 0.835189 0.576977 0.069042 0.272599
0 0.480234 0.647599 0.041759 0.122881
0 0.716871 0.647599 0.042873 0.120056
0 0.025334 0.947034 0.049555 0.108757
0 0.120546 0.649718 0.042873 0.121469
0 0.088808 0.802966 0.043987 0.122881
0 0.597439 0.646893 0.042316 0.121469
0 0.192929 0.347458 0.045100 0.127119
0 0.435690 0.348870 0.042873 0.124294
0 0.500557 0.519068 1.000000 0.964689
0 0.406180 0.498588 0.041759 0.118644
0 0.017261 0.348870 0.033408 0.121469
0 0.687639 0.798729 0.043430 0.120056
0 0.210189 0.800847 0.043987 0.124294
0 0.104955 0.500000 0.045100 0.124294
0 0.241648 0.649718 0.042316 0.118644
0 0.391147 0.800141 0.042873 0.122881
0 0.300947 0.649011 0.040646 0.120056
0 0.254454 0.347458 0.044543 0.124294
0 0.224944 0.500706 0.043430 0.122881
0 0.286470 0.500706 0.042873 0.120056
0 0.554009 0.351695 0.044543 0.127119
0 0.361359 0.648305 0.041203 0.118644
0 0.133352 0.348870 0.043987 0.124294
0 0.796492 0.798023 0.146437 0.121469
0 0.760857 0.500706 0.042873 0.122881
0 0.071269 0.350989 0.043430 0.122881
0 0.525056 0.500000 0.041203 0.118644
0 0.149777 0.803672 0.043430 0.121469
0 0.614143 0.351695 0.045657 0.124294
0 0.042595 0.649718 0.084076 0.124294
0 0.628341 0.797316 0.042873 0.120056
0 0.033686 0.501412 0.066258 0.121469
0 0.451281 0.799435 0.042873 0.124294
0 0.165367 0.501412 0.042316 0.124294
0 0.396993 0.944915 0.365256 0.112994
0 0.775056 0.649011 0.042316 0.120056
0 0.658129 0.647599 0.041203 0.120056
0 0.270880 0.799435 0.042873 0.121469
0 0.568764 0.798023 0.041759 0.121469
0 0.330457 0.800141 0.041759 0.122881
