0 0.402305 0.442018 0.035070 0.058735
0 0.498998 0.444277 0.036072 0.057229
0 0.262525 0.444277 0.036072 0.054217
0 0.487475 0.582831 0.037074 0.057229
0 0.547094 0.441265 0.036072 0.057229
0 0.071142 0.446536 0.036072 0.058735
0 0.267034 0.658886 0.037074 0.058735
0 0.163327 0.446536 0.036072 0.058735
0 0.138778 0.516566 0.037074 0.057229
0 0.330661 0.514307 0.034068 0.052711
0 0.464930 0.658133 0.040080 0.066265
0 0.439379 0.582078 0.033066 0.055723
0 0.196894 0.585090 0.033066 0.055723
0 0.636774 0.583584 0.031062 0.055723
0 0.212926 0.445030 0.039078 0.061747
0 0.414329 0.655120 0.035070 0.060241
0 0.367234 0.656627 0.035070 0.060241
0 0.514529 0.655873 0.031062 0.058735
0 0.448898 0.442018 0.036072 0.058735
0 0.666834 0.513554 0.041082 0.060241
0 0.491984 0.561747 0.929860 0.490964
0 0.593186 0.439759 0.036072 0.057229
0 0.536072 0.582831 0.034068 0.057229
0 0.119238 0.448042 0.036072 0.058735
0 0.294589 0.585090 0.034068 0.055723
0 0.614228 0.655873 0.034068 0.055723
0 0.638778 0.441265 0.043086 0.063253
0 0.391283 0.583584 0.035070 0.055723
0 0.564128 0.654367 0.036072 0.055723
0 0.216934 0.657380 0.035070 0.055723
0 0.118737 0.661145 0.037074 0.057229
0 0.371242 0.734187 0.309619 0.067771
0 0.682866 0.584337 0.041082 0.060241
0 0.060621 0.739458 0.055110 0.069277
0 0.184870 0.736446 0.055110 0.066265
0 0.522545 0.512048 0.035070 0.054217
0 0.081663 0.519578 0.063126 0.057229
0 0.342685 0.584337 0.034068 0.054217
0 0.556112 0.732681 0.062124 0.070783
0 0.745992 0.734940 0.061122 0.069277
0 0.712425 0.439006 0.090180 0.061747
0 0.283066 0.515813 0.035070 0.055723
0 0.704910 0.653614 0.131263 0.060241
0 0.167836 0.659639 0.035070 0.057229
0 0.235471 0.517319 0.036072 0.058735
0 0.186874 0.517319 0.035070 0.058735
0 0.570641 0.511295 0.033066 0.055723
0 0.355210 0.442018 0.035070 0.058735
0 0.427355 0.512048 0.033066 0.054217
0 0.084168 0.590361 0.072144 0.057229
0 0.316633 0.656627 0.034068 0.057229
0 0.307615 0.442771 0.036072 0.054217
0 0.378257 0.512048 0.033066 0.054217
0 0.728958 0.546687 0.075150 0.135542
0 0.586172 0.582831 0.034068 0.057229
0 0.619739 0.512048 0.037074 0.057229
0 0.151303 0.588855 0.040080 0.057229
0 0.068136 0.662651 0.050100 0.057229
0 0.473948 0.510542 0.034068 0.054217
0 0.245992 0.585843 0.035070 0.054217
