0 0.333924 0.658060 0.034703 0.064232
0 0.257790 0.506297 0.032578 0.060453
0 0.504603 0.656801 0.033286 0.061713
0 0.514518 0.506297 0.030453 0.060453
0 0.354816 0.581864 0.031161 0.060453
0 0.430241 0.505038 0.031870 0.060453
0 0.376771 0.656171 0.033994 0.062972
0 0.213173 0.506297 0.032578 0.060453
0 0.456799 0.731738 0.045326 0.062972
0 0.472380 0.504408 0.031161 0.059194
0 0.268059 0.581234 0.033286 0.061713
0 0.343839 0.506297 0.031870 0.060453
0 0.525496 0.579345 0.031161 0.062972
0 0.179887 0.583123 0.032578 0.062972
0 0.616147 0.730479 0.043909 0.062972
0 0.245751 0.659320 0.032578 0.061713
0 0.610127 0.540932 0.051700 0.137280
0 0.233357 0.430730 0.033286 0.065491
0 0.026912 0.507557 0.052408 0.062972
0 0.555949 0.505668 0.031161 0.064232
0 0.021601 0.738035 0.041785 0.062972
0 0.398725 0.579975 0.032578 0.061713
0 0.480524 0.542821 0.959632 0.516373
0 0.491856 0.431360 0.034703 0.064232
0 0.124646 0.507557 0.031161 0.060453
0 0.483711 0.579975 0.031161 0.061713
0 0.598442 0.430101 0.073654 0.061713
0 0.189448 0.430730 0.031870 0.062972
0 0.408286 0.431360 0.034703 0.064232
0 0.055949 0.432620 0.032578 0.064232
0 0.014518 0.430730 0.027620 0.060453
0 0.277975 0.431990 0.033286 0.065491
0 0.387748 0.505038 0.031870 0.057935
0 0.157578 0.659950 0.030453 0.060453
0 0.129603 0.737406 0.045326 0.064232
0 0.440864 0.579975 0.031870 0.061713
0 0.144476 0.430730 0.032578 0.065491
0 0.535411 0.430730 0.031161 0.060453
0 0.583924 0.654912 0.105524 0.062972
0 0.080028 0.510076 0.032578 0.062972
0 0.290014 0.656801 0.034703 0.061713
0 0.224150 0.582494 0.031870 0.061713
0 0.032578 0.585013 0.063739 0.064232
0 0.021246 0.661209 0.041076 0.060453
0 0.135977 0.583123 0.032578 0.062972
0 0.091360 0.584383 0.031161 0.062972
0 0.450071 0.431360 0.034703 0.061713
0 0.322238 0.432620 0.033994 0.064232
0 0.300992 0.506297 0.032578 0.060453
0 0.312323 0.580605 0.032578 0.060453
0 0.462110 0.654912 0.031870 0.060453
0 0.101629 0.431990 0.033286 0.062972
0 0.069759 0.661209 0.031870 0.062972
0 0.366147 0.431360 0.033994 0.064232
0 0.113314 0.661209 0.031161 0.060453
0 0.566926 0.579345 0.030453 0.062972
0 0.201841 0.658690 0.032578 0.060453
0 0.420680 0.656171 0.032578 0.062972
0 0.293555 0.735516 0.265581 0.070529
0 0.169263 0.507557 0.031161 0.062972
