0 0.702282 0.231399 0.080913 0.058036
0 0.071058 0.179315 0.067427 0.058036
0 0.399378 0.107887 0.041494 0.055060
0 0.532676 0.234375 0.042531 0.058036
0 0.642635 0.102679 0.042531 0.053571
0 0.285788 0.239583 0.042531 0.056548
0 0.433091 0.236607 0.042531 0.056548
0 0.046162 0.380208 0.046680 0.069940
0 0.691390 0.297619 0.106846 0.059524
0 0.351141 0.109375 0.042531 0.055060
0 0.632780 0.232887 0.043568 0.058036
0 0.206950 0.113839 0.042531 0.055060
0 0.139523 0.241071 0.042531 0.056548
0 0.237033 0.239583 0.042531 0.056548
0 0.718880 0.166667 0.043568 0.056548
0 0.509336 0.372768 0.058091 0.069940
0 0.496888 0.106399 0.043568 0.055060
0 0.618776 0.168155 0.044606 0.056548
0 0.593880 0.104167 0.042531 0.056548
0 0.161307 0.306548 0.042531 0.056548
0 0.210062 0.305060 0.042531 0.056548
0 0.372925 0.172619 0.042531 0.056548
0 0.302386 0.110863 0.042531 0.055060
0 0.483402 0.235119 0.043568 0.056548
0 0.384336 0.237351 0.042531 0.058036
0 0.159232 0.113839 0.042531 0.055060
0 0.081950 0.306548 0.103734 0.059524
0 0.179461 0.175595 0.041494 0.056548
0 0.582988 0.233631 0.043568 0.056548
0 0.110996 0.115327 0.041494 0.055060
0 0.607884 0.299107 0.045643 0.056548
0 0.334544 0.238095 0.042531 0.056548
0 0.448133 0.107887 0.043568 0.055060
0 0.545643 0.105655 0.043568 0.056548
0 0.357365 0.303571 0.044606 0.056548
0 0.254668 0.111607 0.040456 0.053571
0 0.308610 0.304315 0.042531 0.058036
0 0.557573 0.300595 0.044606 0.056548
0 0.201763 0.377976 0.057054 0.071429
0 0.073133 0.243304 0.079876 0.058036
0 0.354253 0.375000 0.239627 0.071429
0 0.131224 0.177083 0.044606 0.056548
0 0.259336 0.305060 0.043568 0.056548
0 0.063278 0.115327 0.041494 0.055060
0 0.471473 0.170387 0.042531 0.055060
0 0.422199 0.171875 0.043568 0.055060
0 0.669087 0.166667 0.043568 0.056548
0 0.507261 0.300595 0.043568 0.056548
0 0.520747 0.169643 0.043568 0.056548
0 0.407676 0.302827 0.043568 0.058036
0 0.457469 0.302083 0.045643 0.059524
0 0.570021 0.168899 0.042531 0.055060
0 0.275934 0.174851 0.041494 0.055060
0 0.495332 0.229167 0.984440 0.455357
0 0.227697 0.175595 0.042531 0.056548
0 0.566390 0.372768 0.045643 0.069940
0 0.324689 0.173363 0.041494 0.055060
0 0.704876 0.102679 0.067427 0.056548
0 0.188278 0.241071 0.042531 0.056548
