0 0.335000 0.353750 0.031250 0.037500
0 0.354687 0.396667 0.031875 0.035000
0 0.295625 0.354583 0.031250 0.037500
0 0.153750 0.455833 0.033750 0.040000
0 0.034063 0.510833 0.046875 0.040000
0 0.296875 0.495000 0.033750 0.035000
0 0.363125 0.443333 0.031250 0.036667
0 0.382812 0.491667 0.033125 0.038333
0 0.486875 0.438750 0.031250 0.035833
0 0.462187 0.536250 0.045625 0.040833
0 0.175313 0.362083 0.031875 0.037500
0 0.340000 0.493750 0.033750 0.037500
0 0.095312 0.366667 0.031875 0.038333
0 0.494063 0.345417 0.029375 0.035833
0 0.055313 0.461667 0.066875 0.040000
0 0.058438 0.414167 0.054375 0.036667
0 0.150938 0.410417 0.033125 0.037500
0 0.279062 0.447500 0.031875 0.035000
0 0.195937 0.452917 0.033125 0.037500
0 0.454688 0.348333 0.031875 0.040000
0 0.490000 0.445833 0.978750 0.390000
0 0.210938 0.500417 0.034375 0.037500
0 0.475313 0.392500 0.030625 0.035000
0 0.605938 0.406667 0.059375 0.088333
0 0.555000 0.387083 0.031250 0.037500
0 0.415312 0.350000 0.031875 0.040000
0 0.232187 0.403750 0.033125 0.035833
0 0.215312 0.359167 0.030625 0.036667
0 0.375625 0.352917 0.031250 0.040833
0 0.125000 0.505417 0.035000 0.035833
0 0.587812 0.477917 0.109375 0.039167
0 0.111250 0.410833 0.036250 0.036667
0 0.508750 0.484167 0.031250 0.035000
0 0.623750 0.529583 0.052500 0.045833
0 0.404375 0.441250 0.031250 0.035833
0 0.255000 0.358333 0.031250 0.038333
0 0.082812 0.507917 0.036875 0.039167
0 0.135313 0.363750 0.031875 0.037500
0 0.445625 0.440833 0.031250 0.036667
0 0.237187 0.449583 0.031875 0.037500
0 0.532188 0.342083 0.029375 0.035833
0 0.591250 0.338750 0.070000 0.037500
0 0.254375 0.497083 0.033750 0.034167
0 0.313750 0.400417 0.031250 0.035833
0 0.425312 0.487917 0.030625 0.035833
0 0.273125 0.402917 0.031250 0.035833
0 0.169063 0.503750 0.034375 0.037500
0 0.567813 0.433750 0.031875 0.037500
0 0.134687 0.557500 0.050625 0.043333
0 0.299687 0.560417 0.266875 0.079167
0 0.192188 0.407500 0.033125 0.036667
0 0.025625 0.562500 0.050000 0.041667
0 0.515000 0.389583 0.031250 0.035833
0 0.112500 0.457083 0.036250 0.039167
0 0.435000 0.395000 0.031250 0.035000
0 0.395313 0.396667 0.030625 0.035000
0 0.527500 0.436667 0.032500 0.038333
0 0.467187 0.485417 0.030625 0.034167
0 0.055625 0.367917 0.032500 0.037500
0 0.320937 0.446250 0.031875 0.037500
