0 0.273438 0.586555 0.035156 0.080672
0 0.625488 0.616807 0.028320 0.073950
0 0.607422 0.524370 0.027344 0.073950
0 0.170898 0.576471 0.039062 0.084034
0 0.288086 0.685714 0.035156 0.080672
0 0.395020 0.499160 0.032227 0.080672
0 0.459473 0.601681 0.030273 0.073950
0 0.692871 0.793277 0.096680 0.070588
0 0.104004 0.888235 0.057617 0.085714
0 0.322754 0.589916 0.032227 0.077311
0 0.483887 0.510084 0.032227 0.082353
0 0.598145 0.705042 0.030273 0.072269
0 0.472168 0.695798 0.030273 0.073950
0 0.186035 0.680672 0.036133 0.084034
0 0.415527 0.597479 0.030273 0.072269
0 0.214844 0.783193 0.037109 0.080672
0 0.428711 0.694118 0.031250 0.077311
0 0.557129 0.700840 0.028320 0.073950
0 0.645508 0.529412 0.027344 0.070588
0 0.637695 0.707563 0.029297 0.070588
0 0.540039 0.792437 0.033203 0.072269
0 0.502930 0.605882 0.029297 0.072269
0 0.501465 0.614286 0.997070 0.764706
0 0.580078 0.884874 0.042969 0.072269
0 0.382812 0.690756 0.033203 0.077311
0 0.102539 0.781513 0.052734 0.080672
0 0.412109 0.887395 0.279297 0.087395
0 0.439941 0.504202 0.030273 0.077311
0 0.250488 0.482353 0.036133 0.084034
0 0.146973 0.468908 0.038086 0.087395
0 0.105469 0.570588 0.064453 0.085714
0 0.544922 0.609244 0.031250 0.072269
0 0.516113 0.699160 0.030273 0.073950
0 0.582031 0.793277 0.031250 0.070588
0 0.237305 0.684034 0.035156 0.084034
0 0.725098 0.884034 0.040039 0.067227
0 0.198730 0.478992 0.036133 0.084034
0 0.409180 0.788235 0.035156 0.077311
0 0.526367 0.515966 0.031250 0.080672
0 0.347168 0.495798 0.032227 0.080672
0 0.585449 0.612605 0.028320 0.072269
0 0.499512 0.791597 0.034180 0.073950
0 0.092285 0.462185 0.036133 0.087395
0 0.335938 0.689076 0.033203 0.077311
0 0.266113 0.784034 0.036133 0.078992
0 0.236816 0.884874 0.051758 0.082353
0 0.711426 0.665546 0.045898 0.161345
0 0.362305 0.785714 0.035156 0.075630
0 0.621094 0.795798 0.031250 0.068908
0 0.567871 0.521008 0.030273 0.077311
0 0.664062 0.620168 0.027344 0.070588
0 0.369629 0.593277 0.030273 0.077311
0 0.223633 0.581513 0.033203 0.080672
0 0.455078 0.789916 0.033203 0.073950
0 0.675293 0.707563 0.030273 0.070588
0 0.300293 0.487395 0.034180 0.084034
0 0.314941 0.784034 0.036133 0.078992
0 0.112305 0.676471 0.082031 0.085714
0 0.162109 0.783193 0.039062 0.084034
0 0.702148 0.533613 0.062500 0.068908
