0 0.697931 0.286445 0.055172 0.097187
0 0.853448 0.386829 0.054483 0.095908
0 0.095517 0.527494 0.106897 0.101023
0 0.234138 0.407928 0.057241 0.102302
0 0.468966 0.752558 0.307586 0.131714
0 0.499655 0.498721 0.982759 0.795396
0 0.328966 0.297315 0.053793 0.098465
0 0.545862 0.400256 0.054483 0.097187
0 0.470000 0.625959 0.058621 0.101023
0 0.757931 0.283248 0.055172 0.095908
0 0.737241 0.738491 0.059310 0.124041
0 0.108621 0.641944 0.144138 0.104859
0 0.297241 0.407289 0.057931 0.103581
0 0.359655 0.407289 0.055862 0.098465
0 0.390690 0.297315 0.055862 0.098465
0 0.886897 0.609974 0.129655 0.104859
0 0.792414 0.390026 0.056552 0.099744
0 0.194828 0.763427 0.061379 0.125320
0 0.514828 0.293478 0.054483 0.095908
0 0.452759 0.295396 0.054483 0.097187
0 0.501034 0.511509 0.055862 0.099744
0 0.896207 0.495524 0.100000 0.101023
0 0.484828 0.402174 0.056552 0.098465
0 0.658621 0.618286 0.057931 0.103581
0 0.184483 0.524297 0.057241 0.102302
0 0.310690 0.520460 0.057241 0.099744
0 0.668966 0.394501 0.055172 0.098465
0 0.437586 0.514066 0.057241 0.099744
0 0.563103 0.508951 0.054483 0.099744
0 0.266552 0.300512 0.057241 0.097187
0 0.533448 0.624041 0.055862 0.102302
0 0.722759 0.615729 0.057931 0.101023
0 0.607931 0.397698 0.054483 0.097187
0 0.625862 0.507033 0.054483 0.101023
0 0.892414 0.279412 0.081379 0.095908
0 0.342414 0.631714 0.058621 0.102302
0 0.205172 0.302430 0.057241 0.098465
0 0.091034 0.414322 0.089655 0.099744
0 0.422069 0.404092 0.053793 0.097187
0 0.142414 0.304348 0.057241 0.097187
0 0.278276 0.634910 0.057241 0.103581
0 0.812414 0.499361 0.056552 0.098465
0 0.596552 0.620844 0.057931 0.103581
0 0.405862 0.628517 0.058621 0.101023
0 0.248276 0.521739 0.056552 0.099744
0 0.688621 0.506394 0.055862 0.099744
0 0.913793 0.386189 0.053793 0.097187
0 0.374483 0.516624 0.056552 0.099744
0 0.818276 0.281330 0.053103 0.094629
0 0.171724 0.413683 0.060690 0.101023
0 0.575517 0.291560 0.055862 0.097187
0 0.785517 0.614450 0.059310 0.101023
0 0.079310 0.306266 0.057931 0.095908
0 0.750000 0.501918 0.055862 0.101023
0 0.636552 0.289003 0.055172 0.094629
0 0.731379 0.392583 0.053103 0.097187
0 0.213793 0.638107 0.059310 0.102302
0 0.129310 0.765985 0.064138 0.125320
