0 0.085484 0.538462 0.108602 0.117647
0 0.922043 0.425339 0.056989 0.117647
0 0.560215 0.546380 0.053763 0.115385
0 0.465591 0.673077 0.058065 0.115385
0 0.515054 0.289593 0.055914 0.113122
0 0.858065 0.423077 0.058065 0.117647
0 0.338710 0.673077 0.058065 0.115385
0 0.241398 0.541855 0.059140 0.115385
0 0.528495 0.674208 0.056989 0.113122
0 0.622043 0.548643 0.054839 0.115385
0 0.732796 0.421946 0.056989 0.115385
0 0.481720 0.418552 0.058065 0.117647
0 0.125269 0.278281 0.059140 0.117647
0 0.639785 0.294118 0.058065 0.117647
0 0.386022 0.286199 0.058065 0.119910
0 0.497312 0.546380 0.056989 0.115385
0 0.210215 0.671946 0.061290 0.117647
0 0.059140 0.272624 0.060215 0.119910
0 0.590323 0.675339 0.058065 0.115385
0 0.433871 0.545249 0.059140 0.113122
0 0.703763 0.294118 0.056989 0.117647
0 0.746774 0.550905 0.056989 0.115385
0 0.256452 0.280543 0.061290 0.117647
0 0.684946 0.552036 0.055914 0.113122
0 0.652151 0.676471 0.056989 0.113122
0 0.544624 0.419683 0.056989 0.119910
0 0.076882 0.406109 0.093548 0.119910
0 0.354839 0.415158 0.058065 0.115385
0 0.305914 0.544118 0.059140 0.115385
0 0.766129 0.294118 0.056989 0.117647
0 0.176344 0.540724 0.060215 0.117647
0 0.669892 0.421946 0.058065 0.115385
0 0.402151 0.673077 0.058065 0.115385
0 0.828495 0.294118 0.056989 0.117647
0 0.274194 0.671946 0.058065 0.117647
0 0.608065 0.420814 0.056989 0.117647
0 0.370430 0.544118 0.056989 0.115385
0 0.776882 0.678733 0.059140 0.113122
0 0.450538 0.287330 0.058065 0.117647
0 0.104839 0.670814 0.143011 0.119910
0 0.724194 0.811086 0.059140 0.138009
0 0.461828 0.811086 0.297849 0.138009
0 0.896237 0.552036 0.104301 0.113122
0 0.159677 0.409502 0.063441 0.122172
0 0.194624 0.809955 0.062366 0.140271
0 0.224731 0.409502 0.060215 0.122172
0 0.795161 0.423077 0.056989 0.117647
0 0.715054 0.676471 0.058065 0.113122
0 0.879032 0.678733 0.134409 0.117647
0 0.322043 0.281674 0.059140 0.119910
0 0.907527 0.295249 0.088172 0.119910
0 0.191398 0.278281 0.060215 0.117647
0 0.130108 0.808824 0.062366 0.138009
0 0.418817 0.416290 0.056989 0.117647
0 0.290323 0.414027 0.060215 0.122172
0 0.809140 0.550905 0.056989 0.115385
0 0.490860 0.500000 0.979570 0.895928
0 0.577419 0.292986 0.058065 0.115385
