0 0.719063 0.567500 0.046875 0.060000
0 0.690937 0.502083 0.045625 0.059167
0 0.502812 0.705417 0.046875 0.062500
0 0.527813 0.635833 0.045625 0.061667
0 0.607500 0.703750 0.048750 0.062500
0 0.411875 0.570833 0.045000 0.060000
0 0.799375 0.702083 0.115000 0.062500
0 0.683438 0.634583 0.046875 0.060833
0 0.463125 0.570000 0.046250 0.060000
0 0.514687 0.569583 0.045625 0.060833
0 0.667500 0.567500 0.046250 0.060000
0 0.478125 0.626667 0.828750 0.473333
0 0.424375 0.637083 0.047500 0.060833
0 0.266875 0.640417 0.047500 0.060833
0 0.712500 0.702917 0.050000 0.062500
0 0.539687 0.505000 0.045625 0.058333
0 0.397500 0.707083 0.047500 0.062500
0 0.291875 0.709167 0.047500 0.063333
0 0.489375 0.505000 0.045000 0.056667
0 0.555312 0.704583 0.049375 0.064167
0 0.128438 0.508333 0.046875 0.058333
0 0.137813 0.574583 0.073125 0.060833
0 0.590313 0.504167 0.045625 0.058333
0 0.336562 0.506667 0.045625 0.058333
0 0.476250 0.636250 0.046250 0.060833
0 0.360625 0.571667 0.046250 0.060000
0 0.237813 0.710833 0.049375 0.063333
0 0.150625 0.711250 0.117500 0.065833
0 0.180312 0.508750 0.046875 0.059167
0 0.672500 0.777917 0.051250 0.077500
0 0.309688 0.572083 0.048125 0.062500
0 0.166563 0.788333 0.053125 0.078333
0 0.770625 0.566667 0.047500 0.060000
0 0.387188 0.506250 0.045625 0.059167
0 0.256875 0.571250 0.047500 0.060833
0 0.809063 0.632917 0.088125 0.060833
0 0.438125 0.505417 0.045000 0.057500
0 0.660625 0.703333 0.048750 0.061667
0 0.284687 0.507083 0.046875 0.059167
0 0.735313 0.634167 0.048125 0.061667
0 0.447813 0.782083 0.251875 0.077500
0 0.214062 0.641667 0.048125 0.061667
0 0.450313 0.706250 0.048125 0.062500
0 0.616563 0.567917 0.046875 0.060833
0 0.204063 0.573750 0.050625 0.062500
0 0.823750 0.566667 0.048750 0.060000
0 0.566250 0.568750 0.045000 0.060833
0 0.345000 0.707917 0.048750 0.062500
0 0.372500 0.638750 0.046250 0.060833
0 0.220625 0.787500 0.052500 0.078333
0 0.640625 0.503750 0.046250 0.059167
0 0.233437 0.507500 0.046875 0.060000
0 0.741563 0.501667 0.045625 0.058333
0 0.319688 0.640000 0.046875 0.061667
0 0.140000 0.642917 0.087500 0.062500
0 0.580313 0.635417 0.046875 0.060833
0 0.805937 0.501250 0.073125 0.057500
0 0.631875 0.635417 0.046250 0.060833
