0 0.044118 0.521429 0.085973 0.123810
0 0.910068 0.402381 0.059955 0.123810
0 0.529412 0.529762 0.056561 0.121429
0 0.429864 0.663095 0.061086 0.121429
0 0.481900 0.259524 0.058824 0.119048
0 0.842760 0.400000 0.061086 0.123810
0 0.296380 0.663095 0.061086 0.121429
0 0.194005 0.525000 0.062217 0.121429
0 0.496041 0.664286 0.059955 0.119048
0 0.594457 0.532143 0.057692 0.121429
0 0.710973 0.398810 0.059955 0.121429
0 0.446833 0.395238 0.061086 0.123810
0 0.071833 0.247619 0.062217 0.123810
0 0.613122 0.264286 0.061086 0.123810
0 0.346154 0.255952 0.061086 0.126190
0 0.463235 0.529762 0.059955 0.121429
0 0.161199 0.661905 0.064480 0.123810
0 0.017534 0.241667 0.032805 0.126190
0 0.561086 0.665476 0.061086 0.121429
0 0.396493 0.528571 0.062217 0.119048
0 0.680430 0.264286 0.059955 0.123810
0 0.725679 0.534524 0.059955 0.121429
0 0.209842 0.250000 0.064480 0.123810
0 0.660633 0.535714 0.058824 0.119048
0 0.626131 0.666667 0.059955 0.119048
0 0.513009 0.396429 0.059955 0.126190
0 0.035633 0.382143 0.069005 0.126190
0 0.313348 0.391667 0.061086 0.121429
0 0.261878 0.527381 0.062217 0.121429
0 0.746041 0.264286 0.059955 0.123810
0 0.125566 0.523810 0.063348 0.123810
0 0.644796 0.398810 0.061086 0.121429
0 0.363122 0.663095 0.061086 0.121429
0 0.811652 0.264286 0.059955 0.123810
0 0.228507 0.661905 0.061086 0.123810
0 0.579751 0.397619 0.059955 0.123810
0 0.329751 0.527381 0.059955 0.121429
0 0.757353 0.669048 0.062217 0.119048
0 0.414027 0.257143 0.061086 0.123810
0 0.063348 0.660714 0.124434 0.126190
0 0.701923 0.808333 0.062217 0.145238
0 0.425905 0.808333 0.313348 0.145238
0 0.882919 0.535714 0.109729 0.119048
0 0.108032 0.385714 0.066742 0.128571
0 0.144796 0.807143 0.065611 0.147619
0 0.176471 0.385714 0.063348 0.128571
0 0.776584 0.400000 0.059955 0.123810
0 0.692308 0.666667 0.061086 0.119048
0 0.864819 0.669048 0.141403 0.123810
0 0.278846 0.251190 0.062217 0.126190
0 0.894796 0.265476 0.092760 0.126190
0 0.141403 0.247619 0.063348 0.123810
0 0.076923 0.805952 0.065611 0.145238
0 0.380656 0.392857 0.059955 0.123810
0 0.245475 0.390476 0.063348 0.128571
0 0.791290 0.534524 0.059955 0.121429
0 0.486425 0.480952 0.970588 0.942857
0 0.547511 0.263095 0.061086 0.121429
