0 0.325403 0.364583 0.043192 0.062500
0 0.097365 0.434245 0.046852 0.069010
0 0.228404 0.590495 0.049780 0.076823
0 0.235725 0.684896 0.348463 0.091146
0 0.557833 0.509115 0.045388 0.070312
0 0.181186 0.364583 0.040264 0.059896
0 0.542094 0.434245 0.043192 0.066406
0 0.012811 0.514323 0.024158 0.072917
0 0.308931 0.509766 0.045388 0.074219
0 0.582357 0.591146 0.136896 0.065104
0 0.248902 0.434896 0.045388 0.067708
0 0.485359 0.590495 0.045388 0.071615
0 0.197657 0.433594 0.045388 0.070312
0 0.102123 0.511719 0.047584 0.072917
0 0.348463 0.434896 0.042460 0.067708
0 0.083089 0.366536 0.040264 0.058594
0 0.018302 0.438802 0.035139 0.059896
0 0.021230 0.593099 0.040996 0.076823
0 0.459004 0.511068 0.043924 0.069010
0 0.587116 0.362630 0.089312 0.061198
0 0.012445 0.366536 0.023426 0.055990
0 0.333089 0.591797 0.048316 0.076823
0 0.435578 0.589193 0.045388 0.071615
0 0.131040 0.365234 0.040996 0.058594
0 0.229868 0.365234 0.040996 0.058594
0 0.050512 0.513021 0.046852 0.072917
0 0.500732 0.544922 1.000000 0.675781
0 0.359810 0.511068 0.046120 0.071615
0 0.174963 0.591146 0.049780 0.078125
0 0.017570 0.595052 0.033675 0.075521
0 0.147511 0.434245 0.046120 0.069010
0 0.031113 0.686849 0.060761 0.095052
0 0.516105 0.363932 0.040996 0.061198
0 0.023060 0.516927 0.044656 0.067708
0 0.385066 0.590495 0.045388 0.074219
0 0.046120 0.434245 0.048316 0.069010
0 0.468521 0.363932 0.042460 0.061198
0 0.574671 0.678385 0.065886 0.093750
0 0.013177 0.435547 0.024890 0.069010
0 0.373353 0.363932 0.042460 0.061198
0 0.397145 0.435547 0.043192 0.066406
0 0.068448 0.592448 0.050512 0.078125
0 0.420937 0.364583 0.042460 0.062500
0 0.034041 0.365234 0.043192 0.058594
0 0.011347 0.365234 0.021230 0.058594
0 0.276720 0.363281 0.043924 0.059896
0 0.206076 0.511068 0.046120 0.071615
0 0.445827 0.434896 0.042460 0.065104
0 0.493777 0.435547 0.043192 0.069010
0 0.121523 0.591146 0.051245 0.080729
0 0.282211 0.591146 0.049048 0.075521
0 0.156662 0.513021 0.043924 0.067708
0 0.257687 0.511068 0.046852 0.071615
0 0.508419 0.510417 0.044656 0.070312
0 0.442899 0.678385 0.061493 0.091146
0 0.015373 0.688802 0.029283 0.091146
0 0.013909 0.593750 0.026354 0.075521
0 0.606881 0.475911 0.076135 0.141927
0 0.298682 0.434896 0.045388 0.067708
0 0.409224 0.510417 0.043924 0.072917
