0 0.173716 0.843310 0.036254 0.098592
0 0.647659 0.727993 0.035498 0.100352
0 0.261707 0.497359 0.041541 0.103873
0 0.013973 0.495599 0.026435 0.100352
0 0.141239 0.955986 0.048338 0.091549
0 0.524169 0.843310 0.036254 0.095070
0 0.360272 0.496479 0.040785 0.105634
0 0.159366 0.496479 0.037764 0.105634
0 0.705438 0.955986 0.051360 0.091549
0 0.560801 0.497359 0.043051 0.107394
0 0.148414 0.727113 0.035498 0.098592
0 0.500755 0.629401 1.000000 0.744718
0 0.273792 0.842430 0.035498 0.096831
0 0.059668 0.496479 0.036254 0.102113
0 0.486027 0.610915 0.037009 0.098592
0 0.548716 0.727113 0.037009 0.098592
0 0.034366 0.727113 0.067221 0.098592
0 0.687311 0.494718 0.086103 0.102113
0 0.248489 0.725352 0.033233 0.095070
0 0.236027 0.610915 0.037009 0.098592
0 0.385952 0.611796 0.037764 0.100352
0 0.020393 0.843310 0.039275 0.095070
0 0.135574 0.611796 0.037009 0.100352
0 0.598565 0.727993 0.037009 0.096831
0 0.323640 0.841549 0.038520 0.098592
0 0.586103 0.610915 0.037764 0.102113
0 0.123867 0.843310 0.036254 0.098592
0 0.285876 0.610915 0.037009 0.098592
0 0.572130 0.843310 0.037009 0.095070
0 0.071375 0.846831 0.038520 0.105634
0 0.210725 0.496479 0.037764 0.102113
0 0.410498 0.498239 0.043051 0.109155
0 0.498867 0.726232 0.037009 0.096831
0 0.516616 0.955986 0.049849 0.091549
0 0.473943 0.844190 0.037009 0.100352
0 0.199018 0.726232 0.035498 0.096831
0 0.448263 0.726232 0.037009 0.096831
0 0.398036 0.725352 0.036254 0.098592
0 0.348187 0.726232 0.036254 0.096831
0 0.696752 0.671655 0.067221 0.220070
0 0.020393 0.955986 0.039275 0.091549
0 0.084970 0.612676 0.038520 0.102113
0 0.109894 0.496479 0.038520 0.102113
0 0.330816 0.956866 0.305136 0.089789
0 0.536254 0.610915 0.036254 0.098592
0 0.185801 0.612676 0.036254 0.102113
0 0.667296 0.844190 0.124622 0.100352
0 0.461480 0.495599 0.042296 0.103873
0 0.422583 0.845951 0.040030 0.103873
0 0.098187 0.727113 0.036254 0.098592
0 0.635952 0.611796 0.037764 0.103873
0 0.611782 0.496479 0.037764 0.102113
0 0.511329 0.493838 0.039275 0.100352
0 0.310801 0.495599 0.040030 0.103873
0 0.223565 0.843310 0.036254 0.098592
0 0.335725 0.611796 0.037009 0.096831
0 0.373489 0.842430 0.038520 0.096831
0 0.298338 0.725352 0.036254 0.095070
0 0.435801 0.608275 0.037764 0.096831
0 0.026813 0.610035 0.052115 0.096831
