0 0.229443 0.633392 0.035809 0.053004
0 0.218170 0.578622 0.034483 0.053004
0 0.081233 0.578622 0.057692 0.053004
0 0.156499 0.523852 0.035809 0.054770
0 0.186671 0.633834 0.036472 0.053887
0 0.438660 0.630742 0.031167 0.045936
0 0.642241 0.744258 0.057692 0.053887
0 0.203249 0.526502 0.037798 0.054770
0 0.409151 0.526060 0.035809 0.052120
0 0.368369 0.526060 0.035146 0.052120
0 0.510610 0.600707 0.980106 0.510601
0 0.356101 0.632067 0.031830 0.045053
0 0.345159 0.577739 0.032493 0.049470
0 0.074602 0.689929 0.045756 0.053004
0 0.397215 0.632067 0.031830 0.048587
0 0.519562 0.631184 0.032493 0.046820
0 0.589854 0.577739 0.031167 0.045936
0 0.600796 0.632067 0.030504 0.046820
0 0.122679 0.688163 0.034483 0.053004
0 0.375995 0.687279 0.033156 0.051237
0 0.560013 0.631184 0.029841 0.045053
0 0.283156 0.524293 0.038462 0.053887
0 0.325597 0.524293 0.037135 0.053887
0 0.175729 0.577739 0.034483 0.053004
0 0.088196 0.634717 0.072944 0.053887
0 0.509284 0.577297 0.030504 0.045053
0 0.417772 0.686837 0.034483 0.052120
0 0.193966 0.744258 0.047082 0.053887
0 0.114058 0.523852 0.035809 0.054770
0 0.208886 0.688604 0.034483 0.052120
0 0.632626 0.525618 0.074271 0.047703
0 0.484416 0.740283 0.043103 0.047703
0 0.082228 0.745583 0.062334 0.054770
0 0.457891 0.687279 0.029841 0.049470
0 0.339191 0.745141 0.234085 0.053887
0 0.449602 0.526060 0.034483 0.052120
0 0.468833 0.576855 0.033156 0.045936
0 0.144894 0.634276 0.033820 0.053004
0 0.303050 0.577739 0.031830 0.049470
0 0.427387 0.576855 0.031167 0.045936
0 0.479111 0.631184 0.031167 0.045053
0 0.070955 0.521201 0.035809 0.054770
0 0.271220 0.633392 0.031830 0.049470
0 0.616711 0.686396 0.103448 0.044170
0 0.539125 0.685512 0.031830 0.045936
0 0.641910 0.606890 0.054377 0.107774
0 0.498674 0.686396 0.031830 0.047703
0 0.240385 0.523852 0.035146 0.053004
0 0.386273 0.578180 0.032493 0.048587
0 0.249668 0.687279 0.033820 0.049470
0 0.291777 0.687279 0.031830 0.049470
0 0.549403 0.577297 0.032493 0.045053
0 0.313329 0.632067 0.035146 0.048587
0 0.490053 0.526060 0.033156 0.052120
0 0.529841 0.525618 0.034483 0.051237
0 0.261273 0.578622 0.035809 0.051237
0 0.570292 0.525177 0.030504 0.045053
0 0.334881 0.687721 0.035809 0.052120
0 0.134284 0.577739 0.037798 0.053004
0 0.167109 0.689488 0.037135 0.053887
