0 0.131675 0.465969 0.039267 0.039791
0 0.058377 0.630890 0.068586 0.039791
0 0.490314 0.546859 0.037173 0.038220
0 0.398168 0.504712 0.034031 0.034555
0 0.469372 0.587173 0.037173 0.036126
0 0.455236 0.629581 0.061257 0.041361
0 0.047906 0.464921 0.037173 0.037696
0 0.051832 0.588743 0.049215 0.040314
0 0.304450 0.587173 0.038220 0.037173
0 0.283508 0.545812 0.037173 0.036126
0 0.479581 0.505236 0.036649 0.035602
0 0.337696 0.465445 0.038743 0.039791
0 0.063089 0.545812 0.066492 0.038220
0 0.419372 0.465969 0.038743 0.039791
0 0.263874 0.587435 0.035602 0.035602
0 0.089791 0.465707 0.038220 0.039267
0 0.408115 0.546073 0.036126 0.036649
0 0.201309 0.546073 0.035079 0.035602
0 0.428796 0.588220 0.039791 0.039267
0 0.460471 0.465969 0.039267 0.039791
0 0.151047 0.505236 0.036126 0.035602
0 0.590052 0.588220 0.113089 0.040314
0 0.098429 0.588482 0.038743 0.039791
0 0.345812 0.587696 0.037173 0.037173
0 0.500524 0.522775 1.000000 0.352356
0 0.521204 0.505759 0.037173 0.037696
0 0.213089 0.465445 0.037696 0.039791
0 0.510209 0.587696 0.038220 0.037173
0 0.366492 0.546597 0.037696 0.037696
0 0.377749 0.466230 0.040314 0.040314
0 0.531937 0.546859 0.036649 0.038220
0 0.325393 0.545812 0.036126 0.035079
0 0.572775 0.547120 0.037696 0.039791
0 0.321728 0.630366 0.201571 0.042932
0 0.192147 0.506021 0.037696 0.038220
0 0.254450 0.465707 0.038743 0.039267
0 0.438743 0.504974 0.037696 0.036126
0 0.159948 0.546335 0.037173 0.037173
0 0.172775 0.465969 0.039791 0.039791
0 0.295812 0.465969 0.039791 0.040838
0 0.562565 0.506545 0.037173 0.039267
0 0.057330 0.504974 0.057068 0.038220
0 0.604188 0.464921 0.079581 0.040838
0 0.140052 0.588482 0.038220 0.037696
0 0.500262 0.465707 0.038220 0.040314
0 0.614398 0.525654 0.059162 0.083770
0 0.181937 0.588743 0.037173 0.038220
0 0.242670 0.546073 0.035079 0.035602
0 0.110209 0.506806 0.040314 0.039791
0 0.233508 0.505759 0.038743 0.037696
0 0.186911 0.629843 0.061780 0.041885
0 0.387958 0.588220 0.038743 0.039267
0 0.274346 0.505236 0.034555 0.035602
0 0.314921 0.505497 0.035079 0.035079
0 0.120419 0.547644 0.037696 0.038743
0 0.448953 0.546597 0.036126 0.037696
0 0.541623 0.465445 0.037173 0.038743
0 0.618586 0.629581 0.056021 0.041361
0 0.222251 0.586911 0.038220 0.035602
0 0.356545 0.504712 0.035602 0.035602
