0 0.308342 0.634771 0.036743 0.099730
0 0.093843 0.305930 0.034757 0.099730
0 0.501986 0.307278 0.034757 0.097035
0 0.162363 0.768194 0.046673 0.118598
0 0.286991 0.526954 0.035750 0.099730
0 0.175770 0.305930 0.035750 0.099730
0 0.057597 0.760108 0.047666 0.118598
0 0.430983 0.637466 0.033764 0.099730
0 0.532771 0.526954 0.034757 0.099730
0 0.135055 0.307278 0.035750 0.097035
0 0.318272 0.415094 0.034757 0.097035
0 0.052632 0.305930 0.033764 0.094340
0 0.144489 0.637466 0.034757 0.099730
0 0.205561 0.526954 0.033764 0.099730
0 0.349057 0.637466 0.036743 0.099730
0 0.604270 0.308625 0.074479 0.094340
0 0.327706 0.526954 0.035750 0.099730
0 0.124131 0.526954 0.033764 0.099730
0 0.588878 0.637466 0.105263 0.094340
0 0.512413 0.638814 0.035750 0.097035
0 0.164350 0.526954 0.034757 0.099730
0 0.542701 0.307278 0.034757 0.097035
0 0.368918 0.525606 0.034757 0.102426
0 0.494538 0.483827 0.945382 0.752022
0 0.277557 0.413747 0.034757 0.099730
0 0.216485 0.304582 0.033764 0.097035
0 0.461768 0.307278 0.035750 0.097035
0 0.481132 0.415094 0.034757 0.097035
0 0.067527 0.528302 0.065541 0.102426
0 0.521847 0.416442 0.034757 0.099730
0 0.420060 0.307278 0.035750 0.097035
0 0.318272 0.766846 0.259186 0.121294
0 0.154419 0.415094 0.034757 0.102426
0 0.061569 0.416442 0.055611 0.099730
0 0.562562 0.416442 0.032771 0.099730
0 0.113208 0.416442 0.035750 0.099730
0 0.185700 0.637466 0.035750 0.099730
0 0.196127 0.415094 0.034757 0.102426
0 0.297915 0.305930 0.035750 0.099730
0 0.472195 0.637466 0.034757 0.099730
0 0.257200 0.305930 0.035750 0.099730
0 0.409633 0.526954 0.036743 0.099730
0 0.267130 0.634771 0.035750 0.099730
0 0.450348 0.525606 0.034757 0.097035
0 0.399702 0.413747 0.034757 0.099730
0 0.379345 0.307278 0.035750 0.097035
0 0.621152 0.769542 0.048659 0.110512
0 0.572989 0.528302 0.035750 0.097035
0 0.236842 0.415094 0.034757 0.097035
0 0.492056 0.528302 0.034757 0.097035
0 0.056107 0.640162 0.044687 0.099730
0 0.613704 0.471698 0.057597 0.215633
0 0.246276 0.526954 0.033764 0.099730
0 0.358987 0.416442 0.034757 0.099730
0 0.226415 0.637466 0.035750 0.099730
0 0.389275 0.637466 0.035750 0.099730
0 0.102781 0.636119 0.034757 0.097035
0 0.477656 0.768194 0.047666 0.118598
0 0.338630 0.305930 0.035750 0.099730
0 0.439921 0.416442 0.035750 0.099730
