0 0.497890 0.781955 0.042194 0.072682
0 0.613221 0.860276 0.059072 0.076441
0 0.270745 0.785088 0.042194 0.071429
0 0.305907 0.542607 0.042194 0.070175
0 0.289030 0.869048 0.227848 0.081454
0 0.130098 0.790727 0.042194 0.072682
0 0.135373 0.875940 0.071027 0.075188
0 0.177215 0.788221 0.042194 0.072682
0 0.282349 0.623434 0.038678 0.071429
0 0.352321 0.542607 0.042194 0.072682
0 0.020394 0.706767 0.039381 0.075188
0 0.082278 0.791353 0.042194 0.071429
0 0.246835 0.704261 0.040788 0.070175
0 0.072785 0.545113 0.045710 0.075188
0 0.407525 0.782581 0.040084 0.071429
0 0.047820 0.626566 0.045007 0.077694
0 0.452883 0.781328 0.040788 0.071429
0 0.397328 0.543233 0.042194 0.073935
0 0.034107 0.791980 0.044304 0.075188
0 0.154008 0.706767 0.040788 0.072682
0 0.328059 0.621554 0.040084 0.070175
0 0.607947 0.657895 0.063994 0.155388
0 0.500703 0.639724 1.000000 0.723058
0 0.582278 0.777569 0.115331 0.068922
0 0.463783 0.620301 0.038678 0.067669
0 0.189170 0.624060 0.040788 0.072682
0 0.020394 0.875313 0.039381 0.076441
0 0.520394 0.699875 0.039381 0.071429
0 0.260549 0.543860 0.044304 0.075188
0 0.362518 0.783208 0.041491 0.072682
0 0.386076 0.701754 0.039381 0.070175
0 0.014768 0.792607 0.028129 0.076441
0 0.340014 0.703634 0.040084 0.071429
0 0.200774 0.704887 0.040084 0.071429
0 0.316456 0.783835 0.040788 0.071429
0 0.017229 0.624687 0.033052 0.073935
0 0.529536 0.541353 0.039381 0.070175
0 0.094585 0.623434 0.040084 0.071429
0 0.223980 0.785714 0.038678 0.070175
0 0.011955 0.543233 0.022504 0.071429
0 0.294304 0.704261 0.041491 0.070175
0 0.058720 0.708020 0.041491 0.072682
0 0.563994 0.701128 0.040788 0.073935
0 0.373769 0.621554 0.037271 0.067669
0 0.119550 0.545113 0.045007 0.075188
0 0.167018 0.543860 0.042897 0.072682
0 0.236287 0.624060 0.037975 0.070175
0 0.418425 0.619674 0.039381 0.068922
0 0.430731 0.701128 0.040084 0.071429
0 0.441983 0.543233 0.041491 0.073935
0 0.486287 0.543233 0.041491 0.073935
0 0.213432 0.544486 0.044304 0.073935
0 0.597750 0.540100 0.084388 0.070175
0 0.024965 0.543860 0.042897 0.072682
0 0.508087 0.619674 0.040084 0.071429
0 0.142405 0.624687 0.041491 0.073935
0 0.552391 0.619674 0.040084 0.071429
0 0.105485 0.706767 0.042194 0.072682
0 0.475387 0.700501 0.039381 0.072682
0 0.439873 0.866541 0.065401 0.076441
