0 0.754288 0.887175 0.066038 0.131494
0 0.906947 0.351461 0.096913 0.121753
0 0.716552 0.616883 0.066038 0.120130
0 0.127787 0.481331 0.065180 0.121753
0 0.915952 0.549513 0.082333 0.261364
0 0.609777 0.747565 0.066895 0.121753
0 0.621784 0.483766 0.065180 0.120130
0 0.859348 0.616883 0.065180 0.120130
0 0.199400 0.482955 0.064322 0.121753
0 0.819039 0.351461 0.065180 0.118506
0 0.433105 0.615260 0.063465 0.120130
0 0.645369 0.616883 0.064322 0.120130
0 0.493997 0.505682 0.986278 0.991883
0 0.503859 0.615260 0.062607 0.120130
0 0.397942 0.747565 0.066895 0.121753
0 0.468696 0.747565 0.066038 0.121753
0 0.410377 0.483766 0.064322 0.120130
0 0.020583 0.481331 0.039451 0.121753
0 0.017581 0.748377 0.033448 0.123377
0 0.113208 0.748377 0.066895 0.120130
0 0.026587 0.614448 0.051458 0.121753
0 0.763722 0.484578 0.066038 0.118506
0 0.113208 0.886364 0.066895 0.133117
0 0.676672 0.353084 0.065180 0.121753
0 0.221698 0.616071 0.064322 0.121753
0 0.481132 0.484578 0.063465 0.121753
0 0.747427 0.353084 0.066038 0.121753
0 0.398370 0.886364 0.347341 0.133117
0 0.875214 0.750812 0.165523 0.121753
0 0.574614 0.616071 0.063465 0.121753
0 0.150086 0.616071 0.065180 0.121753
0 0.113636 0.351461 0.066038 0.121753
0 0.787307 0.616071 0.065180 0.121753
0 0.396655 0.352273 0.064322 0.120130
0 0.016295 0.346591 0.030875 0.121753
0 0.270154 0.484578 0.063465 0.118506
0 0.536449 0.353896 0.064322 0.120130
0 0.078473 0.615260 0.064322 0.120130
0 0.835334 0.483766 0.066895 0.120130
0 0.692539 0.484578 0.064322 0.118506
0 0.292453 0.615260 0.063465 0.120130
0 0.681818 0.748377 0.066895 0.120130
0 0.017581 0.887175 0.033448 0.131494
0 0.041166 0.748377 0.066895 0.123377
0 0.255575 0.352273 0.063465 0.120130
0 0.362779 0.615260 0.065180 0.120130
0 0.551458 0.482955 0.063465 0.118506
0 0.185678 0.747565 0.066038 0.121753
0 0.465695 0.353084 0.063465 0.121753
0 0.606775 0.353896 0.066038 0.120130
0 0.340480 0.482143 0.061750 0.120130
0 0.256432 0.746753 0.065180 0.123377
0 0.751715 0.748377 0.067753 0.120130
0 0.683105 0.886364 0.067753 0.133117
0 0.539022 0.746753 0.066038 0.123377
0 0.042024 0.350649 0.065180 0.120130
0 0.184820 0.352273 0.064322 0.120130
0 0.056175 0.481331 0.067753 0.121753
0 0.325901 0.352273 0.065180 0.120130
0 0.326758 0.747565 0.065180 0.121753
