0 0.411038 0.472874 0.028007 0.051320
0 0.317545 0.532258 0.030478 0.055718
0 0.168863 0.593109 0.064250 0.065982
0 0.280478 0.359971 0.032125 0.054252
0 0.280890 0.532258 0.029654 0.055718
0 0.428748 0.533724 0.030478 0.058651
0 0.354613 0.532991 0.028830 0.057185
0 0.546952 0.416422 0.028007 0.049853
0 0.422982 0.360704 0.032125 0.052786
0 0.645387 0.533724 0.098023 0.058651
0 0.260297 0.413490 0.029654 0.046921
0 0.403213 0.415689 0.028830 0.048387
0 0.556837 0.475073 0.029654 0.052786
0 0.483937 0.473607 0.028830 0.052786
0 0.539539 0.533724 0.029654 0.055718
0 0.594316 0.475073 0.030478 0.052786
0 0.466227 0.532991 0.029654 0.057185
0 0.208814 0.359971 0.032125 0.051320
0 0.296952 0.415689 0.030478 0.051320
0 0.224053 0.417155 0.034596 0.054252
0 0.665980 0.446481 0.051895 0.118768
0 0.476112 0.415689 0.028007 0.048387
0 0.582784 0.417155 0.030478 0.051320
0 0.658155 0.665689 0.456343 0.073314
0 0.414745 0.667889 0.585667 0.083578
0 0.386326 0.360704 0.031301 0.052786
0 0.366969 0.414956 0.027183 0.046921
0 0.244646 0.360704 0.032949 0.052786
0 0.229407 0.472874 0.030478 0.051320
0 0.331137 0.414223 0.026359 0.048387
0 0.391680 0.531525 0.030478 0.057185
0 0.675453 0.596041 0.049423 0.063050
0 0.172158 0.358504 0.032949 0.048387
0 0.337727 0.471408 0.028007 0.051320
0 0.600082 0.363636 0.030478 0.055718
0 0.177924 0.415689 0.052718 0.054252
0 0.207578 0.532258 0.034596 0.058651
0 0.245058 0.532991 0.030478 0.057185
0 0.264827 0.472874 0.030478 0.054252
0 0.164333 0.532258 0.043657 0.058651
0 0.350082 0.359971 0.031301 0.051320
0 0.283773 0.593842 0.053542 0.064516
0 0.301895 0.472141 0.028830 0.052786
0 0.502059 0.533724 0.030478 0.058651
0 0.439456 0.414956 0.028830 0.049853
0 0.485173 0.457478 0.747941 0.486804
0 0.315074 0.359971 0.030478 0.051320
0 0.511532 0.415689 0.028007 0.048387
0 0.527595 0.593842 0.051895 0.064516
0 0.575783 0.533724 0.029654 0.055718
0 0.374382 0.472141 0.028830 0.052786
0 0.529242 0.361437 0.030478 0.054252
0 0.179572 0.472874 0.060956 0.057185
0 0.520181 0.474340 0.028830 0.054252
0 0.564250 0.361437 0.031301 0.054252
0 0.630560 0.475806 0.030478 0.057185
0 0.494234 0.362170 0.032949 0.052786
0 0.447282 0.473607 0.029654 0.055718
0 0.406507 0.589443 0.177100 0.052786
0 0.457990 0.361437 0.032949 0.054252
0 0.619440 0.419355 0.031301 0.055718
0 0.654036 0.360704 0.067545 0.049853
