0 0.131510 0.465104 0.039062 0.039583
0 0.058594 0.629167 0.068229 0.039583
0 0.488281 0.545573 0.036979 0.038021
0 0.396615 0.503646 0.033854 0.034375
0 0.467448 0.585677 0.036979 0.035937
0 0.453385 0.627865 0.060937 0.041146
0 0.048177 0.464062 0.036979 0.037500
0 0.052083 0.587240 0.048958 0.040104
0 0.303385 0.585677 0.038021 0.036979
0 0.282552 0.544531 0.036979 0.035937
0 0.477604 0.504167 0.036458 0.035417
0 0.336458 0.464583 0.038542 0.039583
0 0.063281 0.544531 0.066146 0.038021
0 0.417708 0.465104 0.038542 0.039583
0 0.263021 0.585938 0.035417 0.035417
0 0.089844 0.464844 0.038021 0.039062
0 0.406510 0.544792 0.035937 0.036458
0 0.200781 0.544792 0.034896 0.035417
0 0.427083 0.586719 0.039583 0.039062
0 0.458594 0.465104 0.039062 0.039583
0 0.150781 0.504167 0.035937 0.035417
0 0.587500 0.586719 0.112500 0.040104
0 0.098437 0.586979 0.038542 0.039583
0 0.344531 0.586198 0.036979 0.036979
0 0.500000 0.521615 0.997917 0.350521
0 0.519010 0.504687 0.036979 0.037500
0 0.212500 0.464583 0.037500 0.039583
0 0.508073 0.586198 0.038021 0.036979
0 0.365104 0.545312 0.037500 0.037500
0 0.376302 0.465365 0.040104 0.040104
0 0.529687 0.545573 0.036458 0.038021
0 0.324219 0.544531 0.035937 0.034896
0 0.570312 0.545833 0.037500 0.039583
0 0.320573 0.628646 0.200521 0.042708
0 0.191667 0.504948 0.037500 0.038021
0 0.253646 0.464844 0.038542 0.039062
0 0.436979 0.503906 0.037500 0.035937
0 0.159635 0.545052 0.036979 0.036979
0 0.172396 0.465104 0.039583 0.039583
0 0.294792 0.465104 0.039583 0.040625
0 0.560156 0.505469 0.036979 0.039062
0 0.057552 0.503906 0.056771 0.038021
0 0.601562 0.464062 0.079167 0.040625
0 0.139844 0.586979 0.038021 0.037500
0 0.498177 0.464844 0.038021 0.040104
0 0.611719 0.524479 0.058854 0.083333
0 0.181510 0.587240 0.036979 0.038021
0 0.241927 0.544792 0.034896 0.035417
0 0.110156 0.505729 0.040104 0.039583
0 0.232813 0.504687 0.038542 0.037500
0 0.186458 0.628125 0.061458 0.041667
0 0.386458 0.586719 0.038542 0.039062
0 0.273438 0.504167 0.034375 0.035417
0 0.313802 0.504427 0.034896 0.034896
0 0.120313 0.546354 0.037500 0.038542
0 0.447135 0.545312 0.035937 0.037500
0 0.539323 0.464583 0.036979 0.038542
0 0.615885 0.627865 0.055729 0.041146
0 0.221615 0.585417 0.038021 0.035417
0 0.355208 0.503646 0.035417 0.035417
