0 0.555310 0.277403 0.034766 0.043845
0 0.385588 0.385329 0.036662 0.045531
0 0.215234 0.239039 0.034766 0.041315
0 0.196903 0.337690 0.036030 0.044688
0 0.631795 0.228499 0.072693 0.042159
0 0.646650 0.298904 0.059418 0.095278
0 0.510114 0.381956 0.035398 0.045531
0 0.595133 0.276560 0.034766 0.042159
0 0.427939 0.383642 0.036662 0.047218
0 0.295828 0.236509 0.034134 0.041315
0 0.487674 0.331788 0.034766 0.044688
0 0.239570 0.336847 0.035398 0.044688
0 0.255373 0.237352 0.034134 0.041315
0 0.173831 0.389966 0.036662 0.046374
0 0.078698 0.447723 0.051201 0.055649
0 0.475348 0.279511 0.035398 0.044688
0 0.175411 0.240725 0.034766 0.041315
0 0.084071 0.391653 0.048040 0.044688
0 0.609355 0.328415 0.035398 0.043002
0 0.282238 0.336847 0.036030 0.044688
0 0.437105 0.283727 0.034766 0.043002
0 0.396650 0.283727 0.034766 0.044688
0 0.302149 0.386172 0.037927 0.045531
0 0.375790 0.234823 0.034766 0.041315
0 0.517067 0.435919 0.048040 0.053963
0 0.274652 0.287099 0.034766 0.044688
0 0.573325 0.229764 0.032870 0.041315
0 0.568900 0.330101 0.035398 0.044688
0 0.528445 0.330101 0.035398 0.044688
0 0.349874 0.441821 0.272440 0.064081
0 0.150442 0.287943 0.036662 0.043002
0 0.315424 0.287099 0.034134 0.044688
0 0.184893 0.443086 0.051201 0.056492
0 0.099558 0.291315 0.054994 0.043002
0 0.533818 0.231029 0.033502 0.042159
0 0.515487 0.278668 0.033502 0.043002
0 0.133692 0.392917 0.037295 0.045531
0 0.364728 0.334317 0.035398 0.044688
0 0.447851 0.332631 0.036030 0.044688
0 0.216498 0.389123 0.037295 0.046374
0 0.095449 0.244098 0.034134 0.039629
0 0.454804 0.232715 0.034766 0.042159
0 0.335967 0.235666 0.034766 0.041315
0 0.323641 0.334739 0.036662 0.045531
0 0.099874 0.339798 0.064475 0.045531
0 0.406448 0.333474 0.035398 0.044688
0 0.620101 0.431282 0.050569 0.053120
0 0.550569 0.380691 0.036662 0.044688
0 0.415929 0.234401 0.035398 0.042159
0 0.469343 0.382378 0.036030 0.046374
0 0.344185 0.385329 0.037295 0.045531
0 0.259798 0.387015 0.037927 0.045531
0 0.626106 0.376054 0.109355 0.048904
0 0.156131 0.337268 0.035398 0.045531
0 0.503793 0.341062 0.992415 0.467960
0 0.193110 0.290051 0.036030 0.043845
0 0.356827 0.285413 0.034766 0.044688
0 0.135272 0.242411 0.034134 0.041315
0 0.494943 0.232293 0.034134 0.043002
0 0.233881 0.289207 0.035398 0.043845
