0 0.500775 0.567340 1.000000 0.868687
0 0.563566 0.639731 0.037209 0.090909
0 0.239535 0.430976 0.040310 0.090909
0 0.251550 0.740741 0.037984 0.087542
0 0.551550 0.535354 0.036434 0.090909
0 0.347674 0.743266 0.037984 0.092593
0 0.582558 0.741582 0.118605 0.082492
0 0.119380 0.534512 0.037209 0.092593
0 0.015891 0.533670 0.030233 0.090909
0 0.455039 0.533670 0.037209 0.087542
0 0.226744 0.637205 0.037984 0.085859
0 0.272481 0.850168 0.228682 0.097643
0 0.094961 0.431818 0.039535 0.092593
0 0.275194 0.637205 0.037209 0.085859
0 0.418992 0.637205 0.036434 0.085859
0 0.167054 0.531987 0.037984 0.087542
0 0.060078 0.742424 0.036434 0.084175
0 0.323643 0.638047 0.036434 0.087542
0 0.023643 0.536195 0.039535 0.095960
0 0.143411 0.430976 0.038760 0.090909
0 0.503101 0.533670 0.037209 0.087542
0 0.406977 0.531987 0.038760 0.087542
0 0.010078 0.431818 0.018605 0.089226
0 0.082946 0.637205 0.037209 0.089226
0 0.615504 0.849327 0.057364 0.092593
0 0.467829 0.638047 0.036434 0.087542
0 0.263566 0.532828 0.035659 0.085859
0 0.384109 0.431818 0.037984 0.092593
0 0.335271 0.432660 0.039535 0.094276
0 0.108140 0.741582 0.036434 0.085859
0 0.215504 0.531987 0.035659 0.084175
0 0.287984 0.430976 0.037984 0.090909
0 0.036047 0.637205 0.036434 0.085859
0 0.431783 0.431818 0.038760 0.092593
0 0.394961 0.743266 0.036434 0.089226
0 0.012791 0.743266 0.024031 0.089226
0 0.429845 0.854377 0.064341 0.092593
0 0.047674 0.430976 0.037984 0.090909
0 0.179845 0.638047 0.037209 0.087542
0 0.527519 0.429293 0.037984 0.087542
0 0.612016 0.588384 0.061240 0.203704
0 0.515504 0.638047 0.037209 0.087542
0 0.490698 0.741582 0.037209 0.085859
0 0.600000 0.427609 0.085271 0.087542
0 0.115504 0.848485 0.063566 0.090909
0 0.010078 0.429293 0.018605 0.087542
0 0.018605 0.635522 0.035659 0.089226
0 0.443411 0.742424 0.037209 0.087542
0 0.371705 0.637205 0.036434 0.085859
0 0.479070 0.430976 0.038760 0.094276
0 0.190698 0.430976 0.040310 0.090909
0 0.131783 0.637205 0.035659 0.085859
0 0.156202 0.740741 0.037984 0.087542
0 0.070930 0.531987 0.036434 0.087542
0 0.018992 0.850168 0.036434 0.097643
0 0.203876 0.741582 0.037209 0.085859
0 0.358915 0.532828 0.035659 0.082492
0 0.015891 0.741582 0.030233 0.089226
0 0.300000 0.741582 0.037209 0.085859
0 0.311628 0.532828 0.037209 0.085859
