0 0.061425 0.529040 0.073710 0.103535
0 0.254914 0.422980 0.047912 0.103535
0 0.549140 0.633838 0.046683 0.101010
0 0.459459 0.424242 0.049140 0.106061
0 0.391892 0.845960 0.250614 0.111111
0 0.383292 0.531566 0.049140 0.103535
0 0.703931 0.635101 0.049140 0.103535
0 0.100737 0.425505 0.046683 0.103535
0 0.203931 0.425505 0.049140 0.103535
0 0.575553 0.738636 0.047912 0.098485
0 0.068796 0.633838 0.085995 0.106061
0 0.114865 0.739899 0.050369 0.101010
0 0.127150 0.530303 0.050369 0.106061
0 0.613636 0.424242 0.050369 0.106061
0 0.396192 0.633838 0.047912 0.101010
0 0.267813 0.737374 0.049140 0.101010
0 0.501229 0.553030 1.000000 0.898990
0 0.434275 0.529040 0.047912 0.103535
0 0.625921 0.738636 0.050369 0.098485
0 0.409705 0.424242 0.047912 0.101010
0 0.485258 0.529040 0.046683 0.098485
0 0.242629 0.633838 0.047912 0.101010
0 0.523342 0.738636 0.049140 0.103535
0 0.536855 0.527778 0.049140 0.101010
0 0.319410 0.738636 0.046683 0.098485
0 0.499386 0.633838 0.047912 0.101010
0 0.152334 0.425505 0.049140 0.103535
0 0.446560 0.635101 0.047912 0.103535
0 0.638821 0.530303 0.049140 0.106061
0 0.229730 0.530303 0.049140 0.106061
0 0.421990 0.739899 0.047912 0.101010
0 0.190418 0.633838 0.046683 0.101010
0 0.178133 0.529040 0.046683 0.103535
0 0.225430 0.847222 0.077396 0.108586
0 0.557740 0.847222 0.078624 0.108586
0 0.356880 0.424242 0.050369 0.106061
0 0.742015 0.422980 0.100737 0.103535
0 0.562654 0.424242 0.049140 0.106061
0 0.305897 0.424242 0.049140 0.106061
0 0.651720 0.635101 0.047912 0.103535
0 0.472973 0.738636 0.049140 0.103535
0 0.724201 0.738636 0.136364 0.103535
0 0.139435 0.635101 0.047912 0.103535
0 0.065725 0.847222 0.087224 0.108586
0 0.370393 0.737374 0.050369 0.101010
0 0.587838 0.529040 0.047912 0.103535
0 0.665233 0.424242 0.047912 0.106061
0 0.758600 0.847222 0.070025 0.108586
0 0.690418 0.530303 0.049140 0.106061
0 0.344595 0.633838 0.047912 0.101010
0 0.054668 0.741162 0.060197 0.103535
0 0.281327 0.530303 0.049140 0.101010
0 0.048526 0.422980 0.050369 0.103535
0 0.166462 0.739899 0.047912 0.101010
0 0.332310 0.530303 0.047912 0.101010
0 0.600123 0.633838 0.047912 0.101010
0 0.754914 0.583333 0.074939 0.212121
0 0.293612 0.635101 0.046683 0.103535
0 0.216830 0.738636 0.047912 0.098485
0 0.511671 0.424242 0.050369 0.106061
