0 0.131006 0.473729 0.042793 0.103390
0 0.200450 0.576271 0.040541 0.098305
0 0.554805 0.788136 0.123123 0.105085
0 0.153904 0.577966 0.043544 0.101695
0 0.234985 0.787288 0.045045 0.103390
0 0.019895 0.893220 0.038288 0.108475
0 0.455330 0.472881 0.042793 0.105085
0 0.019144 0.579661 0.036787 0.105085
0 0.293168 0.577119 0.042793 0.103390
0 0.176051 0.472881 0.044294 0.101695
0 0.270646 0.472034 0.042793 0.100000
0 0.013514 0.787288 0.025526 0.100000
0 0.478604 0.578814 0.044294 0.103390
0 0.084084 0.472881 0.045045 0.101695
0 0.406532 0.896610 0.066817 0.105085
0 0.583709 0.630508 0.066817 0.216949
0 0.351727 0.683898 0.042793 0.103390
0 0.142267 0.787288 0.044294 0.100000
0 0.072072 0.683051 0.043544 0.105085
0 0.061186 0.577966 0.042793 0.101695
0 0.255255 0.894068 0.223724 0.110169
0 0.466216 0.787288 0.045045 0.100000
0 0.490616 0.683051 0.044294 0.105085
0 0.502252 0.473729 0.042042 0.103390
0 0.019520 0.682203 0.037538 0.103390
0 0.385135 0.576271 0.043544 0.098305
0 0.304429 0.683051 0.042793 0.101695
0 0.328829 0.788983 0.043544 0.103390
0 0.118994 0.683051 0.042793 0.101695
0 0.026276 0.684746 0.040541 0.101695
0 0.316441 0.473729 0.044294 0.103390
0 0.339715 0.576271 0.039790 0.094915
0 0.258634 0.683051 0.042793 0.101695
0 0.017267 0.577119 0.033033 0.103390
0 0.525150 0.578814 0.042793 0.103390
0 0.420796 0.788136 0.042793 0.098305
0 0.587087 0.894068 0.063063 0.103390
0 0.536787 0.683051 0.043544 0.105085
0 0.443694 0.683051 0.043544 0.105085
0 0.107733 0.577966 0.042793 0.101695
0 0.223348 0.472881 0.045796 0.105085
0 0.409910 0.473729 0.043544 0.103390
0 0.096096 0.788136 0.042042 0.098305
0 0.431682 0.577119 0.042042 0.100000
0 0.397523 0.683051 0.041291 0.101695
0 0.103979 0.899153 0.069820 0.106780
0 0.011637 0.471186 0.021772 0.101695
0 0.211336 0.682203 0.042793 0.100000
0 0.500751 0.582203 1.000000 0.838983
0 0.572072 0.472034 0.090090 0.106780
0 0.282282 0.788136 0.043544 0.101695
0 0.165916 0.683051 0.042042 0.101695
0 0.246622 0.577966 0.041291 0.098305
0 0.050300 0.789831 0.043544 0.101695
0 0.373874 0.788983 0.042042 0.103390
0 0.363363 0.473729 0.043544 0.103390
0 0.189565 0.788136 0.041291 0.098305
0 0.014264 0.788983 0.027027 0.103390
0 0.011261 0.474576 0.021021 0.105085
0 0.038288 0.473729 0.042042 0.103390
