0 0.501250 0.704444 0.037500 0.064444
0 0.603750 0.773889 0.052500 0.067778
0 0.299375 0.707222 0.037500 0.063333
0 0.330625 0.492222 0.037500 0.062222
0 0.315625 0.781667 0.202500 0.072222
0 0.174375 0.712222 0.037500 0.064444
0 0.179063 0.787778 0.063125 0.066667
0 0.216250 0.710000 0.037500 0.064444
0 0.309688 0.563889 0.034375 0.063333
0 0.371875 0.492222 0.037500 0.064444
0 0.051562 0.637778 0.070625 0.066667
0 0.131875 0.712778 0.037500 0.063333
0 0.278125 0.635556 0.036250 0.062222
0 0.123438 0.494444 0.040625 0.066667
0 0.420938 0.705000 0.035625 0.063333
0 0.101250 0.566667 0.040000 0.068889
0 0.461250 0.703889 0.036250 0.063333
0 0.411875 0.492778 0.037500 0.065556
0 0.089063 0.713333 0.039375 0.066667
0 0.195625 0.637778 0.036250 0.064444
0 0.350313 0.562222 0.035625 0.062222
0 0.599063 0.594444 0.056875 0.137778
0 0.484687 0.587222 0.968125 0.658889
0 0.576250 0.700556 0.102500 0.061111
0 0.470938 0.561111 0.034375 0.060000
0 0.226875 0.564444 0.036250 0.064444
0 0.047188 0.787222 0.070625 0.067778
0 0.521250 0.631667 0.035000 0.063333
0 0.290312 0.493333 0.039375 0.066667
0 0.380937 0.705556 0.036875 0.064444
0 0.401875 0.633333 0.035000 0.062222
0 0.039375 0.713889 0.050000 0.067778
0 0.360938 0.635000 0.035625 0.063333
0 0.237187 0.636111 0.035625 0.063333
0 0.340000 0.706111 0.036250 0.063333
0 0.045312 0.565000 0.059375 0.065556
0 0.529375 0.491111 0.035000 0.062222
0 0.142813 0.563889 0.035625 0.063333
0 0.257812 0.707778 0.034375 0.062222
0 0.037500 0.492778 0.040000 0.063333
0 0.320312 0.635556 0.036875 0.062222
0 0.110937 0.638889 0.036875 0.064444
0 0.560000 0.632778 0.036250 0.065556
0 0.390937 0.562222 0.033125 0.060000
0 0.165000 0.494444 0.040000 0.066667
0 0.207187 0.493333 0.038125 0.064444
0 0.268750 0.564444 0.033750 0.062222
0 0.430625 0.560556 0.035000 0.061111
0 0.441563 0.632778 0.035625 0.063333
0 0.451562 0.492778 0.036875 0.065556
0 0.490938 0.492778 0.036875 0.065556
0 0.248438 0.493889 0.039375 0.065556
0 0.590000 0.490000 0.075000 0.062222
0 0.080937 0.493333 0.038125 0.064444
0 0.510312 0.560556 0.035625 0.063333
0 0.185312 0.565000 0.036875 0.065556
0 0.549687 0.560556 0.035625 0.063333
0 0.152500 0.637778 0.037500 0.064444
0 0.481250 0.632222 0.035000 0.064444
0 0.449688 0.779444 0.058125 0.067778
