0 0.506667 0.646429 0.038667 0.095714
0 0.061000 0.647143 0.075333 0.094286
0 0.600000 0.533571 0.038667 0.095714
0 0.146667 0.420000 0.038667 0.097143
0 0.467667 0.421429 0.039333 0.100000
0 0.499333 0.595000 0.996000 0.795714
0 0.374000 0.760000 0.040000 0.094286
0 0.453000 0.646429 0.038000 0.095714
0 0.253333 0.420000 0.037333 0.097143
0 0.546667 0.532857 0.040000 0.097143
0 0.267333 0.760714 0.040000 0.095714
0 0.400333 0.647143 0.038000 0.094286
0 0.380000 0.878571 0.324000 0.102857
0 0.053667 0.533571 0.066000 0.092857
0 0.133000 0.647143 0.038000 0.094286
0 0.493333 0.532857 0.037333 0.094286
0 0.653000 0.534286 0.040667 0.097143
0 0.360333 0.420714 0.038000 0.098571
0 0.186667 0.646429 0.038667 0.095714
0 0.413667 0.420714 0.039333 0.098571
0 0.741333 0.762857 0.133333 0.094286
0 0.533667 0.762143 0.039333 0.098571
0 0.762000 0.419286 0.093333 0.095714
0 0.106667 0.760000 0.038667 0.094286
0 0.046333 0.876429 0.054000 0.098571
0 0.307333 0.420714 0.038667 0.098571
0 0.386333 0.533571 0.038000 0.095714
0 0.440667 0.533571 0.037333 0.095714
0 0.173333 0.532857 0.038667 0.094286
0 0.293667 0.645714 0.036667 0.091429
0 0.280333 0.533571 0.038000 0.095714
0 0.199667 0.421429 0.039333 0.100000
0 0.179333 0.875714 0.053333 0.097143
0 0.046000 0.760714 0.052000 0.092857
0 0.240333 0.647143 0.038000 0.094286
0 0.773000 0.594286 0.071333 0.214286
0 0.780667 0.877857 0.058667 0.101429
0 0.160000 0.762143 0.038667 0.092857
0 0.627333 0.422143 0.038667 0.095714
0 0.092667 0.420714 0.037333 0.095714
0 0.719667 0.648571 0.039333 0.097143
0 0.227000 0.534286 0.038000 0.097143
0 0.667000 0.647857 0.039333 0.095714
0 0.214000 0.761429 0.038667 0.094286
0 0.520667 0.420714 0.038667 0.098571
0 0.613333 0.647857 0.038667 0.095714
0 0.427667 0.760714 0.039333 0.095714
0 0.560000 0.647143 0.037333 0.094286
0 0.320667 0.761429 0.038667 0.094286
0 0.574000 0.421429 0.037333 0.100000
0 0.480667 0.762143 0.041333 0.098571
0 0.580000 0.877857 0.057333 0.101429
0 0.038667 0.420714 0.037333 0.095714
0 0.347000 0.645714 0.038000 0.094286
0 0.680667 0.420714 0.037333 0.098571
0 0.333667 0.532143 0.036667 0.095714
0 0.640333 0.761429 0.039333 0.094286
0 0.587667 0.760714 0.038000 0.092857
0 0.119667 0.534286 0.039333 0.097143
0 0.707333 0.534286 0.038667 0.097143
