0 0.513590 0.583895 0.034766 0.053120
0 0.108723 0.572934 0.072061 0.053120
0 0.360619 0.516442 0.034766 0.053120
0 0.487990 0.646712 0.036662 0.055649
0 0.926043 0.538364 0.036662 0.059865
0 0.311315 0.514755 0.034766 0.051433
0 0.621681 0.461214 0.039823 0.055649
0 0.294564 0.640388 0.036662 0.054806
0 0.093236 0.443929 0.033502 0.051433
0 0.548357 0.521079 0.038559 0.053963
0 0.274020 0.576307 0.033502 0.053120
0 0.215234 0.510961 0.033502 0.050590
0 0.165929 0.510118 0.037295 0.053963
0 0.502528 0.520236 0.035398 0.050590
0 0.225664 0.575042 0.034134 0.053963
0 0.644121 0.525717 0.039191 0.054806
0 0.607775 0.587268 0.037295 0.054806
0 0.337231 0.453626 0.037295 0.053963
0 0.656131 0.589376 0.037927 0.055649
0 0.246523 0.640809 0.035398 0.053963
0 0.089128 0.703204 0.050569 0.053963
0 0.826169 0.533305 0.042984 0.058179
0 0.091972 0.636594 0.048673 0.052277
0 0.465234 0.582209 0.035398 0.053120
0 0.455752 0.518550 0.036662 0.052277
0 0.322061 0.577572 0.034766 0.053963
0 0.745259 0.464165 0.085967 0.058179
0 0.212389 0.705312 0.049305 0.054806
0 0.369785 0.579258 0.035398 0.052277
0 0.417826 0.580944 0.035398 0.052277
0 0.439949 0.644604 0.036662 0.054806
0 0.761694 0.725548 0.051833 0.054806
0 0.507901 0.552277 0.926043 0.517707
0 0.692794 0.527825 0.036662 0.053963
0 0.239570 0.448567 0.036662 0.053963
0 0.264223 0.512648 0.034134 0.050590
0 0.577750 0.715008 0.050569 0.057336
0 0.398546 0.715008 0.301517 0.072513
0 0.407712 0.516442 0.035398 0.051433
0 0.190582 0.446037 0.036030 0.053963
0 0.560999 0.585582 0.036030 0.053120
0 0.175411 0.574199 0.036030 0.053963
0 0.479456 0.457841 0.038559 0.053963
0 0.928571 0.470067 0.034134 0.053120
0 0.931416 0.731872 0.033502 0.059022
0 0.288875 0.449410 0.035398 0.053963
0 0.197219 0.639545 0.036662 0.053120
0 0.725032 0.655987 0.122630 0.053963
0 0.631163 0.651349 0.038559 0.054806
0 0.574273 0.459949 0.039823 0.054806
0 0.146334 0.640388 0.036030 0.054806
0 0.140961 0.444772 0.034134 0.053120
0 0.104930 0.508432 0.059418 0.050590
0 0.391277 0.645025 0.037927 0.053963
0 0.704488 0.591062 0.036030 0.055649
0 0.582491 0.649663 0.037295 0.054806
0 0.527181 0.459106 0.037927 0.054806
0 0.755057 0.562816 0.060051 0.122260
0 0.433312 0.455734 0.037295 0.053120
0 0.535398 0.648820 0.037927 0.056492
0 0.344185 0.642917 0.036030 0.053120
0 0.670670 0.462057 0.035398 0.053963
0 0.596713 0.523187 0.036662 0.053120
0 0.385272 0.453626 0.037295 0.053963
