0 0.154551 0.497049 0.030973 0.041315
0 0.361568 0.389966 0.030341 0.041315
0 0.102402 0.500843 0.065740 0.045531
0 0.506637 0.483137 0.030973 0.040472
0 0.495575 0.433811 0.030341 0.039629
0 0.283818 0.392496 0.031606 0.041315
0 0.091340 0.397976 0.030973 0.040472
0 0.369785 0.540051 0.030341 0.039629
0 0.513590 0.385329 0.030973 0.043845
0 0.551517 0.382378 0.029709 0.041315
0 0.168774 0.397555 0.030341 0.041315
0 0.379583 0.437184 0.029709 0.037943
0 0.475980 0.386594 0.030341 0.043002
0 0.601770 0.530354 0.101138 0.040472
0 0.629583 0.582209 0.054362 0.043002
0 0.334703 0.596543 0.223135 0.053120
0 0.195006 0.599494 0.042351 0.042159
0 0.572061 0.431703 0.030341 0.042159
0 0.437421 0.387858 0.030341 0.043845
0 0.147282 0.446880 0.031606 0.042159
0 0.193110 0.495363 0.030973 0.039629
0 0.098293 0.447723 0.051201 0.040472
0 0.622946 0.453626 0.053729 0.097808
0 0.250632 0.544266 0.030973 0.041315
0 0.089760 0.605396 0.056890 0.047218
0 0.322693 0.391231 0.032238 0.042159
0 0.263274 0.441821 0.029709 0.038786
0 0.171302 0.548061 0.031606 0.040472
0 0.545196 0.482293 0.030973 0.040472
0 0.130531 0.399241 0.030973 0.043002
0 0.389381 0.487352 0.029077 0.038786
0 0.185525 0.444772 0.029709 0.039629
0 0.457332 0.434233 0.030973 0.038786
0 0.399494 0.389123 0.031606 0.043002
0 0.409292 0.538786 0.030973 0.042159
0 0.428887 0.485666 0.029709 0.038786
0 0.527181 0.533305 0.030341 0.039629
0 0.610619 0.378583 0.070796 0.042159
0 0.206700 0.396290 0.030341 0.043845
0 0.418458 0.436341 0.029077 0.037943
0 0.448483 0.536678 0.029709 0.041315
0 0.487674 0.534992 0.029709 0.039629
0 0.310999 0.489882 0.030341 0.038786
0 0.302149 0.439713 0.029077 0.037943
0 0.224399 0.443508 0.029077 0.040472
0 0.290455 0.543002 0.030973 0.040472
0 0.329962 0.541315 0.031606 0.042159
0 0.086915 0.550590 0.042351 0.040472
0 0.132111 0.549747 0.032870 0.043845
0 0.533186 0.432546 0.030973 0.040472
0 0.245259 0.394182 0.030341 0.041315
0 0.350822 0.488617 0.030341 0.037943
0 0.341024 0.438027 0.029709 0.037943
0 0.271492 0.491568 0.029709 0.038786
0 0.467446 0.484823 0.029709 0.038786
0 0.211757 0.545953 0.030341 0.039629
0 0.518015 0.468803 0.965234 0.495784
0 0.584071 0.480185 0.030341 0.041315
0 0.232617 0.493676 0.030341 0.039629
0 0.474083 0.587268 0.041719 0.041315
