0 0.322111 0.453313 0.037186 0.111446
0 0.322111 0.837349 0.266332 0.138554
0 0.219095 0.328313 0.036181 0.108434
0 0.373367 0.573795 0.037186 0.111446
0 0.197990 0.451807 0.036181 0.114458
0 0.115075 0.453313 0.037186 0.111446
0 0.229648 0.698795 0.037186 0.114458
0 0.156784 0.450301 0.036181 0.111446
0 0.626633 0.835843 0.051256 0.129518
0 0.249749 0.573795 0.035176 0.111446
0 0.456281 0.573795 0.036181 0.111446
0 0.435678 0.700301 0.037186 0.111446
0 0.239196 0.453313 0.036181 0.111446
0 0.342714 0.328313 0.036181 0.108434
0 0.425126 0.329819 0.038191 0.111446
0 0.058291 0.834337 0.050251 0.132530
0 0.053266 0.328313 0.036181 0.108434
0 0.384422 0.329819 0.037186 0.111446
0 0.611055 0.329819 0.076382 0.111446
0 0.528643 0.451807 0.036181 0.114458
0 0.538693 0.576807 0.036181 0.111446
0 0.188442 0.698795 0.037186 0.114458
0 0.404523 0.450301 0.035176 0.111446
0 0.057286 0.700301 0.048241 0.111446
0 0.569347 0.451807 0.035176 0.114458
0 0.363317 0.451807 0.037186 0.114458
0 0.161809 0.834337 0.048241 0.132530
0 0.477387 0.698795 0.036181 0.108434
0 0.497487 0.576807 0.036181 0.111446
0 0.518090 0.700301 0.037186 0.111446
0 0.579397 0.575301 0.037186 0.108434
0 0.445729 0.453313 0.037186 0.111446
0 0.208040 0.575301 0.036181 0.108434
0 0.146231 0.700301 0.037186 0.111446
0 0.301508 0.329819 0.036181 0.111446
0 0.260302 0.329819 0.036181 0.111446
0 0.063317 0.453313 0.058291 0.111446
0 0.290955 0.575301 0.037186 0.108434
0 0.482412 0.834337 0.048241 0.132530
0 0.507538 0.328313 0.036181 0.108434
0 0.353769 0.698795 0.038191 0.114458
0 0.595477 0.698795 0.109548 0.108434
0 0.501005 0.527108 0.959799 0.855422
0 0.125628 0.576807 0.036181 0.111446
0 0.549246 0.328313 0.035176 0.108434
0 0.620101 0.512048 0.060302 0.240964
0 0.466834 0.328313 0.037186 0.108434
0 0.177387 0.329819 0.037186 0.111446
0 0.487437 0.453313 0.036181 0.111446
0 0.270854 0.698795 0.037186 0.114458
0 0.166834 0.575301 0.036181 0.108434
0 0.068844 0.576807 0.067337 0.111446
0 0.332161 0.575301 0.037186 0.114458
0 0.414573 0.573795 0.037186 0.111446
0 0.094975 0.329819 0.037186 0.111446
0 0.105025 0.698795 0.037186 0.108434
0 0.136181 0.331325 0.037186 0.108434
0 0.393970 0.698795 0.038191 0.114458
0 0.280402 0.451807 0.036181 0.114458
0 0.312060 0.698795 0.037186 0.114458
