0 0.028155 0.359951 0.054953 0.063882
0 0.019335 0.288084 0.037313 0.070025
0 0.035617 0.586609 0.067164 0.067568
0 0.035278 0.434889 0.066486 0.063882
0 0.347354 0.423833 0.033921 0.061425
0 0.160787 0.504914 0.032564 0.061425
0 0.306649 0.424447 0.032564 0.057740
0 0.264586 0.428133 0.032564 0.062654
0 0.118046 0.506757 0.032564 0.062654
0 0.254071 0.353808 0.031886 0.058968
0 0.125848 0.356880 0.033243 0.062654
0 0.441655 0.563268 0.035278 0.065111
0 0.570896 0.274570 0.069878 0.065111
0 0.169607 0.584152 0.061058 0.067568
0 0.447422 0.492629 0.031886 0.066339
0 0.436906 0.280098 0.033921 0.066339
0 0.388060 0.420147 0.031208 0.058968
0 0.327680 0.496314 0.032564 0.058968
0 0.234057 0.286241 0.033921 0.066339
0 0.517639 0.278870 0.028494 0.066339
0 0.494233 0.347666 0.031886 0.058968
0 0.367028 0.495086 0.033921 0.061425
0 0.025780 0.511671 0.044776 0.062654
0 0.060380 0.285012 0.035278 0.063882
0 0.399254 0.494472 0.018318 0.070025
0 0.579715 0.379607 0.052239 0.142506
0 0.378901 0.354423 0.034600 0.067568
0 0.337856 0.355037 0.035278 0.063882
0 0.544098 0.419533 0.033921 0.065111
0 0.223541 0.427518 0.033243 0.061425
0 0.245251 0.500614 0.033243 0.062654
0 0.146879 0.283784 0.035957 0.066339
0 0.138060 0.432432 0.033243 0.063882
0 0.463704 0.381450 0.926052 0.676904
0 0.476934 0.282555 0.033921 0.066339
0 0.094980 0.434275 0.033921 0.062654
0 0.168589 0.355651 0.033243 0.062654
0 0.397558 0.281327 0.033921 0.066339
0 0.082090 0.358722 0.035278 0.063882
0 0.180801 0.429361 0.033243 0.062654
0 0.276119 0.286241 0.033921 0.066339
0 0.556649 0.493243 0.099729 0.070025
0 0.464722 0.419533 0.032564 0.060197
0 0.203189 0.503071 0.033243 0.062654
0 0.304953 0.575553 0.200136 0.077396
0 0.485414 0.490172 0.030529 0.063882
0 0.296472 0.356880 0.036635 0.062654
0 0.211330 0.355651 0.033243 0.060197
0 0.316147 0.278870 0.033921 0.063882
0 0.531547 0.348280 0.033243 0.067568
0 0.189281 0.281327 0.035278 0.061425
0 0.075305 0.510442 0.035278 0.065111
0 0.454885 0.350123 0.034600 0.063882
0 0.358887 0.285012 0.033921 0.066339
0 0.583786 0.560197 0.048168 0.066339
0 0.504071 0.418919 0.029851 0.063882
0 0.103799 0.283784 0.035278 0.066339
0 0.286635 0.498157 0.033243 0.062654
