0 0.414625 0.621875 0.035988 0.150000
0 0.014931 0.460938 0.028331 0.153125
0 0.543645 0.942187 0.050536 0.121875
0 0.261485 0.287500 0.037519 0.150000
0 0.385911 0.298438 0.036753 0.153125
0 0.199847 0.462500 0.036753 0.150000
0 0.343032 0.287500 0.036753 0.150000
0 0.208652 0.618750 0.035988 0.150000
0 0.012634 0.946875 0.023737 0.112500
0 0.239280 0.946875 0.264165 0.112500
0 0.466692 0.296875 0.035988 0.143750
0 0.445636 0.453125 0.035222 0.150000
0 0.167305 0.620313 0.034456 0.146875
0 0.449081 0.503125 0.896631 1.000000
0 0.354900 0.804688 0.035988 0.153125
0 0.395100 0.804688 0.035222 0.146875
0 0.436447 0.801562 0.036753 0.153125
0 0.009571 0.282813 0.017611 0.146875
0 0.249617 0.618750 0.035222 0.150000
0 0.400077 0.942187 0.049770 0.121875
0 0.313553 0.801562 0.035988 0.153125
0 0.082312 0.946875 0.048239 0.112500
0 0.290965 0.620313 0.033691 0.146875
0 0.016080 0.285938 0.030628 0.146875
0 0.147397 0.787500 0.035988 0.150000
0 0.188361 0.787500 0.035222 0.150000
0 0.333461 0.639062 0.035988 0.146875
0 0.240812 0.462500 0.035988 0.143750
0 0.321975 0.450000 0.034456 0.143750
0 0.097626 0.295312 0.037519 0.153125
0 0.528331 0.285938 0.076570 0.146875
0 0.537902 0.539062 0.057427 0.334375
0 0.054747 0.284375 0.035988 0.150000
0 0.032925 0.453125 0.036753 0.156250
0 0.083844 0.621875 0.035988 0.150000
0 0.363323 0.450000 0.035988 0.150000
0 0.220138 0.285938 0.037519 0.146875
0 0.042879 0.620313 0.035222 0.153125
0 0.372894 0.620313 0.035222 0.146875
0 0.017994 0.629687 0.034456 0.146875
0 0.497703 0.632812 0.036753 0.153125
0 0.137443 0.284375 0.035988 0.143750
0 0.178790 0.284375 0.037519 0.150000
0 0.117534 0.464062 0.035988 0.153125
0 0.125574 0.618750 0.035222 0.150000
0 0.076953 0.467187 0.035988 0.153125
0 0.282542 0.462500 0.036753 0.156250
0 0.457504 0.635938 0.035988 0.153125
0 0.022205 0.787500 0.036753 0.150000
0 0.272588 0.801562 0.036753 0.153125
0 0.486600 0.451562 0.035988 0.153125
0 0.158499 0.465625 0.035222 0.150000
0 0.012251 0.803125 0.022971 0.143750
0 0.303216 0.295312 0.038285 0.153125
0 0.426876 0.295312 0.037519 0.153125
0 0.512634 0.789062 0.107963 0.146875
0 0.106049 0.789062 0.035988 0.153125
0 0.063936 0.789062 0.035988 0.153125
0 0.229709 0.787500 0.036753 0.150000
0 0.404671 0.453125 0.034456 0.150000
