0 0.649879 0.551101 0.062123 0.218553
0 0.528649 0.378931 0.034379 0.094340
0 0.398070 0.382075 0.036188 0.097484
0 0.365199 0.718553 0.034379 0.091195
0 0.061821 0.611635 0.075392 0.100629
0 0.200241 0.492138 0.034982 0.094340
0 0.379071 0.498428 0.033172 0.091195
0 0.088661 0.379717 0.036188 0.092767
0 0.054584 0.492925 0.060917 0.092767
0 0.110676 0.492138 0.036791 0.094340
0 0.255730 0.605346 0.032569 0.088050
0 0.244572 0.492138 0.034379 0.091195
0 0.328106 0.839623 0.248492 0.106918
0 0.332027 0.490566 0.033172 0.088050
0 0.431242 0.604560 0.033776 0.089623
0 0.605247 0.605346 0.033172 0.091195
0 0.189988 0.720126 0.033776 0.091195
0 0.299156 0.603774 0.032569 0.088050
0 0.041918 0.376572 0.036791 0.092767
0 0.464717 0.498428 0.034379 0.091195
0 0.572678 0.378145 0.033172 0.089623
0 0.594391 0.490566 0.033172 0.094340
0 0.485525 0.380503 0.036188 0.097484
0 0.133896 0.379717 0.034982 0.092767
0 0.233414 0.719340 0.033776 0.092767
0 0.518396 0.604560 0.033172 0.089623
0 0.496080 0.718553 0.033172 0.091195
0 0.178227 0.380503 0.035585 0.097484
0 0.266586 0.378931 0.036188 0.097484
0 0.100422 0.720912 0.034379 0.092767
0 0.474970 0.604560 0.033172 0.089623
0 0.144451 0.720912 0.034379 0.089623
0 0.562123 0.603774 0.033776 0.088050
0 0.539505 0.718553 0.031966 0.088050
0 0.343486 0.603774 0.034379 0.088050
0 0.048552 0.722484 0.048854 0.089623
0 0.550663 0.490566 0.032569 0.091195
0 0.167069 0.606918 0.032569 0.088050
0 0.310615 0.379717 0.036188 0.095912
0 0.288299 0.489780 0.032569 0.089623
0 0.354644 0.380503 0.036188 0.094340
0 0.211098 0.605346 0.032569 0.088050
0 0.481001 0.834119 0.046441 0.095912
0 0.623040 0.720126 0.110977 0.088050
0 0.421592 0.500786 0.032569 0.089623
0 0.651387 0.837264 0.061520 0.095912
0 0.054885 0.839623 0.062726 0.100629
0 0.441496 0.380503 0.034982 0.094340
0 0.507238 0.491352 0.033776 0.089623
0 0.386912 0.605346 0.031966 0.088050
0 0.321170 0.717767 0.034379 0.092767
0 0.452654 0.720126 0.034379 0.094340
0 0.639928 0.379717 0.082027 0.095912
0 0.173402 0.837264 0.046441 0.095912
0 0.277443 0.716981 0.033776 0.091195
0 0.122135 0.606918 0.033172 0.088050
0 0.500905 0.514937 0.999397 0.973270
0 0.408323 0.719340 0.034982 0.092767
0 0.156514 0.489780 0.034379 0.092767
0 0.222256 0.379717 0.034379 0.092767
