0 0.424219 0.474306 0.026562 0.048611
0 0.335547 0.530556 0.028906 0.052778
0 0.194531 0.588194 0.060937 0.062500
0 0.300391 0.367361 0.030469 0.051389
0 0.300781 0.530556 0.028125 0.052778
0 0.441016 0.531944 0.028906 0.055556
0 0.370703 0.531250 0.027344 0.054167
0 0.553125 0.420833 0.026562 0.047222
0 0.435547 0.368056 0.030469 0.050000
0 0.646484 0.531944 0.092969 0.055556
0 0.281250 0.418056 0.028125 0.044444
0 0.416797 0.420139 0.027344 0.045833
0 0.562500 0.476389 0.028125 0.050000
0 0.493359 0.475000 0.027344 0.050000
0 0.546094 0.531944 0.028125 0.052778
0 0.598047 0.476389 0.028906 0.050000
0 0.476562 0.531250 0.028125 0.054167
0 0.232422 0.367361 0.030469 0.048611
0 0.316016 0.420139 0.028906 0.048611
0 0.246875 0.421528 0.032813 0.051389
0 0.666016 0.449306 0.049219 0.112500
0 0.485938 0.420139 0.026562 0.045833
0 0.587109 0.421528 0.028906 0.048611
0 0.658594 0.656944 0.432812 0.069444
0 0.427734 0.659028 0.555469 0.079167
0 0.400781 0.368056 0.029687 0.050000
0 0.382422 0.419444 0.025781 0.044444
0 0.266406 0.368056 0.031250 0.050000
0 0.251953 0.474306 0.028906 0.048611
0 0.348438 0.418750 0.025000 0.045833
0 0.405859 0.529861 0.028906 0.054167
0 0.675000 0.590972 0.046875 0.059722
0 0.197656 0.365972 0.031250 0.045833
0 0.354687 0.472917 0.026562 0.048611
0 0.603516 0.370833 0.028906 0.052778
0 0.203125 0.420139 0.050000 0.051389
0 0.231250 0.530556 0.032813 0.055556
0 0.266797 0.531250 0.028906 0.054167
0 0.285547 0.474306 0.028906 0.051389
0 0.190234 0.530556 0.041406 0.055556
0 0.366406 0.367361 0.029687 0.048611
0 0.303516 0.588889 0.050781 0.061111
0 0.320703 0.473611 0.027344 0.050000
0 0.510547 0.531944 0.028906 0.055556
0 0.451172 0.419444 0.027344 0.047222
0 0.494531 0.459722 0.709375 0.461111
0 0.333203 0.367361 0.028906 0.048611
0 0.519531 0.420139 0.026562 0.045833
0 0.534766 0.588889 0.049219 0.061111
0 0.580469 0.531944 0.028125 0.052778
0 0.389453 0.473611 0.027344 0.050000
0 0.536328 0.368750 0.028906 0.051389
0 0.204687 0.474306 0.057813 0.054167
0 0.527734 0.475694 0.027344 0.051389
0 0.569531 0.368750 0.029687 0.051389
0 0.632422 0.477083 0.028906 0.054167
0 0.503125 0.369444 0.031250 0.050000
0 0.458594 0.475000 0.028125 0.052778
0 0.419922 0.584722 0.167969 0.050000
0 0.468750 0.368750 0.031250 0.051389
0 0.621875 0.423611 0.029687 0.052778
0 0.654687 0.368056 0.064062 0.047222
