0 0.359985 0.521472 0.035285 0.147239
0 0.014640 0.363497 0.027778 0.150307
0 0.486486 0.869632 0.049550 0.187117
0 0.209835 0.193252 0.036787 0.147239
0 0.331832 0.203988 0.036036 0.150307
0 0.149399 0.365031 0.036036 0.147239
0 0.289790 0.193252 0.036036 0.147239
0 0.158033 0.518405 0.035285 0.147239
0 0.012387 0.874233 0.023273 0.177914
0 0.188063 0.875767 0.259009 0.180982
0 0.411036 0.202454 0.035285 0.141104
0 0.390390 0.355828 0.034535 0.147239
0 0.117492 0.519939 0.033784 0.144172
0 0.417042 0.503067 0.832583 1.000000
0 0.301426 0.700920 0.035285 0.150307
0 0.340841 0.700920 0.034535 0.144172
0 0.381381 0.697853 0.036036 0.150307
0 0.009384 0.188650 0.017267 0.144172
0 0.198198 0.518405 0.034535 0.147239
0 0.345721 0.868098 0.048799 0.184049
0 0.260886 0.697853 0.035285 0.150307
0 0.034159 0.872699 0.047297 0.174847
0 0.238739 0.519939 0.033033 0.144172
0 0.009384 0.191718 0.017267 0.144172
0 0.097973 0.684049 0.035285 0.147239
0 0.138138 0.684049 0.034535 0.147239
0 0.280405 0.538344 0.035285 0.144172
0 0.189565 0.365031 0.035285 0.141104
0 0.269144 0.352761 0.033784 0.141104
0 0.049174 0.200920 0.036787 0.150307
0 0.471471 0.191718 0.075075 0.144172
0 0.480856 0.440184 0.056306 0.328221
0 0.012763 0.190184 0.024024 0.147239
0 0.009760 0.355828 0.018018 0.153374
0 0.035661 0.521472 0.035285 0.147239
0 0.309685 0.352761 0.035285 0.147239
0 0.169294 0.191718 0.036787 0.144172
0 0.009384 0.519939 0.017267 0.150307
0 0.319069 0.519939 0.034535 0.144172
0 0.017643 0.529141 0.033784 0.144172
0 0.441441 0.532209 0.036036 0.150307
0 0.088213 0.190184 0.035285 0.141104
0 0.128754 0.190184 0.036787 0.147239
0 0.068694 0.366564 0.035285 0.150307
0 0.076577 0.518405 0.034535 0.147239
0 0.028904 0.369632 0.035285 0.150307
0 0.230480 0.365031 0.036036 0.153374
0 0.402027 0.535276 0.035285 0.150307
0 0.009760 0.684049 0.018018 0.147239
0 0.220721 0.697853 0.036036 0.150307
0 0.430556 0.354294 0.035285 0.150307
0 0.108859 0.368098 0.034535 0.147239
0 0.012012 0.699387 0.022523 0.141104
0 0.250751 0.200920 0.037538 0.150307
0 0.371997 0.200920 0.036787 0.150307
0 0.456081 0.685583 0.105856 0.144172
0 0.057432 0.685583 0.035285 0.150307
0 0.017267 0.685583 0.033033 0.150307
0 0.178679 0.684049 0.036036 0.147239
0 0.350225 0.355828 0.033784 0.147239
