0 0.597665 0.222081 0.040340 0.098985
0 0.496815 0.441624 0.917197 0.710660
0 0.170382 0.262690 0.043524 0.104061
0 0.437898 0.338832 0.041401 0.098985
0 0.404989 0.447970 0.041401 0.098985
0 0.208068 0.472081 0.042463 0.101523
0 0.593949 0.432741 0.039278 0.104061
0 0.452760 0.445431 0.041401 0.098985
0 0.622081 0.534264 0.042463 0.098985
0 0.121019 0.266497 0.044586 0.106599
0 0.713907 0.526650 0.132696 0.109137
0 0.071656 0.723350 0.060510 0.126904
0 0.574841 0.540609 0.041401 0.106599
0 0.343418 0.347716 0.043524 0.101523
0 0.385350 0.678934 0.237792 0.134518
0 0.364650 0.242386 0.041401 0.098985
0 0.624204 0.323604 0.042463 0.104061
0 0.233015 0.578680 0.043524 0.106599
0 0.479299 0.550761 0.041401 0.106599
0 0.529724 0.331218 0.044586 0.098985
0 0.672505 0.318528 0.041401 0.104061
0 0.499469 0.439086 0.041401 0.101523
0 0.432059 0.554569 0.040340 0.104061
0 0.642251 0.426396 0.042463 0.106599
0 0.531316 0.663706 0.043524 0.119289
0 0.356688 0.455584 0.040340 0.104061
0 0.390658 0.343909 0.040340 0.098985
0 0.283970 0.572335 0.043524 0.109137
0 0.143843 0.369289 0.043524 0.104061
0 0.458068 0.233503 0.039278 0.096447
0 0.089172 0.484772 0.082803 0.106599
0 0.071125 0.271574 0.046709 0.101523
0 0.195329 0.364213 0.044586 0.109137
0 0.383758 0.559645 0.043524 0.098985
0 0.714437 0.211929 0.089172 0.098985
0 0.294586 0.355330 0.043524 0.101523
0 0.269108 0.251269 0.043524 0.101523
0 0.182590 0.588832 0.044586 0.111675
0 0.334395 0.564721 0.042463 0.104061
0 0.688960 0.420051 0.040340 0.104061
0 0.073779 0.600254 0.058386 0.109137
0 0.131635 0.592640 0.044586 0.114213
0 0.504246 0.228426 0.038217 0.096447
0 0.547240 0.435279 0.039278 0.098985
0 0.317410 0.246193 0.042463 0.096447
0 0.307856 0.460660 0.040340 0.098985
0 0.257962 0.465736 0.042463 0.104061
0 0.158174 0.479695 0.044586 0.106599
0 0.234076 0.697970 0.045648 0.121827
0 0.643843 0.217005 0.039278 0.098985
0 0.550955 0.225888 0.040340 0.101523
0 0.410828 0.237310 0.038217 0.098985
0 0.578025 0.327411 0.041401 0.101523
0 0.484607 0.335025 0.039278 0.096447
0 0.246285 0.359137 0.044586 0.104061
0 0.628450 0.652284 0.044586 0.121827
0 0.733546 0.362944 0.076433 0.213198
0 0.083333 0.376904 0.069002 0.109137
0 0.527070 0.546954 0.041401 0.109137
0 0.218684 0.255076 0.042463 0.104061
