0 0.060000 0.818605 0.052500 0.065116
0 0.544375 0.531395 0.063750 0.058140
0 0.220000 0.605814 0.030000 0.058140
0 0.443750 0.639535 0.870000 0.539535
0 0.136875 0.744186 0.028750 0.060465
0 0.396250 0.733721 0.030000 0.058140
0 0.348125 0.536047 0.028750 0.058140
0 0.086875 0.540698 0.031250 0.062791
0 0.440000 0.598837 0.027500 0.058140
0 0.404375 0.601163 0.028750 0.058140
0 0.420625 0.798837 0.038750 0.058140
0 0.163125 0.539535 0.031250 0.060465
0 0.485000 0.663953 0.027500 0.058140
0 0.291250 0.805814 0.207500 0.062791
0 0.421875 0.533721 0.028750 0.058140
0 0.305000 0.668605 0.030000 0.058140
0 0.456875 0.533721 0.028750 0.058140
0 0.413750 0.665116 0.027500 0.055814
0 0.160000 0.811628 0.040000 0.060465
0 0.331250 0.602326 0.030000 0.060465
0 0.553125 0.629070 0.048750 0.123256
0 0.106875 0.606977 0.031250 0.060465
0 0.520000 0.663953 0.027500 0.058140
0 0.557500 0.795349 0.050000 0.055814
0 0.295000 0.603488 0.030000 0.058140
0 0.491875 0.534884 0.028750 0.055814
0 0.249375 0.738372 0.028750 0.058140
0 0.200625 0.537209 0.028750 0.060465
0 0.432500 0.731395 0.030000 0.058140
0 0.475625 0.598837 0.028750 0.058140
0 0.237500 0.537209 0.030000 0.060465
0 0.098750 0.746512 0.032500 0.060465
0 0.510000 0.597674 0.027500 0.055814
0 0.385000 0.534884 0.030000 0.055814
0 0.378125 0.665116 0.028750 0.055814
0 0.192500 0.674419 0.030000 0.060465
0 0.065000 0.679070 0.060000 0.060465
0 0.368125 0.600000 0.028750 0.055814
0 0.211250 0.740698 0.030000 0.058140
0 0.229375 0.673256 0.028750 0.058140
0 0.286250 0.737209 0.030000 0.060465
0 0.048125 0.541860 0.033750 0.065116
0 0.125625 0.539535 0.031250 0.060465
0 0.323750 0.736047 0.030000 0.058140
0 0.340625 0.667442 0.028750 0.055814
0 0.058750 0.609302 0.050000 0.060465
0 0.450000 0.665116 0.027500 0.055814
0 0.312500 0.536047 0.030000 0.058140
0 0.145000 0.605814 0.030000 0.058140
0 0.256875 0.603488 0.028750 0.058140
0 0.153750 0.675581 0.030000 0.058140
0 0.467500 0.730233 0.027500 0.055814
0 0.116250 0.676744 0.030000 0.060465
0 0.174375 0.740698 0.028750 0.058140
0 0.275000 0.536047 0.030000 0.058140
0 0.266875 0.670930 0.028750 0.058140
0 0.182500 0.604651 0.030000 0.060465
0 0.360000 0.733721 0.030000 0.058140
0 0.054375 0.748837 0.041250 0.060465
0 0.535000 0.727907 0.090000 0.055814
