0 0.604752 0.217784 0.041037 0.100515
0 0.502160 0.440722 0.933045 0.721649
0 0.170086 0.259021 0.044276 0.105670
0 0.442225 0.336340 0.042117 0.100515
0 0.408747 0.447165 0.042117 0.100515
0 0.208423 0.471649 0.043197 0.103093
0 0.600972 0.431701 0.039957 0.105670
0 0.457343 0.444588 0.042117 0.100515
0 0.629590 0.534794 0.043197 0.100515
0 0.119870 0.262887 0.045356 0.108247
0 0.723002 0.527062 0.134989 0.110825
0 0.069654 0.726804 0.061555 0.128866
0 0.581533 0.541237 0.042117 0.108247
0 0.346112 0.345361 0.044276 0.103093
0 0.388769 0.681701 0.241901 0.136598
0 0.367711 0.238402 0.042117 0.100515
0 0.631749 0.320876 0.043197 0.105670
0 0.233801 0.579897 0.044276 0.108247
0 0.484341 0.551546 0.042117 0.108247
0 0.535637 0.328608 0.045356 0.100515
0 0.680886 0.315722 0.042117 0.105670
0 0.504860 0.438144 0.042117 0.103093
0 0.436285 0.555412 0.041037 0.105670
0 0.650108 0.425258 0.043197 0.108247
0 0.537257 0.666237 0.044276 0.121134
0 0.359611 0.454897 0.041037 0.105670
0 0.394168 0.341495 0.041037 0.100515
0 0.285637 0.573454 0.044276 0.110825
0 0.143089 0.367268 0.044276 0.105670
0 0.462743 0.229381 0.039957 0.097938
0 0.087473 0.484536 0.084233 0.108247
0 0.069114 0.268041 0.047516 0.103093
0 0.195464 0.362113 0.045356 0.110825
0 0.387149 0.560567 0.044276 0.100515
0 0.723542 0.207474 0.090713 0.100515
0 0.296436 0.353093 0.044276 0.103093
0 0.270518 0.247423 0.044276 0.103093
0 0.182505 0.590206 0.045356 0.113402
0 0.336933 0.565722 0.043197 0.105670
0 0.697624 0.418814 0.041037 0.105670
0 0.071814 0.601804 0.059395 0.110825
0 0.130670 0.594072 0.045356 0.115979
0 0.509719 0.224227 0.038877 0.097938
0 0.553456 0.434278 0.039957 0.100515
0 0.319654 0.242268 0.043197 0.097938
0 0.309935 0.460052 0.041037 0.100515
0 0.259179 0.465206 0.043197 0.105670
0 0.157667 0.479381 0.045356 0.108247
0 0.234881 0.701031 0.046436 0.123711
0 0.651728 0.212629 0.039957 0.100515
0 0.557235 0.221649 0.041037 0.103093
0 0.414687 0.233247 0.038877 0.100515
0 0.584773 0.324742 0.042117 0.103093
0 0.489741 0.332474 0.039957 0.097938
0 0.247300 0.356959 0.045356 0.105670
0 0.636069 0.654639 0.045356 0.123711
0 0.742981 0.360825 0.077754 0.216495
0 0.081533 0.375000 0.070194 0.110825
0 0.532937 0.547680 0.042117 0.110825
0 0.219222 0.251289 0.043197 0.105670
