0 0.609264 0.242898 0.045131 0.110795
0 0.501188 0.488636 1.000000 0.795455
0 0.131235 0.288352 0.048694 0.116477
0 0.430523 0.373580 0.046318 0.110795
0 0.393705 0.495739 0.046318 0.110795
0 0.173397 0.522727 0.047506 0.113636
0 0.605107 0.478693 0.043943 0.116477
0 0.447150 0.492898 0.046318 0.110795
0 0.636580 0.592330 0.047506 0.110795
0 0.076010 0.292614 0.049881 0.119318
0 0.739311 0.583807 0.148456 0.122159
0 0.027910 0.803977 0.053444 0.142045
0 0.583729 0.599432 0.046318 0.119318
0 0.324822 0.383523 0.048694 0.113636
0 0.371734 0.754261 0.266033 0.150568
0 0.348575 0.265625 0.046318 0.110795
0 0.638955 0.356534 0.047506 0.116477
0 0.201306 0.642045 0.048694 0.119318
0 0.476841 0.610795 0.046318 0.119318
0 0.533254 0.365057 0.049881 0.110795
0 0.692993 0.350852 0.046318 0.116477
0 0.499406 0.485795 0.046318 0.113636
0 0.423990 0.615057 0.045131 0.116477
0 0.659145 0.471591 0.047506 0.119318
0 0.535036 0.737216 0.048694 0.133523
0 0.339667 0.504261 0.045131 0.116477
0 0.377672 0.379261 0.045131 0.110795
0 0.258314 0.634943 0.048694 0.122159
0 0.101544 0.407670 0.048694 0.116477
0 0.453088 0.255682 0.043943 0.107955
0 0.043943 0.536932 0.085511 0.119318
0 0.023753 0.298295 0.045131 0.113636
0 0.159145 0.401989 0.049881 0.122159
0 0.369952 0.620739 0.048694 0.110795
0 0.739905 0.231534 0.099762 0.110795
0 0.270190 0.392045 0.048694 0.113636
0 0.241686 0.275568 0.048694 0.113636
0 0.144893 0.653409 0.049881 0.125000
0 0.314727 0.626420 0.047506 0.116477
0 0.711401 0.464489 0.045131 0.116477
0 0.028504 0.666193 0.054632 0.122159
0 0.087886 0.657670 0.049881 0.127841
0 0.504751 0.250000 0.042755 0.107955
0 0.552850 0.481534 0.043943 0.110795
0 0.295724 0.269886 0.047506 0.107955
0 0.285036 0.509943 0.045131 0.110795
0 0.229216 0.515625 0.047506 0.116477
0 0.117577 0.531250 0.049881 0.119318
0 0.202494 0.775568 0.051069 0.136364
0 0.660926 0.237216 0.043943 0.110795
0 0.557007 0.247159 0.045131 0.113636
0 0.400238 0.259943 0.042755 0.110795
0 0.587292 0.360795 0.046318 0.113636
0 0.482779 0.369318 0.043943 0.107955
0 0.216152 0.396307 0.049881 0.116477
0 0.643705 0.724432 0.049881 0.136364
0 0.761283 0.400568 0.085511 0.238636
0 0.036817 0.416193 0.071259 0.122159
0 0.530285 0.606534 0.046318 0.122159
0 0.185273 0.279830 0.047506 0.116477
