0 0.194688 0.405806 0.034375 0.068387
0 0.557187 0.509032 0.041875 0.127742
0 0.212812 0.476774 0.033125 0.070968
0 0.536563 0.608387 0.084375 0.063226
0 0.458437 0.541290 0.029375 0.063226
0 0.189062 0.688387 0.044375 0.070968
0 0.367500 0.407097 0.030000 0.065806
0 0.083437 0.403226 0.031875 0.065806
0 0.230625 0.405806 0.032500 0.068387
0 0.159375 0.405806 0.033750 0.068387
0 0.316250 0.475484 0.030000 0.065806
0 0.384062 0.474839 0.029375 0.064516
0 0.358125 0.543871 0.030000 0.065806
0 0.204375 0.616774 0.035000 0.067097
0 0.282813 0.475484 0.031875 0.065806
0 0.490938 0.542581 0.029375 0.063226
0 0.299063 0.407097 0.030625 0.068387
0 0.265625 0.407097 0.031250 0.068387
0 0.248438 0.476774 0.033125 0.068387
0 0.450313 0.474839 0.029375 0.064516
0 0.408125 0.611613 0.030000 0.067097
0 0.350313 0.476129 0.031875 0.067097
0 0.310000 0.685806 0.193750 0.073548
0 0.498437 0.405806 0.028125 0.063226
0 0.095625 0.694194 0.055000 0.067097
0 0.334062 0.406452 0.030625 0.067097
0 0.466250 0.405806 0.028750 0.065806
0 0.178125 0.476774 0.033750 0.068387
0 0.273438 0.614194 0.031875 0.064516
0 0.547813 0.407742 0.060625 0.059355
0 0.168125 0.618710 0.035000 0.065806
0 0.514687 0.473548 0.029375 0.067097
0 0.123125 0.405806 0.036250 0.068387
0 0.089688 0.619355 0.045625 0.064516
0 0.556562 0.676774 0.048125 0.068387
0 0.325000 0.544516 0.031250 0.067097
0 0.425312 0.542581 0.029375 0.063226
0 0.099062 0.547742 0.060625 0.068387
0 0.185938 0.547097 0.034375 0.067097
0 0.442500 0.611613 0.030000 0.064516
0 0.290938 0.545806 0.031875 0.067097
0 0.237813 0.614839 0.031875 0.065806
0 0.429375 0.679355 0.038750 0.068387
0 0.474687 0.609677 0.029375 0.063226
0 0.256250 0.545806 0.031250 0.067097
0 0.341875 0.613548 0.031250 0.065806
0 0.446250 0.455484 0.802500 0.686452
0 0.522813 0.541935 0.029375 0.064516
0 0.375937 0.612903 0.031875 0.064516
0 0.132188 0.618065 0.036875 0.067097
0 0.307500 0.612903 0.032500 0.067097
0 0.151250 0.548387 0.035000 0.067097
0 0.434063 0.406452 0.029375 0.064516
0 0.392188 0.543226 0.030625 0.064516
0 0.400625 0.406452 0.030000 0.064516
0 0.417187 0.475484 0.030625 0.065806
0 0.482812 0.474839 0.029375 0.067097
0 0.095937 0.476774 0.054375 0.068387
0 0.141875 0.477419 0.036250 0.069677
0 0.221562 0.546452 0.033125 0.068387
