0 0.260013 0.367483 0.045682 0.084633
0 0.270025 0.462138 0.048185 0.086860
0 0.240300 0.560134 0.045056 0.084633
0 0.576658 0.557906 0.046934 0.091314
0 0.693680 0.659800 0.055695 0.094655
0 0.408949 0.658686 0.274718 0.090200
0 0.716208 0.458241 0.051940 0.090200
0 0.314768 0.368040 0.046308 0.083519
0 0.234668 0.274499 0.046308 0.083519
0 0.352628 0.556793 0.046934 0.089087
0 0.587922 0.364143 0.046934 0.086860
0 0.423342 0.366927 0.045682 0.083519
0 0.634543 0.559020 0.051314 0.093541
0 0.772841 0.458241 0.052566 0.092428
0 0.479036 0.366927 0.046934 0.085746
0 0.452128 0.274499 0.045682 0.085746
0 0.296621 0.559577 0.047559 0.087973
0 0.436170 0.458241 0.046308 0.079065
0 0.506571 0.273942 0.043179 0.084633
0 0.547872 0.459911 0.046934 0.086860
0 0.214956 0.463252 0.045682 0.084633
0 0.068523 0.561804 0.059449 0.085746
0 0.151126 0.368597 0.046934 0.084633
0 0.182103 0.275612 0.043805 0.081292
0 0.603567 0.461024 0.048185 0.089087
0 0.085106 0.367483 0.070088 0.082405
0 0.560388 0.272272 0.044431 0.083519
0 0.756884 0.360245 0.049437 0.090200
0 0.326033 0.461024 0.045056 0.084633
0 0.288486 0.272272 0.043805 0.081292
0 0.826345 0.408129 0.090738 0.188196
0 0.382040 0.458241 0.045682 0.083519
0 0.520338 0.560134 0.050688 0.093541
0 0.161139 0.462695 0.045682 0.083519
0 0.496558 0.464365 0.930538 0.596882
0 0.368586 0.365813 0.045056 0.081292
0 0.668648 0.266704 0.048185 0.087973
0 0.660513 0.458797 0.050688 0.091314
0 0.810388 0.265590 0.102628 0.087973
0 0.076345 0.276169 0.042553 0.077951
0 0.724969 0.266147 0.048185 0.089087
0 0.184606 0.560134 0.046308 0.084633
0 0.615457 0.270601 0.046934 0.086860
0 0.342303 0.272272 0.046308 0.081292
0 0.396746 0.273385 0.045056 0.083519
0 0.578223 0.657572 0.051314 0.092428
0 0.063517 0.661470 0.063204 0.089087
0 0.644869 0.363586 0.049437 0.087973
0 0.463392 0.556793 0.048185 0.089087
0 0.088861 0.463808 0.083855 0.083519
0 0.493429 0.461581 0.045682 0.087973
0 0.128285 0.276169 0.045056 0.082405
0 0.692115 0.557906 0.050063 0.091314
0 0.129850 0.560134 0.046934 0.086860
0 0.799437 0.556793 0.155820 0.093541
0 0.204944 0.366370 0.044431 0.084633
0 0.699625 0.362472 0.051314 0.092428
0 0.408636 0.557906 0.047559 0.086860
0 0.238110 0.659800 0.046934 0.087973
0 0.534105 0.365813 0.045682 0.085746
