0 0.085544 0.297261 0.033156 0.043286
0 0.159483 0.407686 0.032493 0.045053
0 0.429377 0.356449 0.033820 0.045053
0 0.107759 0.242491 0.032493 0.043286
0 0.469828 0.357774 0.032493 0.044170
0 0.244032 0.408569 0.031830 0.045053
0 0.318302 0.246908 0.033156 0.045053
0 0.142241 0.464223 0.044430 0.046820
0 0.116048 0.408127 0.031830 0.044170
0 0.150531 0.243375 0.031830 0.043286
0 0.580902 0.251767 0.074271 0.045936
0 0.032162 0.352032 0.056366 0.045053
0 0.095491 0.352473 0.031830 0.044170
0 0.128979 0.297703 0.031167 0.044170
0 0.460212 0.303887 0.033156 0.044170
0 0.285809 0.409011 0.033156 0.045936
0 0.201260 0.408127 0.032493 0.044170
0 0.029178 0.463339 0.057029 0.046820
0 0.409814 0.411219 0.034483 0.045053
0 0.290451 0.465106 0.234748 0.050353
0 0.519562 0.250442 0.033820 0.043286
0 0.358753 0.248675 0.034483 0.045053
0 0.297082 0.300795 0.031830 0.043286
0 0.478448 0.293286 0.955570 0.484099
0 0.255305 0.299028 0.031830 0.043286
0 0.265252 0.353357 0.031830 0.042403
0 0.192971 0.244258 0.031830 0.043286
0 0.450597 0.411219 0.032493 0.043286
0 0.021883 0.239841 0.033156 0.045053
0 0.589191 0.331714 0.056366 0.101590
0 0.065981 0.242049 0.032493 0.044170
0 0.024536 0.408127 0.045093 0.045936
0 0.171419 0.298587 0.031167 0.044170
0 0.480106 0.250442 0.033156 0.045053
0 0.400199 0.248675 0.033820 0.045053
0 0.591180 0.466431 0.056366 0.047703
0 0.181034 0.352473 0.031830 0.044170
0 0.509947 0.357332 0.034483 0.045053
0 0.347812 0.355565 0.032493 0.045053
0 0.490053 0.410777 0.031830 0.042403
0 0.435345 0.464664 0.044430 0.045936
0 0.337865 0.301237 0.032493 0.044170
0 0.213528 0.299470 0.031830 0.044170
0 0.500332 0.303887 0.033820 0.045936
0 0.565650 0.411661 0.103448 0.044170
0 0.368369 0.410336 0.033820 0.045053
0 0.419761 0.302562 0.033156 0.043286
0 0.073939 0.407244 0.032493 0.044170
0 0.138594 0.352473 0.031830 0.044170
0 0.307029 0.354682 0.033156 0.043286
0 0.439987 0.250000 0.033820 0.044170
0 0.235080 0.245141 0.032493 0.045053
0 0.276525 0.246466 0.033156 0.044170
0 0.539125 0.304770 0.034483 0.045936
0 0.548408 0.358216 0.034483 0.045053
0 0.389589 0.356449 0.033820 0.045053
0 0.379310 0.301678 0.033156 0.043286
0 0.223143 0.353799 0.032493 0.043286
0 0.032825 0.297261 0.053714 0.045053
0 0.327255 0.409452 0.033820 0.045053
