0 0.367689 0.409221 0.036377 0.044677
0 0.039943 0.390684 0.037090 0.043726
0 0.402639 0.649240 0.050642 0.051331
0 0.155136 0.456749 0.037803 0.044677
0 0.180100 0.579848 0.039230 0.047529
0 0.210414 0.519011 0.038516 0.045627
0 0.353780 0.525190 0.035663 0.044677
0 0.113053 0.515209 0.037803 0.047529
0 0.458631 0.412548 0.034237 0.045627
0 0.087019 0.391635 0.038516 0.047529
0 0.400143 0.527091 0.035663 0.044677
0 0.583809 0.507605 0.059201 0.102662
0 0.016405 0.446768 0.031384 0.045627
0 0.062411 0.512833 0.036377 0.046578
0 0.009986 0.387833 0.018545 0.043726
0 0.011412 0.571768 0.021398 0.048479
0 0.446505 0.529468 0.035663 0.045627
0 0.080243 0.576046 0.039230 0.047529
0 0.435806 0.470532 0.034237 0.043726
0 0.251070 0.461502 0.035663 0.044677
0 0.276748 0.403992 0.038516 0.047529
0 0.230385 0.646863 0.281027 0.054183
0 0.480742 0.472909 0.034237 0.044677
0 0.229672 0.401141 0.035663 0.043726
0 0.492511 0.531844 0.034950 0.044677
0 0.228959 0.581274 0.038516 0.046578
0 0.018545 0.634030 0.035663 0.051331
0 0.500713 0.494772 1.000000 0.592205
0 0.009629 0.384030 0.017832 0.047529
0 0.322753 0.406844 0.036377 0.045627
0 0.297789 0.463878 0.036377 0.045627
0 0.537803 0.535171 0.037090 0.045627
0 0.129815 0.577947 0.038516 0.047529
0 0.182596 0.398764 0.035663 0.044677
0 0.526034 0.475285 0.034950 0.045627
0 0.161555 0.517110 0.036377 0.045627
0 0.014622 0.568916 0.027817 0.046578
0 0.028887 0.574144 0.040656 0.045627
0 0.106990 0.453897 0.038516 0.046578
0 0.414408 0.411597 0.034237 0.043726
0 0.468260 0.589829 0.036377 0.044677
0 0.345221 0.466730 0.034237 0.043726
0 0.134451 0.393536 0.036377 0.047529
0 0.571327 0.419202 0.079886 0.045627
0 0.502853 0.415399 0.034237 0.045627
0 0.557061 0.592681 0.118402 0.046578
0 0.306348 0.522814 0.036377 0.045627
0 0.014979 0.449620 0.028531 0.045627
0 0.016762 0.507605 0.032097 0.047529
0 0.374108 0.587452 0.037803 0.047529
0 0.258559 0.521388 0.037803 0.044677
0 0.016762 0.509981 0.032097 0.046578
0 0.588088 0.658745 0.067760 0.051331
0 0.421541 0.588878 0.035663 0.046578
0 0.202924 0.459125 0.036377 0.045627
0 0.052068 0.639734 0.055635 0.051331
0 0.390514 0.467681 0.034950 0.043726
0 0.326676 0.585076 0.039943 0.048479
0 0.278531 0.583650 0.039230 0.047529
0 0.058845 0.451046 0.037803 0.044677
