0 0.112857 0.661036 0.040000 0.060811
0 0.501429 0.802928 0.037143 0.060811
0 0.028571 0.939189 0.051429 0.063063
0 0.434286 0.872748 0.040000 0.060811
0 0.457143 0.802928 0.037143 0.060811
0 0.579286 0.734234 0.038571 0.063063
0 0.390000 0.871622 0.040000 0.063063
0 0.624286 0.664414 0.082857 0.063063
0 0.068571 0.661036 0.040000 0.060811
0 0.523571 0.872748 0.038571 0.060811
0 0.035000 0.729730 0.061429 0.063063
0 0.636429 0.770270 0.058571 0.135135
0 0.190000 0.800676 0.040000 0.060811
0 0.212143 0.869369 0.038571 0.063063
0 0.101429 0.800676 0.037143 0.060811
0 0.335000 0.662162 0.041429 0.058559
0 0.357857 0.730856 0.038571 0.060811
0 0.040714 0.800676 0.072857 0.065315
0 0.256429 0.870495 0.038571 0.060811
0 0.023571 0.659910 0.038571 0.063063
0 0.479286 0.872748 0.038571 0.060811
0 0.246429 0.661036 0.038571 0.060811
0 0.300714 0.869369 0.041429 0.063063
0 0.167857 0.870495 0.038571 0.060811
0 0.500000 0.765766 0.997143 0.459459
0 0.290714 0.662162 0.038571 0.058559
0 0.401429 0.730856 0.037143 0.060811
0 0.078571 0.869369 0.040000 0.063063
0 0.424286 0.663288 0.040000 0.060811
0 0.345714 0.871622 0.040000 0.063063
0 0.490714 0.733108 0.035714 0.060811
0 0.135000 0.730856 0.038571 0.060811
0 0.312857 0.730856 0.040000 0.060811
0 0.545714 0.802928 0.037143 0.060811
0 0.178571 0.729730 0.040000 0.063063
0 0.306429 0.943694 0.275714 0.063063
0 0.029286 0.869369 0.050000 0.063063
0 0.379286 0.664414 0.038571 0.063063
0 0.122857 0.870495 0.040000 0.060811
0 0.590000 0.804054 0.040000 0.063063
0 0.202143 0.659910 0.038571 0.058559
0 0.222857 0.730856 0.040000 0.060811
0 0.146429 0.800676 0.038571 0.060811
0 0.446429 0.731982 0.038571 0.058559
0 0.234286 0.799550 0.037143 0.058559
0 0.090000 0.730856 0.040000 0.060811
0 0.157143 0.661036 0.040000 0.060811
0 0.139286 0.939189 0.050000 0.063063
0 0.535000 0.733108 0.038571 0.060811
0 0.469286 0.662162 0.038571 0.063063
0 0.324286 0.800676 0.040000 0.060811
0 0.639286 0.943694 0.052857 0.063063
0 0.557143 0.663288 0.037143 0.060811
0 0.267857 0.730856 0.038571 0.060811
0 0.512857 0.663288 0.040000 0.060811
0 0.607143 0.873874 0.117143 0.063063
0 0.279286 0.800676 0.038571 0.060811
0 0.472857 0.942568 0.051429 0.065315
0 0.368571 0.800676 0.037143 0.060811
0 0.412857 0.801802 0.040000 0.058559
