0 0.087158 0.510989 0.055176 0.053480
0 0.344971 0.570330 0.035645 0.052015
0 0.136963 0.512088 0.038574 0.054212
0 0.335693 0.512821 0.035645 0.052747
0 0.596680 0.630403 0.105469 0.053480
0 0.627441 0.689377 0.046875 0.055678
0 0.225830 0.571062 0.035645 0.053480
0 0.621826 0.542857 0.053223 0.112821
0 0.581543 0.571795 0.036133 0.054945
0 0.205566 0.629304 0.036133 0.054212
0 0.532471 0.512821 0.035645 0.054212
0 0.571045 0.513187 0.035645 0.054945
0 0.079590 0.687912 0.045898 0.055678
0 0.542480 0.571795 0.037109 0.054945
0 0.502441 0.571795 0.035156 0.053480
0 0.315918 0.453480 0.036133 0.054212
0 0.158203 0.453114 0.036133 0.054945
0 0.245605 0.629670 0.037109 0.053480
0 0.512695 0.454212 0.036133 0.054212
0 0.081055 0.628571 0.045898 0.054212
0 0.264893 0.569597 0.035645 0.052015
0 0.522461 0.631136 0.036133 0.054945
0 0.453613 0.513919 0.036133 0.052015
0 0.324951 0.630037 0.036621 0.054212
0 0.500488 0.542125 0.907227 0.392674
0 0.394775 0.454212 0.035645 0.055678
0 0.179199 0.688645 0.047852 0.055678
0 0.276611 0.453846 0.036621 0.054945
0 0.117188 0.452015 0.037109 0.054212
0 0.237549 0.453480 0.035645 0.054212
0 0.354980 0.454212 0.035156 0.054212
0 0.295410 0.512088 0.036133 0.052747
0 0.463135 0.570696 0.035645 0.052747
0 0.092041 0.569597 0.064941 0.053480
0 0.443604 0.630403 0.035645 0.053480
0 0.164795 0.630403 0.035645 0.053480
0 0.478271 0.690110 0.047363 0.055678
0 0.610107 0.453480 0.073730 0.054212
0 0.255859 0.513187 0.037109 0.053480
0 0.304688 0.569963 0.035156 0.052747
0 0.216797 0.512454 0.036133 0.053480
0 0.472900 0.454579 0.035645 0.056410
0 0.078613 0.452381 0.034180 0.053480
0 0.375000 0.513553 0.036133 0.052747
0 0.433594 0.454212 0.035156 0.055678
0 0.414062 0.513187 0.035156 0.052015
0 0.424072 0.571062 0.035645 0.053480
0 0.177246 0.512821 0.036133 0.054212
0 0.185791 0.570330 0.035645 0.053480
0 0.145996 0.570330 0.036133 0.053480
0 0.124756 0.628938 0.035645 0.054945
0 0.384521 0.571062 0.034668 0.053480
0 0.404297 0.631136 0.036133 0.053480
0 0.364990 0.630037 0.035645 0.052747
0 0.329590 0.691575 0.246094 0.055678
0 0.197510 0.453846 0.036621 0.054945
0 0.285156 0.629304 0.036133 0.054212
0 0.492676 0.513187 0.035156 0.053480
0 0.483398 0.630403 0.035156 0.052015
0 0.551514 0.453480 0.035645 0.054212
