0 0.600519 0.720792 0.036350 0.051485
0 0.456973 0.718317 0.037092 0.054455
0 0.540430 0.850000 0.037834 0.056436
0 0.491469 0.848515 0.036350 0.055446
0 0.027819 0.714851 0.031899 0.047525
0 0.451409 0.788119 0.901335 0.425743
0 0.685089 0.820297 0.063056 0.123762
0 0.038947 0.778713 0.057122 0.048515
0 0.266691 0.718317 0.036350 0.054455
0 0.370549 0.913366 0.036350 0.054455
0 0.217730 0.716832 0.034866 0.051485
0 0.385015 0.782178 0.035608 0.051485
0 0.023739 0.975248 0.045994 0.051485
0 0.589392 0.850495 0.036350 0.055446
0 0.025223 0.909901 0.047478 0.051485
0 0.145401 0.779208 0.035608 0.051485
0 0.515950 0.915842 0.036350 0.055446
0 0.395401 0.846040 0.035608 0.054455
0 0.504451 0.720297 0.040059 0.054455
0 0.466988 0.914356 0.036350 0.054455
0 0.624258 0.786634 0.037834 0.056436
0 0.074184 0.714356 0.034125 0.048515
0 0.418769 0.914356 0.037834 0.056436
0 0.106825 0.843564 0.034125 0.053465
0 0.552300 0.720297 0.037834 0.052475
0 0.225148 0.910396 0.036350 0.052475
0 0.528190 0.784158 0.035608 0.051485
0 0.361647 0.718317 0.036350 0.052475
0 0.155045 0.845050 0.034125 0.052475
0 0.337166 0.781683 0.034866 0.052475
0 0.481083 0.783168 0.036350 0.053465
0 0.637982 0.851980 0.037092 0.056436
0 0.127596 0.910396 0.035608 0.052475
0 0.409866 0.719307 0.037834 0.054455
0 0.673591 0.723267 0.084570 0.050495
0 0.193249 0.780198 0.034866 0.051485
0 0.241098 0.780198 0.035608 0.051485
0 0.170252 0.716832 0.034866 0.051485
0 0.078264 0.908416 0.036350 0.054455
0 0.321958 0.911881 0.037092 0.055446
0 0.122404 0.716832 0.035608 0.051485
0 0.288947 0.780693 0.034866 0.050495
0 0.564540 0.917822 0.038576 0.055446
0 0.251113 0.845545 0.034866 0.053465
0 0.347181 0.846535 0.035608 0.053465
0 0.176187 0.910396 0.034866 0.052475
0 0.299332 0.845545 0.034866 0.053465
0 0.328264 0.982673 0.297478 0.036634
0 0.041914 0.843564 0.070475 0.051485
0 0.097181 0.779703 0.035608 0.052475
0 0.656899 0.919802 0.122404 0.055446
0 0.443991 0.848020 0.036350 0.056436
0 0.142804 0.975248 0.049703 0.051485
0 0.695846 0.980693 0.051929 0.040594
0 0.202522 0.845545 0.035608 0.053465
0 0.510757 0.977723 0.052671 0.046535
0 0.576780 0.785149 0.036350 0.053465
0 0.432864 0.782673 0.034866 0.050495
0 0.314540 0.717822 0.037092 0.053465
0 0.273368 0.911386 0.036350 0.054455
