0 0.271592 0.362410 0.031714 0.044964
0 0.210864 0.418615 0.030364 0.044065
0 0.201754 0.528327 0.031039 0.044065
0 0.252024 0.417266 0.031714 0.043165
0 0.459852 0.412770 0.031714 0.043165
0 0.221660 0.473022 0.030364 0.043165
0 0.488192 0.575989 0.045209 0.045863
0 0.485830 0.450989 0.970310 0.472122
0 0.179825 0.474371 0.030364 0.044065
0 0.377530 0.414568 0.030364 0.043165
0 0.327260 0.524730 0.031039 0.044065
0 0.641700 0.572392 0.043185 0.045863
0 0.313090 0.360612 0.031039 0.043165
0 0.593117 0.465827 0.031039 0.041367
0 0.072537 0.591277 0.042510 0.045863
0 0.073887 0.421763 0.053306 0.044964
0 0.145749 0.365108 0.031039 0.043165
0 0.533401 0.519335 0.030364 0.042266
0 0.293522 0.416367 0.031039 0.043165
0 0.438259 0.359263 0.033063 0.042266
0 0.187584 0.364658 0.031039 0.042266
0 0.582321 0.409173 0.031039 0.043165
0 0.081309 0.477068 0.062753 0.045863
0 0.479757 0.358813 0.033738 0.043165
0 0.500675 0.413219 0.031039 0.042266
0 0.354926 0.361061 0.031039 0.042266
0 0.285088 0.525629 0.031714 0.044065
0 0.070513 0.532374 0.043860 0.044964
0 0.263158 0.472122 0.031039 0.044964
0 0.347166 0.470773 0.031714 0.044065
0 0.512146 0.465827 0.029690 0.043165
0 0.305668 0.470773 0.031039 0.044065
0 0.470310 0.467176 0.031039 0.044065
0 0.368758 0.523831 0.031714 0.044065
0 0.622807 0.354317 0.071525 0.043165
0 0.169028 0.419514 0.030364 0.042266
0 0.409919 0.522932 0.031714 0.045863
0 0.127193 0.421313 0.031714 0.044065
0 0.335695 0.415917 0.030364 0.044065
0 0.492915 0.520683 0.030364 0.043165
0 0.451417 0.522032 0.031039 0.044065
0 0.429825 0.467626 0.033738 0.044964
0 0.175776 0.584982 0.042510 0.045863
0 0.520243 0.357914 0.032389 0.043165
0 0.396761 0.360612 0.032389 0.043165
0 0.552969 0.464478 0.030364 0.044065
0 0.070850 0.010342 0.043185 0.018885
0 0.138327 0.475270 0.031039 0.044065
0 0.166329 0.008543 0.042510 0.015288
0 0.118421 0.530576 0.031714 0.044964
0 0.229082 0.361960 0.030364 0.042266
0 0.388664 0.468525 0.031039 0.043165
0 0.541835 0.410971 0.029690 0.043165
0 0.159582 0.529227 0.030364 0.044065
0 0.561741 0.355665 0.030364 0.042266
0 0.104251 0.366007 0.030364 0.043165
0 0.633941 0.438849 0.051957 0.100719
0 0.332321 0.583183 0.253036 0.051259
0 0.419366 0.413219 0.030364 0.042266
0 0.243252 0.526529 0.030364 0.044065
0 0.061404 0.366906 0.031039 0.043165
0 0.609649 0.517986 0.103239 0.044964
