0 0.198166 0.494048 0.039075 0.111111
0 0.225279 0.619048 0.043860 0.111111
0 0.465311 0.247024 0.047049 0.105159
0 0.312201 0.249008 0.043860 0.109127
0 0.186204 0.368056 0.040670 0.109127
0 0.013955 0.244048 0.026316 0.111111
0 0.010367 0.496032 0.019139 0.111111
0 0.337719 0.368056 0.040670 0.105159
0 0.400718 0.493056 0.042265 0.113095
0 0.017145 0.496032 0.032695 0.111111
0 0.054625 0.745040 0.055024 0.113095
0 0.010766 0.371032 0.019936 0.111111
0 0.174641 0.619048 0.041467 0.111111
0 0.603270 0.746032 0.072568 0.119048
0 0.591308 0.246032 0.093301 0.111111
0 0.047448 0.494048 0.040670 0.111111
0 0.034689 0.369048 0.039075 0.107143
0 0.602472 0.430556 0.067783 0.246032
0 0.123206 0.619048 0.040670 0.111111
0 0.212520 0.244048 0.043860 0.111111
0 0.013955 0.620040 0.026316 0.113095
0 0.060606 0.247024 0.039872 0.105159
0 0.388357 0.369048 0.043062 0.107143
0 0.085327 0.370040 0.041467 0.113095
0 0.326156 0.619048 0.044657 0.115079
0 0.439394 0.368056 0.043062 0.109127
0 0.261563 0.244048 0.041467 0.111111
0 0.350877 0.493056 0.043062 0.113095
0 0.572568 0.621032 0.130781 0.115079
0 0.147927 0.494048 0.039075 0.111111
0 0.017544 0.746032 0.033493 0.115079
0 0.016746 0.370040 0.031898 0.109127
0 0.009968 0.243056 0.018341 0.109127
0 0.515152 0.247024 0.046252 0.109127
0 0.072967 0.619048 0.040670 0.111111
0 0.407895 0.745040 0.059809 0.117063
0 0.500797 0.501984 1.000000 1.000000
0 0.010367 0.246032 0.019139 0.103175
0 0.477273 0.620040 0.042265 0.113095
0 0.502791 0.494048 0.042265 0.115079
0 0.110048 0.242063 0.039872 0.107143
0 0.539872 0.372024 0.044657 0.117063
0 0.414274 0.244048 0.047049 0.111111
0 0.249203 0.494048 0.040670 0.111111
0 0.010367 0.620040 0.019139 0.113095
0 0.135566 0.370040 0.039872 0.109127
0 0.162281 0.245040 0.043860 0.109127
0 0.427033 0.618056 0.042265 0.109127
0 0.275518 0.621032 0.042265 0.111111
0 0.300239 0.493056 0.040670 0.113095
0 0.376396 0.619048 0.041467 0.111111
0 0.451356 0.495040 0.043062 0.113095
0 0.490431 0.370040 0.043062 0.109127
0 0.362839 0.247024 0.044657 0.105159
0 0.021930 0.619048 0.039075 0.111111
0 0.097687 0.495040 0.039075 0.109127
0 0.288278 0.370040 0.042265 0.109127
0 0.236443 0.369048 0.040670 0.107143
0 0.553030 0.494048 0.043860 0.115079
0 0.893142 0.094246 0.215311 0.184524
0 0.232456 0.749008 0.283094 0.121032
