0 0.260417 0.651235 0.052778 0.090123
0 0.757986 0.767901 0.070139 0.093827
0 0.219097 0.450617 0.052083 0.086420
0 0.334028 0.451852 0.051389 0.086420
0 0.390972 0.454321 0.051389 0.088889
0 0.318056 0.651852 0.051389 0.091358
0 0.601736 0.660494 0.054861 0.091358
0 0.952778 0.461728 0.054167 0.093827
0 0.077431 0.347531 0.050694 0.090123
0 0.013194 0.346296 0.025000 0.090123
0 0.162500 0.450617 0.051389 0.088889
0 0.276389 0.451235 0.051389 0.087654
0 0.538889 0.761111 0.068056 0.092593
0 0.362847 0.353704 0.050694 0.090123
0 0.749653 0.512346 0.085417 0.190123
0 0.690625 0.560494 0.057639 0.088889
0 0.632986 0.559877 0.054861 0.090123
0 0.619097 0.456790 0.053472 0.091358
0 0.647917 0.357407 0.052778 0.090123
0 0.545486 0.658642 0.052083 0.090123
0 0.446875 0.453704 0.050694 0.087654
0 0.432292 0.656173 0.050694 0.092593
0 0.419097 0.355556 0.052083 0.091358
0 0.020486 0.445679 0.039583 0.088889
0 0.203472 0.651852 0.051389 0.091358
0 0.017708 0.750000 0.034028 0.090123
0 0.023958 0.348765 0.046528 0.090123
0 0.191319 0.349383 0.052083 0.091358
0 0.677431 0.458025 0.054861 0.091358
0 0.475000 0.356173 0.051389 0.090123
0 0.109028 0.753704 0.066667 0.090123
0 0.404167 0.553086 0.050000 0.088889
0 0.232292 0.551235 0.049306 0.085185
0 0.322917 0.760494 0.356944 0.093827
0 0.248264 0.351235 0.052083 0.090123
0 0.290278 0.551852 0.050000 0.086420
0 0.713542 0.662346 0.157639 0.095062
0 0.105556 0.448765 0.051389 0.090123
0 0.118056 0.551235 0.050000 0.087654
0 0.134722 0.350000 0.051389 0.090123
0 0.347917 0.553086 0.050000 0.088889
0 0.375347 0.654938 0.052083 0.090123
0 0.048611 0.448148 0.052778 0.088889
0 0.306250 0.353086 0.052778 0.091358
0 0.061458 0.550000 0.049306 0.087654
0 0.087847 0.651235 0.050694 0.090123
0 0.735069 0.358025 0.111806 0.091358
0 0.517361 0.556173 0.051389 0.090123
0 0.503819 0.455556 0.052083 0.088889
0 0.023958 0.547531 0.046528 0.087654
0 0.488889 0.658025 0.051389 0.091358
0 0.030556 0.648765 0.051389 0.092593
0 0.017014 0.648148 0.032639 0.088889
0 0.489931 0.508025 0.978472 0.675309
0 0.574306 0.559259 0.052778 0.088889
0 0.532639 0.356173 0.052778 0.092593
0 0.460764 0.556173 0.050694 0.090123
0 0.175000 0.551235 0.050000 0.087654
0 0.589931 0.357407 0.053472 0.090123
0 0.145139 0.650617 0.052778 0.091358
0 0.560069 0.456790 0.052083 0.088889
