0 0.273923 0.436508 0.039075 0.111111
0 0.301037 0.561508 0.043860 0.111111
0 0.541069 0.189484 0.047049 0.105159
0 0.387959 0.191468 0.043860 0.109127
0 0.261962 0.310516 0.040670 0.109127
0 0.082935 0.186508 0.039872 0.111111
0 0.071770 0.438492 0.038278 0.111111
0 0.413477 0.310516 0.040670 0.105159
0 0.476475 0.435516 0.042265 0.113095
0 0.017145 0.438492 0.032695 0.111111
0 0.130383 0.687500 0.055024 0.113095
0 0.059011 0.313492 0.039872 0.111111
0 0.250399 0.561508 0.041467 0.111111
0 0.679027 0.688492 0.072568 0.119048
0 0.667065 0.188492 0.093301 0.111111
0 0.123206 0.436508 0.040670 0.111111
0 0.110447 0.311508 0.039075 0.107143
0 0.678230 0.373016 0.067783 0.246032
0 0.198963 0.561508 0.040670 0.111111
0 0.288278 0.186508 0.043860 0.111111
0 0.013955 0.562500 0.026316 0.113095
0 0.136364 0.189484 0.039872 0.105159
0 0.464115 0.311508 0.043062 0.107143
0 0.161085 0.312500 0.041467 0.113095
0 0.401914 0.561508 0.044657 0.115079
0 0.515152 0.310516 0.043062 0.109127
0 0.337321 0.186508 0.041467 0.111111
0 0.426635 0.435516 0.043062 0.113095
0 0.648325 0.563492 0.130781 0.115079
0 0.223684 0.436508 0.039075 0.111111
0 0.017544 0.688492 0.033493 0.115079
0 0.016746 0.312500 0.031898 0.109127
0 0.009968 0.185516 0.018341 0.109127
0 0.590909 0.189484 0.046252 0.109127
0 0.148724 0.561508 0.040670 0.111111
0 0.483652 0.687500 0.059809 0.117063
0 0.500797 0.501984 1.000000 1.000000
0 0.032695 0.188492 0.038278 0.103175
0 0.553030 0.562500 0.042265 0.113095
0 0.578549 0.436508 0.042265 0.115079
0 0.185805 0.184524 0.039872 0.107143
0 0.615630 0.314484 0.044657 0.117063
0 0.490032 0.186508 0.047049 0.111111
0 0.324960 0.436508 0.040670 0.111111
0 0.045853 0.562500 0.039075 0.113095
0 0.211324 0.312500 0.039872 0.109127
0 0.238038 0.187500 0.043860 0.109127
0 0.502791 0.560516 0.042265 0.109127
0 0.351276 0.563492 0.042265 0.111111
0 0.375997 0.435516 0.040670 0.113095
0 0.452153 0.561508 0.041467 0.111111
0 0.527113 0.437500 0.043062 0.113095
0 0.566188 0.312500 0.043062 0.109127
0 0.438596 0.189484 0.044657 0.105159
0 0.097687 0.561508 0.039075 0.111111
0 0.173445 0.437500 0.039075 0.109127
0 0.364035 0.312500 0.042265 0.109127
0 0.312201 0.311508 0.040670 0.107143
0 0.628788 0.436508 0.043860 0.115079
0 0.931021 0.065476 0.139553 0.126984
0 0.308214 0.691468 0.283094 0.121032
