0 0.125000 0.646816 0.039308 0.053066
0 0.638365 0.768278 0.051887 0.064858
0 0.501179 0.645637 0.036950 0.055425
0 0.069575 0.587264 0.057390 0.051887
0 0.480346 0.706368 0.037736 0.054245
0 0.202437 0.588443 0.038522 0.054245
0 0.429638 0.529481 0.038522 0.051887
0 0.459119 0.643868 0.037736 0.054245
0 0.243318 0.587854 0.038522 0.053066
0 0.207547 0.647406 0.037736 0.054245
0 0.120676 0.588443 0.040094 0.054245
0 0.348664 0.528892 0.036950 0.050708
0 0.183569 0.708137 0.040094 0.057783
0 0.166274 0.646816 0.038522 0.055425
0 0.603381 0.705189 0.113994 0.056604
0 0.267689 0.708137 0.038522 0.060142
0 0.437500 0.707547 0.038522 0.056604
0 0.227201 0.531250 0.037736 0.053066
0 0.574686 0.585495 0.036164 0.055425
0 0.249607 0.645637 0.036950 0.053066
0 0.552673 0.527712 0.036164 0.053066
0 0.325865 0.587264 0.036950 0.051887
0 0.308176 0.529481 0.037736 0.054245
0 0.505110 0.632075 0.978774 0.400943
0 0.352594 0.708137 0.038522 0.057783
0 0.046384 0.771226 0.050314 0.061321
0 0.366745 0.586675 0.038522 0.050708
0 0.291274 0.646816 0.036950 0.053066
0 0.309748 0.706958 0.039308 0.057783
0 0.068789 0.645047 0.068396 0.054245
0 0.161557 0.588443 0.038522 0.054245
0 0.332940 0.645637 0.038522 0.053066
0 0.375000 0.645047 0.037736 0.054245
0 0.470912 0.527712 0.037736 0.055425
0 0.140330 0.707547 0.040094 0.056604
0 0.408019 0.585495 0.037736 0.050708
0 0.097877 0.707547 0.040094 0.058962
0 0.544025 0.645637 0.037736 0.057783
0 0.533019 0.585495 0.037736 0.053066
0 0.225629 0.708137 0.039308 0.057783
0 0.051101 0.707547 0.050314 0.054245
0 0.450079 0.586085 0.038522 0.051887
0 0.585692 0.646226 0.037736 0.058962
0 0.065645 0.533608 0.035377 0.050708
0 0.146226 0.531840 0.037736 0.051887
0 0.614387 0.527712 0.076258 0.053066
0 0.151730 0.770047 0.051887 0.061321
0 0.417060 0.644458 0.038522 0.055425
0 0.105739 0.531250 0.038522 0.053066
0 0.475236 0.770047 0.051101 0.063679
0 0.512186 0.528892 0.036950 0.053066
0 0.523192 0.706368 0.038522 0.056604
0 0.490959 0.586085 0.036950 0.051887
0 0.628931 0.615566 0.058176 0.115566
0 0.389151 0.530071 0.037736 0.053066
0 0.267296 0.530660 0.039308 0.054245
0 0.284198 0.587264 0.038522 0.051887
0 0.395440 0.706958 0.039308 0.057783
0 0.313679 0.771816 0.265723 0.060142
0 0.186321 0.531840 0.037736 0.051887
