0 0.297187 0.515833 0.036875 0.060000
0 0.557500 0.513750 0.037500 0.057500
0 0.306875 0.378750 0.040000 0.055833
0 0.702500 0.443750 0.037500 0.057500
0 0.493125 0.445417 0.038750 0.055833
0 0.145937 0.378750 0.039375 0.057500
0 0.679063 0.374167 0.038125 0.056667
0 0.759062 0.373750 0.091875 0.057500
0 0.769375 0.481667 0.066250 0.128333
0 0.584688 0.582500 0.038125 0.058333
0 0.610313 0.514167 0.036875 0.056667
0 0.281875 0.446250 0.038750 0.055833
0 0.383437 0.654583 0.316875 0.060833
0 0.636250 0.582083 0.037500 0.055833
0 0.187812 0.656667 0.049375 0.055000
0 0.038750 0.377917 0.036250 0.055833
0 0.243125 0.515417 0.036250 0.059167
0 0.774375 0.651250 0.052500 0.055833
0 0.498750 0.472500 0.972500 0.493333
0 0.733750 0.582500 0.135000 0.061667
0 0.481563 0.582917 0.043125 0.060833
0 0.335938 0.445833 0.038125 0.056667
0 0.624687 0.375417 0.038125 0.059167
0 0.376875 0.582917 0.040000 0.059167
0 0.229687 0.447917 0.038125 0.057500
0 0.324062 0.583333 0.039375 0.060000
0 0.508437 0.518333 0.039375 0.058333
0 0.198125 0.378750 0.038750 0.054167
0 0.404687 0.519583 0.040625 0.059167
0 0.165937 0.585417 0.038125 0.057500
0 0.414062 0.378333 0.039375 0.055000
0 0.572500 0.377500 0.040000 0.058333
0 0.714688 0.513750 0.036875 0.057500
0 0.545312 0.445833 0.040625 0.056667
0 0.577812 0.651667 0.055625 0.061667
0 0.219062 0.585000 0.039375 0.060000
0 0.175625 0.446667 0.037500 0.058333
0 0.454375 0.513750 0.037500 0.057500
0 0.662813 0.512917 0.038125 0.057500
0 0.055313 0.587500 0.051875 0.056667
0 0.441563 0.448333 0.039375 0.053333
0 0.429688 0.582917 0.044375 0.060833
0 0.191875 0.515833 0.036250 0.058333
0 0.123438 0.447917 0.039375 0.057500
0 0.361250 0.378333 0.040000 0.056667
0 0.349062 0.514583 0.038125 0.057500
0 0.112812 0.585417 0.039375 0.060833
0 0.271875 0.584167 0.038750 0.060000
0 0.597187 0.444583 0.036875 0.055833
0 0.091875 0.377500 0.040000 0.055000
0 0.066562 0.520000 0.076875 0.056667
0 0.387813 0.445833 0.038125 0.056667
0 0.518125 0.376667 0.038750 0.058333
0 0.252812 0.378750 0.039375 0.052500
0 0.137187 0.516667 0.036875 0.058333
0 0.056250 0.448333 0.063750 0.058333
0 0.532500 0.582500 0.040000 0.060000
0 0.466562 0.377500 0.039375 0.058333
0 0.057188 0.656667 0.050625 0.058333
0 0.650000 0.445417 0.037500 0.057500
