0 0.045853 0.888191 0.047049 0.072864
0 0.271132 0.721734 0.047847 0.074121
0 0.404306 0.807161 0.047847 0.074121
0 0.022329 0.887563 0.043062 0.074121
0 0.190989 0.803392 0.047049 0.074121
0 0.284290 0.967965 0.048644 0.066583
0 0.389952 0.968593 0.047847 0.065327
0 0.596093 0.969221 0.139553 0.064070
0 0.204147 0.888191 0.046252 0.072864
0 0.456938 0.807161 0.046252 0.074121
0 0.032695 0.803392 0.047847 0.076633
0 0.431021 0.722990 0.047049 0.076633
0 0.245614 0.804648 0.047847 0.074121
0 0.098086 0.888191 0.047847 0.072864
0 0.470096 0.890704 0.047049 0.072864
0 0.165470 0.721106 0.048644 0.075377
0 0.337321 0.967965 0.047847 0.066583
0 0.230861 0.967337 0.048644 0.067839
0 0.124801 0.967337 0.047049 0.067839
0 0.496013 0.969221 0.047847 0.064070
0 0.523923 0.891332 0.046252 0.074121
0 0.351276 0.805905 0.047049 0.074121
0 0.112839 0.721106 0.047049 0.072864
0 0.575758 0.891960 0.047847 0.075377
0 0.509968 0.807161 0.047049 0.074121
0 0.071770 0.967337 0.046252 0.067839
0 0.085327 0.803392 0.047847 0.074121
0 0.364434 0.889447 0.046252 0.072864
0 0.013158 0.803392 0.024721 0.076633
0 0.257974 0.888819 0.047049 0.071608
0 0.021531 0.967337 0.041467 0.067839
0 0.058612 0.721106 0.048644 0.075377
0 0.012360 0.966080 0.023126 0.070352
0 0.443381 0.969221 0.046252 0.064070
0 0.018740 0.803392 0.035885 0.074121
0 0.012759 0.719849 0.023923 0.072864
0 0.500797 0.784548 1.000000 0.433417
0 0.151116 0.886935 0.047049 0.072864
0 0.537081 0.724246 0.047049 0.076633
0 0.011962 0.719221 0.022329 0.074121
0 0.218900 0.721106 0.048644 0.075377
0 0.298644 0.805905 0.047049 0.074121
0 0.616826 0.724874 0.099681 0.075377
0 0.562998 0.807789 0.046252 0.075377
0 0.015949 0.966709 0.030303 0.069095
0 0.310606 0.888819 0.047049 0.074121
0 0.015152 0.721106 0.028708 0.075377
0 0.178628 0.967965 0.046252 0.066583
0 0.630781 0.851759 0.070175 0.158291
0 0.377990 0.723618 0.047847 0.075377
0 0.012360 0.887563 0.023126 0.074121
0 0.416667 0.890075 0.047049 0.071608
0 0.138357 0.804648 0.048644 0.074121
0 0.324561 0.723618 0.047847 0.075377
0 0.484051 0.724246 0.047847 0.076633
