0 0.242792 0.702264 0.072739 0.085630
0 0.314875 0.519685 0.054391 0.084646
0 0.453145 0.345472 0.055701 0.084646
0 0.474115 0.704232 0.384666 0.085630
0 0.103539 0.431594 0.083879 0.081693
0 0.300786 0.429626 0.055046 0.083661
0 0.542923 0.434547 0.057012 0.083661
0 0.752621 0.343012 0.057012 0.085630
0 0.179227 0.430118 0.055701 0.082677
0 0.375164 0.520177 0.054391 0.083661
0 0.144168 0.611220 0.056356 0.084646
0 0.800459 0.520669 0.057012 0.086614
0 0.511796 0.612205 0.057667 0.086614
0 0.723460 0.431102 0.055046 0.082677
0 0.481651 0.431594 0.055046 0.083661
0 0.091415 0.342520 0.055701 0.080709
0 0.919069 0.477362 0.088467 0.171260
0 0.361402 0.431102 0.055701 0.082677
0 0.192333 0.519685 0.055701 0.084646
0 0.421363 0.432087 0.055046 0.084646
0 0.572412 0.344980 0.057012 0.085630
0 0.634666 0.616142 0.059633 0.084646
0 0.082896 0.612205 0.057012 0.082677
0 0.903014 0.343504 0.117955 0.086614
0 0.450852 0.611713 0.057667 0.085630
0 0.511468 0.534449 0.920708 0.472441
0 0.697248 0.616142 0.056356 0.084646
0 0.267366 0.611713 0.056356 0.081693
0 0.151704 0.341535 0.055701 0.078740
0 0.619921 0.525098 0.055046 0.085630
0 0.783421 0.430610 0.055701 0.085630
0 0.812582 0.343012 0.055046 0.083661
0 0.328965 0.611220 0.056356 0.084646
0 0.573394 0.610728 0.058978 0.087598
0 0.435452 0.521654 0.057012 0.084646
0 0.512779 0.342520 0.055701 0.084646
0 0.212320 0.342028 0.056356 0.081693
0 0.859764 0.521161 0.056356 0.085630
0 0.632700 0.346949 0.057012 0.085630
0 0.240170 0.429626 0.055701 0.083661
0 0.087484 0.706693 0.071429 0.082677
0 0.663827 0.435531 0.055046 0.085630
0 0.109436 0.521161 0.100917 0.085630
0 0.273263 0.342028 0.056356 0.083661
0 0.389908 0.611713 0.056356 0.085630
0 0.604194 0.436516 0.055046 0.085630
0 0.496723 0.521161 0.055046 0.085630
0 0.739187 0.521161 0.055046 0.085630
0 0.817497 0.614173 0.057012 0.086614
0 0.253604 0.519685 0.056356 0.084646
0 0.558978 0.524114 0.055046 0.085630
0 0.333879 0.346457 0.055701 0.084646
0 0.679554 0.525591 0.056356 0.084646
0 0.208388 0.616142 0.056356 0.084646
0 0.755570 0.612205 0.056356 0.084646
0 0.392857 0.345472 0.055701 0.084646
0 0.843381 0.431594 0.056356 0.085630
0 0.692333 0.346949 0.057012 0.085630
