0 0.068365 0.947227 0.050938 0.055456
0 0.500335 0.740608 0.043566 0.062612
0 0.448056 0.744633 0.043566 0.058140
0 0.631367 0.676208 0.038874 0.057245
0 0.395107 0.744633 0.042225 0.056351
0 0.462131 0.809481 0.039544 0.057245
0 0.065349 0.745081 0.062332 0.059034
0 0.065349 0.881038 0.050268 0.055456
0 0.578753 0.677102 0.039544 0.057245
0 0.047587 0.680233 0.037534 0.050984
0 0.357239 0.809928 0.040214 0.059928
0 0.383043 0.877460 0.039544 0.055456
0 0.389410 0.949463 0.313673 0.058140
0 0.721850 0.812165 0.036193 0.057245
0 0.146783 0.813059 0.034853 0.055456
0 0.525804 0.675313 0.044906 0.062612
0 0.583780 0.947227 0.052279 0.059034
0 0.306635 0.807692 0.040885 0.062612
0 0.183981 0.744186 0.039544 0.057245
0 0.207105 0.678444 0.040214 0.056351
0 0.422252 0.676655 0.045576 0.058140
0 0.486595 0.879696 0.041555 0.058140
0 0.776810 0.779517 0.065684 0.126118
0 0.617627 0.812165 0.036863 0.057245
0 0.709115 0.742397 0.036193 0.057245
0 0.510054 0.757156 0.977212 0.487478
0 0.196381 0.945886 0.050938 0.056351
0 0.370308 0.674866 0.047587 0.065295
0 0.513070 0.812165 0.042225 0.055456
0 0.290885 0.742397 0.041555 0.059034
0 0.279826 0.877460 0.038204 0.057245
0 0.740282 0.880590 0.129357 0.056351
0 0.132373 0.745975 0.038204 0.053667
0 0.603887 0.742397 0.038874 0.060823
0 0.409182 0.809481 0.040885 0.059034
0 0.122989 0.878354 0.036863 0.059034
0 0.474531 0.675760 0.044236 0.061717
0 0.538539 0.880143 0.036863 0.059034
0 0.641756 0.880590 0.035523 0.054562
0 0.331099 0.877013 0.040214 0.058140
0 0.201072 0.812612 0.036193 0.054562
0 0.227547 0.880143 0.038204 0.057245
0 0.684651 0.677549 0.036863 0.056351
0 0.237936 0.745081 0.037534 0.057245
0 0.154826 0.679785 0.037534 0.055456
0 0.669906 0.810823 0.036863 0.058140
0 0.176609 0.880143 0.038204 0.055456
0 0.101877 0.677996 0.040214 0.053667
0 0.564678 0.811270 0.036863 0.059034
0 0.778820 0.946780 0.052279 0.056351
0 0.551609 0.744186 0.042895 0.057245
0 0.656836 0.743292 0.037534 0.060823
0 0.315013 0.678444 0.038874 0.058140
0 0.252346 0.811270 0.038204 0.057245
0 0.076408 0.814401 0.076408 0.058140
0 0.261394 0.680233 0.038874 0.052773
0 0.590483 0.881038 0.036193 0.055456
0 0.434987 0.881038 0.041555 0.055456
0 0.343834 0.741055 0.041555 0.061717
0 0.765751 0.677996 0.093164 0.055456
