0 0.240313 0.696813 0.069375 0.081537
0 0.309063 0.522962 0.051875 0.080600
0 0.440937 0.357076 0.053125 0.080600
0 0.460938 0.698688 0.366875 0.081537
0 0.107500 0.439082 0.080000 0.077788
0 0.295625 0.437207 0.052500 0.079663
0 0.526563 0.441893 0.054375 0.079663
0 0.726562 0.354733 0.054375 0.081537
0 0.179688 0.437676 0.053125 0.078725
0 0.366563 0.523430 0.051875 0.079663
0 0.146250 0.610122 0.053750 0.080600
0 0.772188 0.523899 0.054375 0.082474
0 0.496875 0.611059 0.055000 0.082474
0 0.698750 0.438613 0.052500 0.078725
0 0.468125 0.439082 0.052500 0.079663
0 0.095937 0.354264 0.053125 0.076851
0 0.885312 0.482662 0.084375 0.163074
0 0.353438 0.438613 0.053125 0.078725
0 0.192188 0.522962 0.053125 0.080600
0 0.410625 0.439550 0.052500 0.080600
0 0.554688 0.356607 0.054375 0.081537
0 0.614062 0.614808 0.056875 0.080600
0 0.087813 0.611059 0.054375 0.078725
0 0.870000 0.355201 0.112500 0.082474
0 0.438750 0.610590 0.055000 0.081537
0 0.496563 0.537020 0.878125 0.449859
0 0.673750 0.614808 0.053750 0.080600
0 0.263750 0.610590 0.053750 0.077788
0 0.153438 0.353327 0.053125 0.074977
0 0.600000 0.528116 0.052500 0.081537
0 0.755938 0.438144 0.053125 0.081537
0 0.783750 0.354733 0.052500 0.079663
0 0.322500 0.610122 0.053750 0.080600
0 0.555625 0.609653 0.056250 0.083411
0 0.424063 0.524836 0.054375 0.080600
0 0.497812 0.354264 0.053125 0.080600
0 0.211250 0.353796 0.053750 0.077788
0 0.828750 0.524367 0.053750 0.081537
0 0.612187 0.358482 0.054375 0.081537
0 0.237813 0.437207 0.053125 0.079663
0 0.092188 0.701031 0.068125 0.078725
0 0.641875 0.442830 0.052500 0.081537
0 0.113125 0.524367 0.096250 0.081537
0 0.269375 0.353796 0.053750 0.079663
0 0.380625 0.610590 0.053750 0.081537
0 0.585000 0.443768 0.052500 0.081537
0 0.482500 0.524367 0.052500 0.081537
0 0.713750 0.524367 0.052500 0.081537
0 0.788438 0.612933 0.054375 0.082474
0 0.250625 0.522962 0.053750 0.080600
0 0.541875 0.527179 0.052500 0.081537
0 0.327188 0.358013 0.053125 0.080600
0 0.656875 0.528585 0.053750 0.080600
0 0.207500 0.614808 0.053750 0.080600
0 0.729375 0.611059 0.053750 0.080600
0 0.383437 0.357076 0.053125 0.080600
0 0.813125 0.439082 0.053750 0.081537
0 0.669063 0.358482 0.054375 0.081537
