0 0.381250 0.422975 0.027500 0.057105
0 0.140625 0.563745 0.025000 0.059761
0 0.169375 0.361222 0.026250 0.061089
0 0.102188 0.358566 0.021875 0.055777
0 0.307500 0.561753 0.031250 0.063745
0 0.117813 0.426295 0.026875 0.058433
0 0.332813 0.355910 0.026875 0.061089
0 0.372812 0.559761 0.028125 0.059761
0 0.259375 0.492696 0.026250 0.061089
0 0.175000 0.562417 0.027500 0.059761
0 0.048125 0.499336 0.046250 0.061089
0 0.397813 0.356574 0.029375 0.065073
0 0.284062 0.424303 0.026875 0.059761
0 0.072813 0.562417 0.025625 0.054449
0 0.430312 0.354582 0.028125 0.061089
0 0.046562 0.429615 0.039375 0.065073
0 0.445000 0.423639 0.026250 0.061089
0 0.274687 0.563081 0.030625 0.063745
0 0.186562 0.426295 0.026875 0.058433
0 0.465938 0.558433 0.084375 0.059761
0 0.106563 0.565737 0.025625 0.058433
0 0.093438 0.496016 0.024375 0.059761
0 0.202500 0.357238 0.026250 0.061089
0 0.290938 0.491368 0.025625 0.061089
0 0.039062 0.565737 0.033125 0.063745
0 0.086563 0.428287 0.023125 0.057105
0 0.136875 0.357902 0.026250 0.057105
0 0.485938 0.629482 0.048125 0.066401
0 0.348438 0.423639 0.026875 0.058433
0 0.323125 0.492032 0.026250 0.059761
0 0.160938 0.493360 0.024375 0.059761
0 0.454062 0.490040 0.028125 0.061089
0 0.152188 0.425631 0.024375 0.059761
0 0.219688 0.425631 0.025625 0.059761
0 0.484687 0.455511 0.041875 0.132802
0 0.208125 0.561753 0.030000 0.061089
0 0.421563 0.491368 0.028125 0.061089
0 0.234375 0.358566 0.026250 0.061089
0 0.070000 0.360558 0.021250 0.057105
0 0.127500 0.634130 0.035000 0.065073
0 0.356250 0.492032 0.026250 0.059761
0 0.389375 0.492032 0.027500 0.059761
0 0.392188 0.495352 0.770625 0.650730
0 0.414062 0.421647 0.025625 0.057105
0 0.225625 0.492032 0.023750 0.059761
0 0.359063 0.630810 0.038125 0.066401
0 0.242812 0.563081 0.033125 0.063745
0 0.477500 0.354582 0.058750 0.058433
0 0.316563 0.422975 0.025625 0.057105
0 0.040000 0.636786 0.042500 0.067729
0 0.127188 0.494688 0.026875 0.057105
0 0.405313 0.559761 0.026875 0.059761
0 0.340625 0.561089 0.028750 0.062417
0 0.240937 0.634130 0.184375 0.067729
0 0.364375 0.355246 0.025000 0.062417
0 0.191562 0.494024 0.023125 0.058433
0 0.267813 0.355910 0.029375 0.063745
0 0.299687 0.355910 0.026875 0.063745
0 0.038125 0.356574 0.020000 0.049137
0 0.252188 0.425631 0.028125 0.059761
