0 0.594198 0.633043 0.051499 0.066087
0 0.183181 0.559130 0.046936 0.066087
0 0.790743 0.527391 0.080834 0.141739
0 0.292699 0.558261 0.046936 0.064348
0 0.677966 0.561739 0.052151 0.067826
0 0.265319 0.631304 0.049544 0.066087
0 0.375163 0.631304 0.050196 0.066087
0 0.039439 0.630000 0.063233 0.066957
0 0.719687 0.487391 0.052151 0.068696
0 0.129074 0.558696 0.046936 0.066957
0 0.361473 0.414348 0.050196 0.066957
0 0.663299 0.487826 0.051499 0.069565
0 0.471317 0.415652 0.049544 0.067826
0 0.621904 0.561739 0.050847 0.067826
0 0.636245 0.414783 0.050847 0.067826
0 0.114733 0.485652 0.050847 0.068696
0 0.237940 0.558696 0.048240 0.065217
0 0.347458 0.557826 0.049544 0.065217
0 0.608214 0.488261 0.050847 0.066957
0 0.778031 0.415652 0.107562 0.067826
0 0.195567 0.412174 0.049544 0.067826
0 0.648305 0.634783 0.051499 0.066087
0 0.587679 0.707826 0.065841 0.067826
0 0.526076 0.415652 0.050847 0.067826
0 0.319426 0.631739 0.049544 0.066957
0 0.457627 0.559565 0.048240 0.066957
0 0.169166 0.485652 0.048892 0.068696
0 0.443937 0.487826 0.050847 0.067826
0 0.692634 0.414783 0.050196 0.067826
0 0.040091 0.703043 0.064537 0.065217
0 0.211213 0.632174 0.048240 0.067826
0 0.054433 0.557826 0.089309 0.066957
0 0.403520 0.559130 0.049544 0.066087
0 0.796610 0.711304 0.066493 0.067826
0 0.141460 0.413043 0.048240 0.066087
0 0.388201 0.486087 0.050196 0.066087
0 0.552803 0.487391 0.050847 0.066957
0 0.176662 0.704348 0.061278 0.066087
0 0.333116 0.485652 0.049544 0.065217
0 0.223598 0.485652 0.048240 0.066957
0 0.031617 0.412174 0.050196 0.066087
0 0.581160 0.415217 0.051499 0.068696
0 0.415906 0.414783 0.049544 0.066087
0 0.155802 0.631304 0.048240 0.066087
0 0.382334 0.706087 0.339635 0.067826
0 0.484355 0.632609 0.050847 0.068696
0 0.539113 0.633043 0.049544 0.067826
0 0.429922 0.632174 0.050196 0.067826
0 0.278683 0.486522 0.050196 0.066957
0 0.733377 0.562609 0.052151 0.066087
0 0.306063 0.412174 0.050196 0.067826
0 0.503259 0.521304 0.994785 0.477391
0 0.045958 0.483913 0.076271 0.066957
0 0.512386 0.559565 0.049544 0.066957
0 0.087027 0.412174 0.050196 0.066087
0 0.499022 0.486957 0.050196 0.066087
0 0.754563 0.636957 0.150587 0.072174
0 0.250978 0.411739 0.049544 0.066957
0 0.566493 0.560870 0.049544 0.067826
0 0.101369 0.630870 0.047588 0.066957
