0 0.087674 0.661227 0.043403 0.058747
0 0.654514 0.795692 0.057292 0.071802
0 0.503038 0.659922 0.040799 0.061358
0 0.029514 0.595300 0.057292 0.057441
0 0.480035 0.727154 0.041667 0.060052
0 0.173177 0.596606 0.042535 0.060052
0 0.424045 0.531332 0.042535 0.057441
0 0.456597 0.657963 0.041667 0.060052
0 0.218316 0.595953 0.042535 0.058747
0 0.178819 0.661880 0.041667 0.060052
0 0.082899 0.596606 0.044271 0.060052
0 0.334635 0.530679 0.040799 0.056136
0 0.152344 0.729112 0.044271 0.063969
0 0.133247 0.661227 0.042535 0.061358
0 0.615885 0.725849 0.125868 0.062663
0 0.245226 0.729112 0.042535 0.066580
0 0.432726 0.728460 0.042535 0.062663
0 0.200521 0.533290 0.041667 0.058747
0 0.584201 0.593342 0.039931 0.061358
0 0.225260 0.659922 0.040799 0.058747
0 0.559896 0.529373 0.039931 0.058747
0 0.309462 0.595300 0.040799 0.057441
0 0.289931 0.531332 0.041667 0.060052
0 0.500868 0.644909 1.000000 0.443864
0 0.338976 0.729112 0.042535 0.063969
0 0.014757 0.798956 0.027778 0.067885
0 0.354601 0.594648 0.042535 0.056136
0 0.271267 0.661227 0.040799 0.058747
0 0.291667 0.727807 0.043403 0.063969
0 0.032118 0.659269 0.062500 0.060052
0 0.128038 0.596606 0.042535 0.060052
0 0.317274 0.659922 0.042535 0.058747
0 0.363715 0.659269 0.041667 0.060052
0 0.469618 0.529373 0.041667 0.061358
0 0.104601 0.728460 0.044271 0.062663
0 0.400174 0.593342 0.041667 0.056136
0 0.057726 0.728460 0.044271 0.065274
0 0.550347 0.659922 0.041667 0.063969
0 0.538194 0.593342 0.041667 0.058747
0 0.198785 0.729112 0.043403 0.063969
0 0.017361 0.728460 0.032986 0.060052
0 0.446615 0.593995 0.042535 0.057441
0 0.596354 0.660574 0.041667 0.065274
0 0.022135 0.535901 0.039062 0.056136
0 0.111111 0.533943 0.041667 0.057441
0 0.628038 0.529373 0.084201 0.058747
0 0.117188 0.797650 0.057292 0.067885
0 0.410156 0.658616 0.042535 0.061358
0 0.066406 0.533290 0.042535 0.058747
0 0.474392 0.797650 0.056424 0.070496
0 0.515191 0.530679 0.040799 0.058747
0 0.527344 0.727154 0.042535 0.062663
0 0.491753 0.593995 0.040799 0.057441
0 0.644097 0.626632 0.064236 0.127937
0 0.379340 0.531984 0.041667 0.058747
0 0.244792 0.532637 0.043403 0.060052
0 0.263455 0.595300 0.042535 0.057441
0 0.386285 0.727807 0.043403 0.063969
0 0.296007 0.799608 0.293403 0.066580
0 0.155382 0.533943 0.041667 0.057441
