0 0.106105 0.661697 0.040698 0.061927
0 0.501453 0.806193 0.037791 0.061927
0 0.023983 0.944954 0.045058 0.064220
0 0.433140 0.877294 0.040698 0.061927
0 0.456395 0.806193 0.037791 0.061927
0 0.580669 0.736239 0.039244 0.064220
0 0.388081 0.876147 0.040698 0.064220
0 0.626453 0.665138 0.084302 0.064220
0 0.061047 0.661697 0.040698 0.061927
0 0.523983 0.877294 0.039244 0.061927
0 0.029797 0.731651 0.056686 0.064220
0 0.638808 0.772936 0.059593 0.137615
0 0.184593 0.803899 0.040698 0.061927
0 0.207122 0.873853 0.039244 0.064220
0 0.094477 0.803899 0.037791 0.061927
0 0.332122 0.662844 0.042151 0.059633
0 0.355378 0.732798 0.039244 0.061927
0 0.035610 0.803899 0.068314 0.066514
0 0.252180 0.875000 0.039244 0.061927
0 0.018169 0.660550 0.033430 0.064220
0 0.478924 0.877294 0.039244 0.061927
0 0.242006 0.661697 0.039244 0.061927
0 0.297238 0.873853 0.042151 0.064220
0 0.162064 0.875000 0.039244 0.061927
0 0.501453 0.768349 1.000000 0.467890
0 0.287064 0.662844 0.039244 0.059633
0 0.399709 0.732798 0.037791 0.061927
0 0.071221 0.873853 0.040698 0.064220
0 0.422965 0.663991 0.040698 0.061927
0 0.343023 0.876147 0.040698 0.064220
0 0.490552 0.735092 0.036337 0.061927
0 0.128634 0.732798 0.039244 0.061927
0 0.309593 0.732798 0.040698 0.061927
0 0.546512 0.806193 0.037791 0.061927
0 0.172965 0.731651 0.040698 0.064220
0 0.303052 0.949541 0.280523 0.064220
0 0.023983 0.873853 0.045058 0.064220
0 0.377180 0.665138 0.039244 0.064220
0 0.116279 0.875000 0.040698 0.061927
0 0.591570 0.807339 0.040698 0.064220
0 0.196948 0.660550 0.039244 0.059633
0 0.218023 0.732798 0.040698 0.061927
0 0.140262 0.803899 0.039244 0.061927
0 0.445494 0.733945 0.039244 0.059633
0 0.229651 0.802752 0.037791 0.059633
0 0.082849 0.732798 0.040698 0.061927
0 0.151163 0.661697 0.040698 0.061927
0 0.132994 0.944954 0.050872 0.064220
0 0.535610 0.735092 0.039244 0.061927
0 0.468750 0.662844 0.039244 0.064220
0 0.321221 0.803899 0.040698 0.061927
0 0.641715 0.949541 0.053779 0.064220
0 0.558140 0.663991 0.037791 0.061927
0 0.263808 0.732798 0.039244 0.061927
0 0.513081 0.663991 0.040698 0.061927
0 0.609012 0.878440 0.119186 0.064220
0 0.275436 0.803899 0.039244 0.061927
0 0.472384 0.948394 0.052326 0.066514
0 0.366279 0.803899 0.037791 0.061927
0 0.411337 0.805046 0.040698 0.059633
