0 0.298566 0.414348 0.045632 0.066957
0 0.329857 0.495652 0.045632 0.066087
0 0.408083 0.333043 0.045632 0.064348
0 0.361799 0.416087 0.045632 0.065217
0 0.720665 0.334783 0.044980 0.066087
0 0.584746 0.583478 0.375489 0.071304
0 0.906128 0.337826 0.045632 0.066957
0 0.596154 0.334783 0.046284 0.067826
0 0.608866 0.418696 0.046936 0.066957
0 0.816167 0.251739 0.046936 0.068696
0 0.977836 0.420870 0.045632 0.066087
0 0.470339 0.333043 0.046284 0.066087
0 0.941004 0.252174 0.044980 0.066087
0 0.311930 0.246087 0.046284 0.067826
0 0.186115 0.245217 0.044980 0.066087
0 0.199153 0.496522 0.061930 0.064348
0 0.857236 0.419130 0.045632 0.066087
0 0.565841 0.246957 0.048240 0.066087
0 0.577901 0.498696 0.047588 0.065217
0 0.501304 0.248261 0.049544 0.068696
0 0.734029 0.416957 0.045632 0.066957
0 0.205020 0.330870 0.073664 0.063478
0 0.886245 0.501304 0.046284 0.065217
0 0.843872 0.336522 0.044980 0.064348
0 0.815841 0.583478 0.061930 0.066087
0 0.989244 0.253913 0.022816 0.066087
0 0.753585 0.250435 0.045632 0.067826
0 0.796284 0.418261 0.044980 0.067826
0 0.282269 0.331304 0.046936 0.066087
0 0.658083 0.333913 0.046284 0.066087
0 0.966428 0.337391 0.047588 0.066087
0 0.267601 0.495217 0.046284 0.066957
0 0.782269 0.335217 0.045632 0.065217
0 0.878422 0.251739 0.044980 0.066957
0 0.248696 0.246087 0.044980 0.066087
0 0.532269 0.333913 0.046284 0.066087
0 0.546936 0.417391 0.045632 0.066087
0 0.345176 0.332174 0.046284 0.066087
0 0.918514 0.419565 0.045632 0.065217
0 0.438070 0.246087 0.048240 0.067826
0 0.374837 0.247391 0.046936 0.068696
0 0.701760 0.500000 0.047588 0.067826
0 0.640156 0.498696 0.048240 0.065217
0 0.763690 0.500435 0.046284 0.066957
0 0.393416 0.497391 0.046284 0.066087
0 0.825293 0.500435 0.045632 0.065217
0 0.962516 0.502174 0.076271 0.066957
0 0.353325 0.579130 0.062581 0.067826
0 0.628096 0.249565 0.047588 0.067826
0 0.516297 0.498696 0.046936 0.065217
0 0.213820 0.414348 0.089961 0.066957
0 0.199153 0.580000 0.061930 0.066087
0 0.423077 0.416087 0.045632 0.065217
0 0.539439 0.374348 0.922425 0.700000
0 0.485007 0.416957 0.045632 0.066957
0 0.691004 0.250435 0.046936 0.067826
0 0.672099 0.416957 0.045632 0.066957
0 0.454042 0.497391 0.046284 0.064348
