0 0.427937 0.536496 0.284836 0.068127
0 0.534495 0.370438 0.032104 0.059611
0 0.649590 0.444039 0.032787 0.058394
0 0.342213 0.298054 0.031421 0.058394
0 0.248975 0.303528 0.033470 0.062044
0 0.604850 0.445255 0.032104 0.058394
0 0.422131 0.451946 0.032787 0.059611
0 0.184426 0.463504 0.035519 0.063260
0 0.233265 0.461679 0.034836 0.062044
0 0.697746 0.286496 0.029372 0.059611
0 0.203210 0.305961 0.033470 0.062044
0 0.364071 0.222019 0.034153 0.064477
0 0.513661 0.450122 0.032787 0.060827
0 0.141052 0.302920 0.056694 0.063260
0 0.178620 0.226277 0.032104 0.060827
0 0.146858 0.386253 0.072404 0.062044
0 0.305328 0.379562 0.031421 0.060827
0 0.409495 0.218370 0.032104 0.064477
0 0.737363 0.211679 0.074454 0.058394
0 0.498292 0.218978 0.033470 0.060827
0 0.132172 0.228102 0.026639 0.062044
0 0.559768 0.447080 0.032104 0.059611
0 0.398566 0.377129 0.032104 0.060827
0 0.352459 0.378345 0.031421 0.060827
0 0.443989 0.374696 0.032787 0.060827
0 0.432377 0.295620 0.030055 0.058394
0 0.624658 0.366788 0.030738 0.059611
0 0.128074 0.550487 0.053962 0.074209
0 0.376025 0.454988 0.033470 0.058394
0 0.522199 0.292579 0.030738 0.057178
0 0.732582 0.438564 0.111339 0.057178
0 0.477801 0.295012 0.032104 0.059611
0 0.629781 0.214720 0.030055 0.059611
0 0.516735 0.368005 0.847678 0.565693
0 0.602459 0.524331 0.046448 0.063260
0 0.610656 0.290146 0.030055 0.057178
0 0.282445 0.458029 0.033470 0.059611
0 0.469604 0.452555 0.034836 0.060827
0 0.490437 0.372263 0.031421 0.060827
0 0.654372 0.288321 0.030055 0.058394
0 0.585724 0.215328 0.032104 0.060827
0 0.271516 0.227494 0.032104 0.060827
0 0.711749 0.363139 0.031421 0.059611
0 0.129440 0.465937 0.044399 0.063260
0 0.452869 0.218978 0.032787 0.058394
0 0.579577 0.368005 0.030738 0.059611
0 0.329918 0.457421 0.034153 0.060827
0 0.542691 0.217153 0.033470 0.062044
0 0.769809 0.517640 0.046448 0.062044
0 0.566598 0.291971 0.030738 0.058394
0 0.752732 0.323601 0.060109 0.138686
0 0.259563 0.383820 0.034153 0.064477
0 0.225751 0.225061 0.032104 0.060827
0 0.251708 0.547445 0.053962 0.077859
0 0.296107 0.301703 0.032104 0.060827
0 0.317964 0.222628 0.032104 0.060827
0 0.210383 0.380170 0.031421 0.066910
0 0.673497 0.212895 0.030055 0.058394
0 0.668033 0.364355 0.030055 0.057178
0 0.386612 0.296229 0.030055 0.057178
