0 0.684965 0.379664 0.041259 0.055970
0 0.413287 0.698694 0.360839 0.070896
0 0.341958 0.376866 0.043357 0.057836
0 0.311189 0.451026 0.041958 0.055037
0 0.554545 0.531250 0.041958 0.056903
0 0.465734 0.605410 0.043357 0.057836
0 0.483566 0.453825 0.041259 0.055037
0 0.070629 0.447295 0.068531 0.055037
0 0.439161 0.528918 0.041958 0.057836
0 0.253846 0.450560 0.041958 0.054104
0 0.207692 0.525187 0.043357 0.057836
0 0.283916 0.374534 0.040559 0.056903
0 0.368881 0.451959 0.041259 0.055037
0 0.407692 0.604478 0.043357 0.057836
0 0.227273 0.374534 0.041958 0.056903
0 0.456294 0.377799 0.041259 0.057836
0 0.113636 0.371735 0.039860 0.055037
0 0.173427 0.600746 0.043357 0.057836
0 0.814685 0.612873 0.151049 0.059701
0 0.140210 0.448694 0.042657 0.055970
0 0.073077 0.522854 0.084615 0.056903
0 0.670629 0.531716 0.041958 0.057836
0 0.290909 0.602146 0.043357 0.056903
0 0.773776 0.457556 0.042657 0.056903
0 0.730420 0.533116 0.042657 0.058769
0 0.398601 0.375933 0.043357 0.057836
0 0.197552 0.449627 0.041259 0.054104
0 0.570629 0.377799 0.041958 0.057836
0 0.323776 0.527052 0.041958 0.057836
0 0.789510 0.534515 0.043357 0.059701
0 0.426224 0.452892 0.041259 0.055037
0 0.171329 0.377332 0.041958 0.056903
0 0.513287 0.379198 0.041958 0.056903
0 0.523776 0.606810 0.041958 0.058769
0 0.848601 0.496735 0.074825 0.138993
0 0.743706 0.379198 0.042657 0.056903
0 0.348951 0.603545 0.041958 0.057836
0 0.150350 0.523787 0.041958 0.056903
0 0.058042 0.371269 0.039161 0.055970
0 0.862587 0.694963 0.063636 0.063433
0 0.715035 0.456157 0.041259 0.057836
0 0.634266 0.687966 0.061538 0.062500
0 0.045804 0.676772 0.060839 0.058769
0 0.832867 0.379664 0.102098 0.055970
0 0.700350 0.610541 0.042657 0.058769
0 0.502797 0.504198 0.995804 0.566231
0 0.641608 0.608209 0.041259 0.057836
0 0.265035 0.526119 0.041958 0.057836
0 0.655944 0.455690 0.041958 0.055037
0 0.052098 0.598881 0.059441 0.057836
0 0.540909 0.454757 0.041259 0.055037
0 0.190559 0.679104 0.060839 0.061567
0 0.598951 0.455690 0.041259 0.055037
0 0.496503 0.529851 0.041958 0.057836
0 0.627622 0.379664 0.042657 0.057836
0 0.231818 0.601213 0.044056 0.058769
0 0.381119 0.527519 0.041958 0.056903
0 0.612587 0.531716 0.041958 0.055970
0 0.581818 0.607276 0.041958 0.059701
0 0.114685 0.598414 0.044755 0.058769
