0 0.088161 0.704202 0.032746 0.045378
0 0.318640 0.649580 0.032746 0.045378
0 0.235516 0.649580 0.030227 0.043697
0 0.300063 0.770588 0.257557 0.048739
0 0.517003 0.595378 0.030227 0.044538
0 0.485516 0.651261 0.031486 0.045378
0 0.352015 0.593277 0.030227 0.043697
0 0.153338 0.648739 0.030856 0.045378
0 0.458438 0.767227 0.044081 0.048739
0 0.086272 0.539496 0.028967 0.042017
0 0.611776 0.628151 0.054786 0.106723
0 0.527393 0.651681 0.032116 0.046218
0 0.054786 0.593277 0.049118 0.042017
0 0.212846 0.705042 0.034005 0.045378
0 0.041877 0.704622 0.040932 0.044538
0 0.455605 0.540756 0.032116 0.042857
0 0.269207 0.593277 0.030856 0.042017
0 0.112091 0.647479 0.030227 0.044538
0 0.048174 0.538235 0.029597 0.041176
0 0.057620 0.649160 0.062343 0.046218
0 0.331864 0.539916 0.031486 0.042857
0 0.140743 0.763025 0.044710 0.048739
0 0.599496 0.541597 0.073048 0.044538
0 0.537783 0.540756 0.031486 0.042857
0 0.492758 0.639496 0.957809 0.398319
0 0.505353 0.710084 0.032116 0.045378
0 0.295655 0.705882 0.033375 0.047059
0 0.253463 0.705462 0.032116 0.046218
0 0.374055 0.540756 0.032746 0.042857
0 0.128778 0.704622 0.032116 0.044538
0 0.475441 0.595378 0.030227 0.042857
0 0.170970 0.704622 0.032116 0.044538
0 0.128463 0.539496 0.031486 0.042017
0 0.392947 0.593697 0.030227 0.042857
0 0.337846 0.707143 0.034635 0.047899
0 0.434194 0.594118 0.030856 0.043697
0 0.361146 0.650000 0.032116 0.046218
0 0.187028 0.593697 0.030227 0.044538
0 0.619647 0.771849 0.046599 0.049580
0 0.167821 0.539916 0.029597 0.041176
0 0.585642 0.712605 0.109572 0.047059
0 0.310139 0.594118 0.030856 0.042017
0 0.290932 0.539496 0.030227 0.043697
0 0.146725 0.593277 0.030227 0.043697
0 0.209068 0.538235 0.031486 0.042857
0 0.558564 0.595798 0.030227 0.043697
0 0.402393 0.649580 0.031486 0.045378
0 0.464421 0.708824 0.032116 0.046218
0 0.421599 0.707563 0.032116 0.047059
0 0.496537 0.540336 0.033375 0.043697
0 0.227960 0.594538 0.031486 0.042857
0 0.105793 0.593697 0.032746 0.042857
0 0.277078 0.649580 0.030227 0.045378
0 0.194584 0.648739 0.030227 0.045378
0 0.380038 0.707143 0.034635 0.047899
0 0.038098 0.760924 0.045970 0.046218
0 0.568955 0.653361 0.032116 0.047899
0 0.443640 0.650420 0.032116 0.045378
0 0.249685 0.539916 0.030856 0.042857
0 0.414358 0.540756 0.031486 0.042857
