0 0.444690 0.292857 0.033923 0.065714
0 0.353614 0.290000 0.034661 0.068571
0 0.260693 0.285714 0.036136 0.071429
0 0.629794 0.556429 0.112094 0.067143
0 0.223451 0.546429 0.033923 0.067143
0 0.340339 0.462857 0.033186 0.068571
0 0.127950 0.545000 0.034661 0.067143
0 0.144543 0.370000 0.032448 0.068571
0 0.120206 0.277857 0.035398 0.070000
0 0.191372 0.372143 0.036136 0.067143
0 0.454277 0.552143 0.033923 0.067143
0 0.283923 0.373571 0.033923 0.067143
0 0.041298 0.453571 0.072271 0.072857
0 0.408186 0.552857 0.034661 0.068571
0 0.144543 0.634286 0.050147 0.074286
0 0.522861 0.468571 0.033923 0.071429
0 0.536504 0.295000 0.033186 0.067143
0 0.567847 0.470000 0.033923 0.071429
0 0.580015 0.296429 0.033186 0.067143
0 0.269174 0.549286 0.033923 0.070000
0 0.432153 0.465714 0.032448 0.071429
0 0.499631 0.554286 0.034661 0.068571
0 0.074484 0.276429 0.033923 0.067143
0 0.168142 0.281429 0.035398 0.071429
0 0.316003 0.547857 0.034661 0.067143
0 0.201696 0.459286 0.033186 0.070000
0 0.466814 0.377857 0.032448 0.064286
0 0.387168 0.464286 0.032448 0.068571
0 0.247788 0.460000 0.033923 0.068571
0 0.657817 0.427857 0.054572 0.164286
0 0.664823 0.645714 0.047935 0.071429
0 0.494469 0.640714 0.047935 0.070000
0 0.399705 0.290000 0.033923 0.068571
0 0.106932 0.455000 0.035398 0.070000
0 0.214602 0.281429 0.032448 0.068571
0 0.363569 0.548571 0.032448 0.068571
0 0.602139 0.382857 0.034661 0.068571
0 0.154130 0.458571 0.033923 0.071429
0 0.321165 0.644286 0.283923 0.082857
0 0.096239 0.368571 0.036136 0.068571
0 0.545354 0.555000 0.036136 0.070000
0 0.294248 0.462143 0.033923 0.067143
0 0.489676 0.294286 0.033923 0.068571
0 0.647124 0.295000 0.077434 0.070000
0 0.081121 0.543571 0.035398 0.070000
0 0.027655 0.542857 0.050885 0.071429
0 0.026549 0.275714 0.032448 0.071429
0 0.477139 0.465000 0.032448 0.070000
0 0.330015 0.376429 0.033186 0.067143
0 0.026917 0.632857 0.052360 0.077143
0 0.421460 0.376429 0.031711 0.064286
0 0.557153 0.382143 0.034661 0.067143
0 0.237463 0.373571 0.033923 0.067143
0 0.512537 0.380714 0.032448 0.064286
0 0.176991 0.545714 0.033923 0.065714
0 0.037611 0.365000 0.058997 0.070000
0 0.308260 0.289286 0.035398 0.067143
0 0.612094 0.469286 0.033923 0.070000
0 0.376106 0.375714 0.032448 0.065714
0 0.500737 0.426429 1.000000 0.590000
