0 0.455600 0.396635 0.032800 0.068910
0 0.340000 0.401442 0.033600 0.068910
0 0.149200 0.489583 0.034400 0.075321
0 0.616400 0.427885 0.052000 0.147436
0 0.512000 0.316506 0.032000 0.072115
0 0.350000 0.479167 0.032800 0.070513
0 0.595200 0.544872 0.100800 0.073718
0 0.319200 0.323718 0.033600 0.070513
0 0.232000 0.485577 0.036800 0.073718
0 0.279600 0.325321 0.034400 0.076923
0 0.330800 0.558494 0.036000 0.072115
0 0.116000 0.331731 0.030400 0.070513
0 0.448000 0.551282 0.032000 0.070513
0 0.569600 0.391827 0.030400 0.068910
0 0.396000 0.322115 0.033600 0.076923
0 0.271200 0.483173 0.033600 0.072115
0 0.083600 0.655449 0.053600 0.080128
0 0.074000 0.327724 0.029600 0.065705
0 0.291200 0.558494 0.033600 0.068910
0 0.083600 0.572115 0.052000 0.080128
0 0.180000 0.407051 0.035200 0.070513
0 0.541600 0.471154 0.033600 0.073718
0 0.626800 0.620192 0.045600 0.076923
0 0.169600 0.565705 0.032000 0.070513
0 0.503600 0.473558 0.034400 0.072115
0 0.494000 0.395032 0.031200 0.065705
0 0.310400 0.481571 0.033600 0.072115
0 0.465200 0.474359 0.032800 0.070513
0 0.486000 0.548878 0.031200 0.068910
0 0.606400 0.310096 0.067200 0.075321
0 0.139200 0.410256 0.036800 0.076923
0 0.190800 0.487981 0.037600 0.075321
0 0.158800 0.326923 0.034400 0.073718
0 0.086400 0.491987 0.054400 0.076923
0 0.212000 0.564103 0.035200 0.070513
0 0.186800 0.647436 0.050400 0.076923
0 0.378400 0.400641 0.033600 0.070513
0 0.550800 0.309295 0.028000 0.070513
0 0.482000 0.629006 0.045600 0.075321
0 0.416800 0.396635 0.032000 0.065705
0 0.251600 0.561699 0.034400 0.072115
0 0.532400 0.393429 0.031200 0.068910
0 0.220800 0.407853 0.036800 0.075321
0 0.260800 0.404647 0.035200 0.072115
0 0.300400 0.401442 0.032800 0.068910
0 0.129600 0.568910 0.033600 0.073718
0 0.199600 0.327724 0.036000 0.075321
0 0.335200 0.638622 0.241600 0.081731
0 0.435200 0.319712 0.033600 0.075321
0 0.524400 0.547276 0.031200 0.068910
0 0.389200 0.478365 0.032800 0.072115
0 0.472800 0.318910 0.032000 0.070513
0 0.480800 0.458333 0.960000 0.580128
0 0.370800 0.556090 0.034400 0.070513
0 0.409200 0.553686 0.034400 0.072115
0 0.358000 0.322917 0.034400 0.075321
0 0.087600 0.410256 0.056800 0.073718
0 0.580400 0.466346 0.032800 0.070513
0 0.239200 0.324519 0.032000 0.075321
0 0.427200 0.475160 0.033600 0.068910
