0 0.334648 0.766730 0.036585 0.051625
0 0.118364 0.644359 0.038737 0.051625
0 0.500717 0.674474 1.000000 0.538241
0 0.052009 0.583174 0.033716 0.049713
0 0.506098 0.582696 0.035151 0.050669
0 0.592898 0.585086 0.032281 0.047801
0 0.528336 0.643881 0.033716 0.048757
0 0.571736 0.643881 0.032999 0.050669
0 0.267575 0.705067 0.035868 0.050669
0 0.061334 0.707457 0.073888 0.053537
0 0.484577 0.642925 0.033716 0.048757
0 0.626255 0.703633 0.032999 0.049713
0 0.098996 0.769598 0.038737 0.053537
0 0.360115 0.705067 0.035868 0.050669
0 0.440100 0.643403 0.033716 0.047801
0 0.406026 0.704111 0.034433 0.050669
0 0.395624 0.643403 0.035151 0.049713
0 0.461980 0.583652 0.034433 0.048757
0 0.615495 0.643881 0.032999 0.048757
0 0.418221 0.584608 0.034433 0.048757
0 0.583931 0.703633 0.034433 0.051625
0 0.191535 0.583174 0.035868 0.051625
0 0.658178 0.585564 0.075323 0.050669
0 0.670373 0.674952 0.058106 0.112811
0 0.314204 0.704589 0.035868 0.049713
0 0.145983 0.769598 0.038020 0.053537
0 0.381636 0.767208 0.035868 0.050669
0 0.427188 0.766730 0.036585 0.051625
0 0.539455 0.703633 0.034433 0.051625
0 0.045911 0.771033 0.053085 0.052581
0 0.145265 0.583652 0.036585 0.048757
0 0.304161 0.643403 0.034433 0.049713
0 0.522956 0.829828 0.047346 0.055449
0 0.283716 0.583652 0.036585 0.050669
0 0.160689 0.834130 0.053085 0.056405
0 0.349713 0.642925 0.033716 0.048757
0 0.220947 0.705545 0.037303 0.051625
0 0.675753 0.829828 0.060258 0.055449
0 0.516858 0.766252 0.033716 0.050669
0 0.560976 0.765774 0.034433 0.049713
0 0.258250 0.643881 0.035868 0.050669
0 0.645265 0.766252 0.111191 0.050669
0 0.045552 0.835564 0.068149 0.057361
0 0.241750 0.767686 0.038737 0.051625
0 0.126614 0.706979 0.038020 0.052581
0 0.237805 0.583174 0.035151 0.049713
0 0.470588 0.766252 0.032999 0.050669
0 0.173960 0.706501 0.038020 0.051625
0 0.495337 0.704111 0.035151 0.050669
0 0.097561 0.584130 0.034433 0.049713
0 0.329627 0.583174 0.035151 0.049713
0 0.450861 0.704111 0.035151 0.050669
0 0.341822 0.833652 0.299139 0.057361
0 0.288020 0.767686 0.035151 0.051625
0 0.373386 0.584130 0.033716 0.047801
0 0.550215 0.584608 0.032999 0.048757
0 0.165710 0.644837 0.038737 0.052581
0 0.060258 0.645315 0.060258 0.053537
0 0.194405 0.769598 0.038737 0.053537
0 0.212339 0.643881 0.037303 0.050669
