0 0.177813 0.474583 0.024375 0.037500
0 0.379688 0.468333 0.025625 0.038333
0 0.133750 0.472083 0.041250 0.037500
0 0.361563 0.425000 0.025625 0.040000
0 0.371875 0.557500 0.026250 0.038333
0 0.237187 0.560417 0.024375 0.039167
0 0.388437 0.512917 0.024375 0.039167
0 0.293438 0.425000 0.024375 0.038333
0 0.304375 0.559167 0.025000 0.040000
0 0.132812 0.607500 0.034375 0.038333
0 0.588750 0.486667 0.046250 0.086667
0 0.186250 0.516667 0.022500 0.038333
0 0.286875 0.515000 0.023750 0.038333
0 0.395000 0.424167 0.026250 0.040000
0 0.170000 0.561667 0.023750 0.038333
0 0.594375 0.598333 0.040000 0.041667
0 0.338438 0.558750 0.025625 0.039167
0 0.546875 0.465833 0.027500 0.040000
0 0.468750 0.600000 0.037500 0.040000
0 0.496563 0.422083 0.026875 0.039167
0 0.210313 0.471250 0.024375 0.037500
0 0.505625 0.554583 0.027500 0.039167
0 0.479687 0.467083 0.026875 0.039167
0 0.580625 0.420833 0.062500 0.040000
0 0.135313 0.517083 0.041875 0.039167
0 0.421563 0.512500 0.026875 0.040000
0 0.455000 0.511667 0.026250 0.040000
0 0.473125 0.496667 0.837500 0.308333
0 0.345625 0.468750 0.025000 0.037500
0 0.412813 0.467917 0.024375 0.037500
0 0.568750 0.554167 0.086250 0.041667
0 0.446250 0.467500 0.027500 0.038333
0 0.521875 0.510833 0.027500 0.040000
0 0.428750 0.423333 0.027500 0.038333
0 0.217188 0.605417 0.033125 0.037500
0 0.270937 0.559583 0.024375 0.039167
0 0.311875 0.469167 0.025000 0.036667
0 0.513437 0.466667 0.028125 0.040000
0 0.530000 0.420833 0.027500 0.038333
0 0.343438 0.604167 0.206875 0.043333
0 0.225312 0.426250 0.024375 0.037500
0 0.320625 0.514167 0.025000 0.038333
0 0.122500 0.427500 0.023750 0.036667
0 0.203437 0.561250 0.023125 0.037500
0 0.355000 0.513750 0.025000 0.039167
0 0.277500 0.470000 0.025000 0.038333
0 0.463125 0.422500 0.027500 0.040000
0 0.439375 0.556250 0.026250 0.039167
0 0.131250 0.562083 0.033750 0.039167
0 0.190938 0.426667 0.024375 0.036667
0 0.472187 0.555417 0.025625 0.039167
0 0.244062 0.470000 0.024375 0.036667
0 0.405938 0.557083 0.026875 0.039167
0 0.488438 0.511667 0.026875 0.040000
0 0.253750 0.515417 0.023750 0.039167
0 0.327813 0.424583 0.025625 0.039167
0 0.156875 0.427083 0.025000 0.035833
0 0.259375 0.425000 0.023750 0.038333
0 0.219688 0.515833 0.024375 0.038333
0 0.555000 0.509167 0.028750 0.040000
