0 0.315013 0.509392 0.033512 0.045617
0 0.489276 0.499106 0.036193 0.048301
0 0.342158 0.674419 0.228552 0.134168
0 0.165885 0.508945 0.034182 0.048301
0 0.443700 0.572004 0.034853 0.049195
0 0.354558 0.494633 0.033512 0.046512
0 0.323727 0.449911 0.034853 0.048301
0 0.086461 0.538462 0.032172 0.044723
0 0.117627 0.583631 0.031501 0.047406
0 0.508043 0.438283 0.034853 0.048301
0 0.276475 0.524150 0.032842 0.046512
0 0.200737 0.721377 0.044906 0.052773
0 0.413539 0.527728 0.034853 0.048301
0 0.216823 0.602415 0.032842 0.047406
0 0.451072 0.512970 0.033512 0.047406
0 0.528150 0.484347 0.033512 0.049195
0 0.572721 0.360018 0.075737 0.067084
0 0.365617 0.601968 0.034182 0.046512
0 0.441354 0.407871 0.039544 0.050089
0 0.206434 0.662343 0.032172 0.047406
0 0.565684 0.470036 0.036193 0.049195
0 0.393097 0.479875 0.032842 0.045617
0 0.077413 0.655188 0.052949 0.058140
0 0.599866 0.428444 0.067024 0.107335
0 0.482239 0.557692 0.035523 0.049195
0 0.096850 0.762522 0.054290 0.059928
0 0.515416 0.379249 0.037534 0.050089
0 0.498660 0.498658 0.995979 0.709302
0 0.477882 0.615385 0.049598 0.053667
0 0.296582 0.572451 0.032842 0.048301
0 0.363606 0.436941 0.036863 0.049195
0 0.069370 0.604651 0.052949 0.055456
0 0.478552 0.394007 0.038874 0.050984
0 0.401475 0.421735 0.036193 0.047406
0 0.375000 0.542487 0.032842 0.049195
0 0.286863 0.631485 0.033512 0.048301
0 0.469169 0.452594 0.034853 0.048301
0 0.197386 0.555456 0.032842 0.050089
0 0.157507 0.569320 0.032172 0.049195
0 0.176944 0.618068 0.033512 0.048301
0 0.166890 0.677996 0.030831 0.048301
0 0.126005 0.523256 0.032172 0.046512
0 0.082105 0.710197 0.040885 0.053667
0 0.244303 0.479875 0.034182 0.049195
0 0.545912 0.422630 0.035523 0.047406
0 0.236260 0.539356 0.032842 0.046512
0 0.204759 0.492844 0.034182 0.048301
0 0.519772 0.542934 0.036863 0.048301
0 0.137735 0.632826 0.031501 0.049195
0 0.405831 0.587209 0.036863 0.049195
0 0.256702 0.587209 0.033512 0.049195
0 0.246649 0.646691 0.033512 0.048301
0 0.284853 0.465564 0.036193 0.049195
0 0.628686 0.556798 0.058981 0.059928
0 0.335456 0.557692 0.034182 0.047406
0 0.593164 0.517442 0.104558 0.072451
0 0.046247 0.552773 0.032172 0.044723
0 0.431300 0.466458 0.034182 0.047406
0 0.325737 0.616279 0.034853 0.048301
0 0.126676 0.693202 0.030831 0.048301
