0 0.502917 0.588987 0.957500 0.363815
0 0.411250 0.618486 0.029167 0.037365
0 0.457500 0.520157 0.031667 0.037365
0 0.237500 0.580629 0.030000 0.038348
0 0.250000 0.627335 0.028333 0.037365
0 0.290000 0.624877 0.030000 0.036382
0 0.537917 0.515733 0.030833 0.036382
0 0.254583 0.532448 0.030833 0.038348
0 0.052500 0.541298 0.026667 0.036382
0 0.271667 0.673058 0.030000 0.036382
0 0.497917 0.518191 0.030833 0.037365
0 0.064583 0.684857 0.037500 0.038348
0 0.073750 0.636676 0.057500 0.040315
0 0.330833 0.622911 0.030000 0.038348
0 0.210417 0.631268 0.030833 0.039331
0 0.472917 0.661750 0.029167 0.035398
0 0.398750 0.571288 0.029167 0.035398
0 0.296250 0.529499 0.030833 0.038348
0 0.318750 0.575713 0.029167 0.036382
0 0.092500 0.540315 0.028333 0.036382
0 0.479167 0.567355 0.030000 0.037365
0 0.108750 0.682399 0.029167 0.037365
0 0.371250 0.620452 0.029167 0.037365
0 0.277917 0.577679 0.029167 0.036382
0 0.450417 0.616028 0.029167 0.036382
0 0.312083 0.670108 0.030833 0.036382
0 0.531667 0.611111 0.030000 0.038348
0 0.197083 0.582596 0.030833 0.038348
0 0.432917 0.664208 0.029167 0.036382
0 0.172917 0.535890 0.030833 0.037365
0 0.336667 0.527040 0.030000 0.037365
0 0.416667 0.523107 0.030000 0.037365
0 0.115417 0.587021 0.030833 0.037365
0 0.165417 0.726647 0.040833 0.037365
0 0.359167 0.574238 0.030000 0.037365
0 0.148750 0.679941 0.029167 0.036382
0 0.611250 0.583579 0.052500 0.087512
0 0.157917 0.585054 0.032500 0.039331
0 0.571250 0.608653 0.029167 0.037365
0 0.588750 0.655851 0.100833 0.037365
0 0.392917 0.666667 0.030833 0.037365
0 0.599167 0.512783 0.071667 0.038348
0 0.560000 0.562439 0.030000 0.037365
0 0.512917 0.659784 0.029167 0.035398
0 0.439583 0.569322 0.030833 0.037365
0 0.323333 0.721239 0.255000 0.050147
0 0.214583 0.533923 0.030833 0.037365
0 0.230833 0.675025 0.030000 0.036382
0 0.491667 0.614061 0.030000 0.038348
0 0.480000 0.708948 0.041667 0.037365
0 0.376250 0.526057 0.030833 0.039331
0 0.071250 0.731072 0.049167 0.040315
0 0.065833 0.588987 0.046667 0.037365
0 0.617500 0.702557 0.053333 0.038348
0 0.170000 0.632252 0.031667 0.039331
0 0.190000 0.677483 0.030000 0.037365
0 0.352500 0.668633 0.030000 0.037365
0 0.132500 0.537856 0.030000 0.037365
0 0.520000 0.565388 0.030000 0.037365
0 0.128750 0.635693 0.032500 0.040315
