0 0.040462 0.601638 0.079480 0.058767
0 0.448338 0.433044 0.055636 0.051060
0 0.548772 0.612717 0.059971 0.063584
0 0.666908 0.732177 0.073699 0.080925
0 0.497110 0.810212 0.562139 0.217726
0 0.330564 0.659441 0.070087 0.062620
0 0.213512 0.074181 0.049855 0.065511
0 0.410766 0.675819 0.070087 0.064547
0 0.089234 0.529383 0.116329 0.058767
0 0.063584 0.083815 0.062139 0.065511
0 0.313223 0.415703 0.057081 0.049133
0 0.254335 0.643545 0.069364 0.061657
0 0.178107 0.020231 0.046965 0.038536
0 0.317558 0.573699 0.064306 0.060694
0 0.186055 0.397399 0.054191 0.049133
0 0.911127 0.508671 0.065029 0.069364
0 0.249639 0.409923 0.059971 0.056840
0 0.110910 0.079961 0.048410 0.063584
0 0.762645 0.747110 0.071532 0.072254
0 0.667630 0.468690 0.057803 0.056840
0 0.067558 0.021676 0.052746 0.041426
0 0.395592 0.502890 0.058526 0.053950
0 0.174494 0.722543 0.096098 0.077071
0 0.632225 0.629094 0.060694 0.065511
0 0.830202 0.493256 0.065029 0.069364
0 0.980853 0.694123 0.039740 0.072254
0 0.393064 0.585742 0.062139 0.059730
0 0.177746 0.545761 0.063584 0.056840
0 0.785405 0.568401 0.060694 0.061657
0 0.113078 0.459056 0.093208 0.052987
0 0.808887 0.659923 0.065751 0.067437
0 0.467486 0.516859 0.056358 0.058767
0 0.256864 0.481214 0.058526 0.054913
0 0.500723 0.638247 1.000000 0.725434
0 0.324422 0.493738 0.062139 0.054913
0 0.580202 0.709056 0.066474 0.069364
0 0.190751 0.473988 0.062139 0.053950
0 0.859827 0.769750 0.076590 0.080925
0 0.231214 0.017823 0.043353 0.033719
0 0.746387 0.479769 0.060694 0.057803
0 0.178107 0.631021 0.068642 0.065511
0 0.591763 0.458574 0.056358 0.057803
0 0.016618 0.157514 0.031792 0.058767
0 0.182442 0.148844 0.308526 0.064547
0 0.553829 0.128613 0.055636 0.060694
0 0.542630 0.529383 0.060694 0.060694
0 0.015173 0.089595 0.028902 0.065511
0 0.517702 0.447977 0.059971 0.053950
0 0.246749 0.559249 0.065751 0.058767
0 0.109104 0.617052 0.073699 0.060694
0 0.872471 0.581888 0.067197 0.063584
0 0.123916 0.020713 0.046965 0.039499
0 0.718569 0.643064 0.062861 0.062620
0 0.963873 0.597303 0.067919 0.067437
0 0.468931 0.601638 0.062139 0.062620
0 0.962789 0.784682 0.075867 0.074181
0 0.161850 0.078035 0.052023 0.063584
0 0.016980 0.025530 0.032514 0.049133
0 0.367775 0.132466 0.057803 0.047206
0 0.494220 0.691233 0.066474 0.064547
0 0.858743 0.878131 0.106214 0.091522
0 0.265896 0.071291 0.049133 0.063584
0 0.378613 0.426782 0.056358 0.052023
0 0.982298 0.517341 0.036850 0.069364
0 0.701590 0.554432 0.059249 0.060694
0 0.026012 0.682563 0.050578 0.062620
0 0.902095 0.677746 0.071532 0.070328
0 0.126084 0.389210 0.055636 0.052023
0 0.022399 0.023121 0.043353 0.044316
0 0.518425 0.060212 0.132225 0.066474
0 0.621026 0.540944 0.057081 0.058767
0 0.017702 0.085742 0.033960 0.063584
0 0.500723 0.114162 1.000000 0.226397
