0 0.310729 0.360724 0.031714 0.066852
0 0.322874 0.712396 0.288124 0.076602
0 0.621795 0.613510 0.112686 0.065460
0 0.373482 0.445682 0.031714 0.064067
0 0.223684 0.619777 0.034413 0.064067
0 0.091768 0.625348 0.035088 0.066852
0 0.514845 0.526462 0.032389 0.066852
0 0.417341 0.442897 0.031714 0.064067
0 0.357287 0.617688 0.034413 0.065460
0 0.147099 0.712396 0.047233 0.068245
0 0.491903 0.614206 0.032389 0.064067
0 0.180162 0.621170 0.033738 0.064067
0 0.460526 0.442897 0.033063 0.066852
0 0.500675 0.514624 1.000000 0.784123
0 0.268893 0.619081 0.034413 0.062674
0 0.569501 0.353064 0.031039 0.062674
0 0.053306 0.370474 0.031039 0.064067
0 0.426113 0.530641 0.031714 0.064067
0 0.118758 0.536908 0.032389 0.065460
0 0.470985 0.528552 0.031039 0.065460
0 0.352901 0.359331 0.032389 0.066852
0 0.060054 0.541783 0.066127 0.066852
0 0.293522 0.534123 0.032389 0.065460
0 0.267544 0.364903 0.033063 0.066852
0 0.447368 0.615599 0.032389 0.064067
0 0.042848 0.625348 0.045209 0.064067
0 0.648448 0.481894 0.056680 0.153203
0 0.113360 0.452646 0.033738 0.066852
0 0.156883 0.449861 0.031714 0.064067
0 0.504386 0.441504 0.031714 0.064067
0 0.223684 0.366295 0.031714 0.064067
0 0.592443 0.438719 0.032389 0.066852
0 0.041498 0.713788 0.060054 0.068245
0 0.200067 0.449861 0.033063 0.064067
0 0.439946 0.357939 0.032389 0.066852
0 0.652834 0.701950 0.058704 0.069638
0 0.285425 0.449164 0.032389 0.062674
0 0.497638 0.705432 0.046559 0.068245
0 0.138327 0.369777 0.032389 0.065460
0 0.526653 0.354457 0.033063 0.065460
0 0.250000 0.535515 0.031714 0.065460
0 0.162618 0.536908 0.032389 0.065460
0 0.328947 0.446379 0.031714 0.065460
0 0.536775 0.614206 0.033063 0.064067
0 0.482794 0.355850 0.033063 0.068245
0 0.396424 0.361421 0.033063 0.068245
0 0.381916 0.532033 0.032389 0.064067
0 0.313090 0.618384 0.033738 0.064067
0 0.095479 0.368384 0.031714 0.065460
0 0.635290 0.351671 0.074899 0.062674
0 0.206478 0.536212 0.032389 0.066852
0 0.243252 0.448468 0.031714 0.064067
0 0.548246 0.440111 0.030364 0.064067
0 0.559717 0.525070 0.033063 0.066852
0 0.337382 0.533426 0.033738 0.064067
0 0.180837 0.366992 0.032389 0.065460
0 0.604251 0.526462 0.031714 0.066852
0 0.401822 0.617688 0.034413 0.065460
0 0.060391 0.454735 0.054656 0.068245
0 0.135628 0.623259 0.032389 0.062674
