0 0.474839 0.288221 0.029677 0.057644
0 0.395161 0.285714 0.030323 0.060150
0 0.313871 0.281955 0.031613 0.062657
0 0.636774 0.519424 0.098065 0.058897
0 0.281290 0.510652 0.029677 0.058897
0 0.383548 0.437343 0.029032 0.060150
0 0.197742 0.509398 0.030323 0.058897
0 0.212258 0.355890 0.028387 0.060150
0 0.190968 0.275063 0.030968 0.061404
0 0.253226 0.357769 0.031613 0.058897
0 0.483226 0.515664 0.029677 0.058897
0 0.334194 0.359023 0.029677 0.058897
0 0.121935 0.429198 0.063226 0.063910
0 0.442903 0.516291 0.030323 0.060150
0 0.212258 0.587719 0.043871 0.065163
0 0.543226 0.442356 0.029677 0.062657
0 0.555161 0.290100 0.029032 0.058897
0 0.582581 0.443609 0.029677 0.062657
0 0.593226 0.291353 0.029032 0.058897
0 0.321290 0.513158 0.029677 0.061404
0 0.463871 0.439850 0.028387 0.062657
0 0.522903 0.517544 0.030323 0.060150
0 0.150968 0.273810 0.029677 0.058897
0 0.232903 0.278195 0.030968 0.062657
0 0.362258 0.511905 0.030323 0.058897
0 0.262258 0.434211 0.029032 0.061404
0 0.494194 0.362782 0.028387 0.056391
0 0.424516 0.438596 0.028387 0.060150
0 0.302581 0.434837 0.029677 0.060150
0 0.661290 0.406642 0.047742 0.144110
0 0.667419 0.597744 0.041935 0.062657
0 0.518387 0.593358 0.041935 0.061404
0 0.435484 0.285714 0.029677 0.060150
0 0.179355 0.430451 0.030968 0.061404
0 0.273548 0.278195 0.028387 0.060150
0 0.403871 0.512531 0.028387 0.060150
0 0.612581 0.367168 0.030323 0.060150
0 0.220645 0.433584 0.029677 0.062657
0 0.366774 0.596491 0.248387 0.072682
0 0.170000 0.354637 0.031613 0.060150
0 0.562903 0.518170 0.031613 0.061404
0 0.343226 0.436717 0.029677 0.058897
0 0.514194 0.289474 0.029677 0.060150
0 0.651935 0.290100 0.067742 0.061404
0 0.156774 0.508145 0.030968 0.061404
0 0.110000 0.507519 0.044516 0.062657
0 0.109032 0.273183 0.028387 0.062657
0 0.503226 0.439223 0.028387 0.061404
0 0.374516 0.361529 0.029032 0.058897
0 0.109032 0.586466 0.046452 0.067669
0 0.454516 0.361529 0.027742 0.056391
0 0.573226 0.366541 0.030323 0.058897
0 0.293548 0.359023 0.029677 0.058897
0 0.534194 0.365288 0.028387 0.056391
0 0.240645 0.510025 0.029677 0.057644
0 0.118710 0.351504 0.051613 0.061404
0 0.355484 0.285088 0.030968 0.058897
0 0.621290 0.442982 0.029677 0.061404
0 0.414839 0.360902 0.028387 0.057644
0 0.506129 0.405388 0.976129 0.517544
