0 0.298875 0.515478 0.115331 0.239212
0 0.052391 0.701220 0.071027 0.109756
0 0.500703 0.515478 1.000000 0.803940
0 0.022855 0.575516 0.044304 0.102251
0 0.273207 0.326923 0.168073 0.098499
0 0.130098 0.325047 0.068917 0.098499
0 0.200070 0.576923 0.069620 0.106942
0 0.178622 0.450750 0.067511 0.104128
0 0.291842 0.825985 0.132208 0.117261
0 0.084740 0.447936 0.071027 0.096623
0 0.037975 0.325047 0.068917 0.098499
0 0.105837 0.575047 0.069620 0.103189
0 0.232068 0.701220 0.246132 0.109756
0 0.017229 0.449343 0.033052 0.097561
