0 0.157895 0.598459 0.034660 0.047945
0 0.535623 0.592038 0.034018 0.047089
0 0.017330 0.601455 0.033376 0.047089
0 0.616175 0.715753 0.119384 0.049658
0 0.262516 0.658818 0.035944 0.048801
0 0.185815 0.726027 0.037869 0.049658
0 0.234275 0.725171 0.037227 0.049658
0 0.090501 0.538527 0.034660 0.046233
0 0.205392 0.598031 0.035944 0.047089
0 0.396341 0.593322 0.034018 0.046233
0 0.253209 0.596318 0.035302 0.045377
0 0.419769 0.532106 0.034660 0.047089
0 0.333119 0.721747 0.037227 0.053082
0 0.581194 0.589897 0.034018 0.047945
0 0.020860 0.664384 0.040436 0.051370
0 0.284018 0.723031 0.037869 0.052226
0 0.501605 0.653253 0.035302 0.051370
0 0.008986 0.541096 0.016688 0.047945
0 0.137035 0.726027 0.036585 0.051370
0 0.294288 0.792380 0.316431 0.060788
0 0.231386 0.536387 0.035302 0.048801
0 0.651476 0.781678 0.062901 0.054795
0 0.039474 0.726884 0.037869 0.051370
0 0.500642 0.635274 1.000000 0.547945
0 0.407253 0.654966 0.034018 0.051370
0 0.489730 0.592466 0.034660 0.046233
0 0.485558 0.784247 0.050706 0.054795
0 0.373235 0.533390 0.035302 0.047945
0 0.454108 0.653682 0.034018 0.050514
0 0.511553 0.531678 0.034660 0.046233
0 0.279846 0.535103 0.035944 0.049658
0 0.213415 0.660531 0.035302 0.048801
0 0.625160 0.528682 0.078306 0.045377
0 0.043646 0.537671 0.033376 0.047945
0 0.087933 0.726884 0.035944 0.049658
0 0.301348 0.596318 0.035302 0.048801
0 0.556483 0.529966 0.033376 0.046233
0 0.064185 0.600599 0.035944 0.048801
0 0.326701 0.534247 0.034660 0.047945
0 0.443196 0.592466 0.034018 0.046233
0 0.111361 0.600171 0.035302 0.046233
0 0.594673 0.651113 0.034018 0.050514
0 0.639602 0.621575 0.062259 0.113014
0 0.137035 0.537243 0.035302 0.048801
0 0.465661 0.531250 0.035302 0.048801
0 0.118421 0.662243 0.036585 0.050514
0 0.525995 0.716182 0.035302 0.050514
0 0.183890 0.535959 0.034018 0.047945
0 0.311617 0.657962 0.035302 0.050514
0 0.008665 0.795805 0.016046 0.053938
0 0.548460 0.651969 0.035302 0.050514
0 0.101091 0.793236 0.053273 0.053938
0 0.479140 0.717038 0.034018 0.050514
0 0.349166 0.594606 0.034660 0.048801
0 0.007702 0.729880 0.014121 0.050514
0 0.430039 0.718322 0.034660 0.051370
0 0.165918 0.661387 0.035302 0.048801
0 0.359435 0.655822 0.034660 0.051370
0 0.070603 0.662243 0.035944 0.050514
0 0.381579 0.720462 0.037869 0.052226
