0 0.016722 0.298817 0.030100 0.076923
0 0.086120 0.477811 0.038462 0.073964
0 0.251672 0.571006 0.322742 0.076923
0 0.015050 0.389053 0.026756 0.079882
0 0.048495 0.304734 0.040134 0.082840
0 0.429766 0.213018 0.040134 0.076923
0 0.213211 0.389053 0.038462 0.073964
0 0.621237 0.566568 0.068562 0.073964
0 0.225753 0.214497 0.040134 0.079882
0 0.174749 0.214497 0.041806 0.079882
0 0.018395 0.566568 0.033445 0.073964
0 0.014214 0.477811 0.025084 0.073964
0 0.365385 0.389053 0.038462 0.079882
0 0.124582 0.211538 0.038462 0.079882
0 0.416388 0.390533 0.040134 0.076923
0 0.556020 0.301775 0.038462 0.082840
0 0.455686 0.300296 0.038462 0.079882
0 0.021739 0.213018 0.040134 0.076923
0 0.620401 0.349112 0.066890 0.171598
0 0.250836 0.301775 0.040134 0.082840
0 0.569398 0.387574 0.035117 0.071006
0 0.161371 0.389053 0.038462 0.073964
0 0.059365 0.390533 0.038462 0.076923
0 0.588629 0.479290 0.127090 0.071006
0 0.353679 0.300296 0.038462 0.073964
0 0.188127 0.477811 0.038462 0.073964
0 0.239130 0.479290 0.040134 0.076923
0 0.505853 0.301775 0.038462 0.082840
0 0.467391 0.390533 0.038462 0.076923
0 0.035117 0.479290 0.036789 0.071006
0 0.530936 0.210059 0.038462 0.076923
0 0.378763 0.213018 0.041806 0.076923
0 0.275920 0.213018 0.040134 0.076923
0 0.403846 0.301775 0.041806 0.076923
0 0.519231 0.390533 0.038462 0.076923
0 0.607860 0.211538 0.088629 0.073964
0 0.479933 0.211538 0.040134 0.079882
0 0.391304 0.477811 0.036789 0.073964
0 0.340301 0.479290 0.041806 0.076923
0 0.010870 0.476331 0.018395 0.076923
0 0.327759 0.213018 0.040134 0.076923
0 0.289298 0.477811 0.040134 0.073964
0 0.071906 0.213018 0.040134 0.076923
0 0.020067 0.389053 0.036789 0.073964
0 0.110368 0.390533 0.040134 0.076923
0 0.263378 0.390533 0.038462 0.076923
0 0.137124 0.477811 0.040134 0.073964
0 0.010870 0.211538 0.018395 0.073964
0 0.492475 0.479290 0.038462 0.076923
0 0.501672 0.357988 1.000000 0.627219
0 0.010033 0.210059 0.016722 0.071006
0 0.011706 0.301775 0.020067 0.082840
0 0.098662 0.301775 0.040134 0.082840
0 0.199833 0.301775 0.038462 0.076923
0 0.314381 0.389053 0.036789 0.073964
0 0.053512 0.566568 0.053512 0.073964
0 0.443144 0.477811 0.036789 0.068047
0 0.149666 0.303254 0.041806 0.079882
0 0.448997 0.568047 0.051839 0.076923
0 0.302676 0.303254 0.040134 0.079882
