0 0.223750 0.472376 0.037500 0.065193
0 0.352187 0.757459 0.224375 0.074033
0 0.544687 0.673481 0.031875 0.065193
0 0.397188 0.534807 0.031875 0.064088
0 0.378125 0.464088 0.032500 0.061878
0 0.602500 0.596685 0.031250 0.064088
0 0.104063 0.693370 0.045625 0.069613
0 0.288750 0.611602 0.032500 0.065193
0 0.485000 0.601657 0.031250 0.065193
0 0.150312 0.690608 0.035625 0.070718
0 0.427187 0.679006 0.034375 0.067403
0 0.162188 0.545304 0.035625 0.065193
0 0.466875 0.677348 0.032500 0.066298
0 0.328437 0.609392 0.033125 0.065193
0 0.182500 0.472928 0.032500 0.064088
0 0.454375 0.460221 0.033750 0.062983
0 0.170313 0.618232 0.031875 0.067403
0 0.532188 0.457459 0.031875 0.061878
0 0.445937 0.603867 0.031875 0.065193
0 0.104063 0.477901 0.031875 0.062983
0 0.474687 0.531492 0.031875 0.061878
0 0.367500 0.607735 0.033750 0.066298
0 0.494063 0.459116 0.034375 0.062983
0 0.570000 0.455249 0.031250 0.059669
0 0.250937 0.613812 0.035625 0.067403
0 0.525000 0.601105 0.032500 0.064088
0 0.358750 0.536464 0.032500 0.062983
0 0.241875 0.542541 0.036250 0.066298
0 0.308750 0.682873 0.033750 0.068508
0 0.435937 0.532044 0.030625 0.060773
0 0.592187 0.527072 0.030625 0.064088
0 0.203125 0.544751 0.037500 0.066298
0 0.506250 0.675138 0.032500 0.066298
0 0.112187 0.549171 0.050625 0.064088
0 0.116562 0.619890 0.068125 0.068508
0 0.299687 0.469061 0.033125 0.065193
0 0.280938 0.540884 0.035625 0.065193
0 0.213125 0.763536 0.047500 0.070718
0 0.339687 0.467403 0.035625 0.066298
0 0.106563 0.768508 0.056875 0.071823
0 0.501875 0.530387 0.993750 0.674033
0 0.270000 0.685083 0.036250 0.068508
0 0.628125 0.454144 0.070000 0.061878
0 0.514375 0.530387 0.031250 0.061878
0 0.492812 0.751381 0.043125 0.066298
0 0.619375 0.670718 0.100000 0.066298
0 0.261875 0.470718 0.033750 0.064088
0 0.189688 0.689503 0.035625 0.068508
0 0.646875 0.744199 0.056250 0.067403
0 0.416250 0.462983 0.033750 0.064088
0 0.145313 0.476243 0.035625 0.066298
0 0.388125 0.680663 0.033750 0.066298
0 0.564375 0.599448 0.031250 0.065193
0 0.229375 0.687845 0.033750 0.067403
0 0.319375 0.537569 0.031250 0.062983
0 0.640938 0.560773 0.053125 0.140331
0 0.553125 0.527624 0.031250 0.062983
0 0.406875 0.605525 0.031250 0.066298
0 0.210625 0.615470 0.035000 0.066298
0 0.347813 0.682320 0.034375 0.067403
