0 0.205000 0.478438 0.038333 0.029375
0 0.152083 0.479063 0.037500 0.029375
0 0.495833 0.513437 0.041667 0.029375
0 0.172917 0.516875 0.039167 0.028750
0 0.601250 0.512813 0.044167 0.030625
0 0.326667 0.401875 0.038333 0.028750
0 0.258333 0.477187 0.038333 0.029375
0 0.363333 0.476562 0.040000 0.029375
0 0.741667 0.551562 0.073333 0.031875
0 0.310000 0.477187 0.038333 0.029375
0 0.679167 0.474375 0.041667 0.030000
0 0.135417 0.557187 0.055833 0.030625
0 0.627083 0.474062 0.042500 0.029375
0 0.194583 0.440625 0.037500 0.028750
0 0.034583 0.480625 0.064167 0.028750
0 0.403750 0.438437 0.039167 0.028125
0 0.118750 0.404687 0.037500 0.029375
0 0.274167 0.402500 0.038333 0.028750
0 0.635833 0.398125 0.038333 0.028750
0 0.663750 0.436250 0.039167 0.030000
0 0.227083 0.516563 0.040833 0.029375
0 0.547917 0.513125 0.040833 0.028750
0 0.347500 0.558125 0.343333 0.037500
0 0.480833 0.400625 0.040000 0.030000
0 0.017500 0.518125 0.033333 0.027500
0 0.429583 0.401250 0.039167 0.030000
0 0.029167 0.442188 0.056667 0.028125
0 0.555833 0.552813 0.058333 0.031875
0 0.610833 0.436563 0.040000 0.029375
0 0.089583 0.441875 0.039167 0.028750
0 0.099583 0.480000 0.039167 0.030000
0 0.574167 0.474687 0.041667 0.029375
0 0.119167 0.517813 0.038333 0.028125
0 0.731250 0.455000 0.070833 0.068750
0 0.246250 0.439688 0.037500 0.028125
0 0.066667 0.517813 0.041667 0.029375
0 0.507083 0.437812 0.040833 0.028125
0 0.143333 0.440937 0.038333 0.028125
0 0.415833 0.476562 0.038333 0.029375
0 0.021250 0.558125 0.040833 0.030000
0 0.714167 0.397813 0.090000 0.029375
0 0.351250 0.439063 0.037500 0.028125
0 0.170417 0.404062 0.037500 0.029375
0 0.703333 0.512500 0.136667 0.030000
0 0.335000 0.515312 0.040000 0.029375
0 0.487917 0.468438 0.969167 0.333125
0 0.018333 0.405000 0.035000 0.028750
0 0.469167 0.475938 0.040000 0.029375
0 0.442500 0.514375 0.045000 0.031250
0 0.298750 0.439375 0.037500 0.027500
0 0.067083 0.405000 0.037500 0.028750
0 0.532917 0.400625 0.042500 0.030000
0 0.520417 0.475938 0.040833 0.029375
0 0.377917 0.402187 0.039167 0.029375
0 0.584167 0.399687 0.041667 0.029375
0 0.558750 0.436875 0.039167 0.027500
0 0.222917 0.402813 0.037500 0.029375
0 0.388333 0.514375 0.041667 0.030000
0 0.455417 0.438437 0.039167 0.028125
0 0.281250 0.515625 0.039167 0.028750
