0 0.121333 0.384413 0.025333 0.036778
0 0.374000 0.396673 0.028000 0.038529
0 0.462333 0.335377 0.028667 0.038529
0 0.410667 0.488179 0.032000 0.041156
0 0.216000 0.517951 0.028000 0.039405
0 0.411000 0.390981 0.028667 0.037653
0 0.499333 0.329685 0.029333 0.037653
0 0.259667 0.413748 0.027333 0.039405
0 0.523000 0.471103 0.031333 0.040280
0 0.572333 0.414623 0.028667 0.039405
0 0.380000 0.545096 0.216000 0.072680
0 0.536333 0.421191 0.030000 0.038529
0 0.462000 0.432137 0.029333 0.039405
0 0.332333 0.499562 0.027333 0.039405
0 0.387000 0.443520 0.028667 0.039405
0 0.194333 0.472855 0.026000 0.042032
0 0.132667 0.531086 0.037333 0.041156
0 0.237333 0.367776 0.028000 0.042032
0 0.312000 0.357268 0.028000 0.040280
0 0.447667 0.482487 0.032667 0.040280
0 0.298667 0.408056 0.028000 0.038529
0 0.425000 0.341068 0.027333 0.039405
0 0.159667 0.379159 0.027333 0.038529
0 0.571333 0.318301 0.028000 0.037653
0 0.348667 0.448336 0.028000 0.038529
0 0.485667 0.380035 0.030000 0.036778
0 0.198667 0.372592 0.029333 0.041156
0 0.520000 0.419877 0.961333 0.471979
0 0.134333 0.432137 0.044667 0.041156
0 0.595000 0.364273 0.030000 0.038529
0 0.608667 0.408932 0.029333 0.040280
0 0.498333 0.426445 0.028667 0.040280
0 0.222333 0.419877 0.028667 0.041156
0 0.657333 0.498687 0.053333 0.048161
0 0.350667 0.352014 0.028000 0.040280
0 0.484667 0.476357 0.030667 0.038529
0 0.311333 0.454904 0.028000 0.039405
0 0.294667 0.505692 0.029333 0.039405
0 0.558667 0.464974 0.030667 0.040280
0 0.139667 0.482049 0.054000 0.042907
0 0.625667 0.311296 0.063333 0.041156
0 0.176000 0.523643 0.028000 0.040280
0 0.642333 0.380473 0.052667 0.090193
0 0.255000 0.511821 0.027333 0.039405
0 0.336333 0.401926 0.027333 0.038529
0 0.274333 0.362084 0.027333 0.041156
0 0.387667 0.345884 0.027333 0.040280
0 0.272333 0.460158 0.027333 0.039405
0 0.627667 0.454904 0.094000 0.046410
0 0.182333 0.425131 0.027333 0.039405
0 0.246000 0.566112 0.048000 0.048161
0 0.139333 0.581874 0.050667 0.049912
0 0.371333 0.493433 0.030667 0.039405
0 0.535667 0.323993 0.028667 0.038529
0 0.522667 0.374781 0.029333 0.036778
0 0.448667 0.385289 0.028000 0.036778
0 0.424333 0.437391 0.028667 0.039405
0 0.234000 0.467163 0.028000 0.039405
0 0.558667 0.369089 0.029333 0.037653
0 0.512667 0.521454 0.041333 0.042907
