0 0.203204 0.481353 0.038786 0.029709
0 0.149663 0.481985 0.037943 0.029709
0 0.497470 0.516751 0.042159 0.029709
0 0.170742 0.520228 0.039629 0.029077
0 0.604132 0.516119 0.044688 0.030973
0 0.326307 0.403919 0.038786 0.029077
0 0.257167 0.480088 0.038786 0.029709
0 0.363406 0.479456 0.040472 0.029709
0 0.746206 0.555310 0.074199 0.032238
0 0.309444 0.480088 0.038786 0.029709
0 0.682968 0.477244 0.042159 0.030341
0 0.132799 0.560999 0.056492 0.030973
0 0.630270 0.476928 0.043002 0.029709
0 0.192664 0.443110 0.037943 0.029077
0 0.032040 0.483565 0.062395 0.029077
0 0.404300 0.440898 0.039629 0.028445
0 0.115936 0.406764 0.037943 0.029709
0 0.273187 0.404551 0.038786 0.029077
0 0.639123 0.400126 0.038786 0.029077
0 0.667369 0.438685 0.039629 0.030341
0 0.225548 0.519912 0.041315 0.029709
0 0.550169 0.516435 0.041315 0.029077
0 0.347386 0.561947 0.347386 0.037927
0 0.482293 0.402655 0.040472 0.030341
0 0.015599 0.521492 0.029511 0.027813
0 0.430438 0.403287 0.039629 0.030341
0 0.027403 0.444690 0.053120 0.028445
0 0.558179 0.556574 0.059022 0.032238
0 0.613828 0.439001 0.040472 0.029709
0 0.086425 0.444374 0.039629 0.029077
0 0.096543 0.482933 0.039629 0.030341
0 0.576728 0.477560 0.042159 0.029709
0 0.116358 0.521176 0.038786 0.028445
0 0.735666 0.457649 0.071669 0.069532
0 0.244941 0.442162 0.037943 0.028445
0 0.063238 0.521176 0.042159 0.029709
0 0.508853 0.440265 0.041315 0.028445
0 0.140809 0.443426 0.038786 0.028445
0 0.416526 0.479456 0.038786 0.029709
0 0.019393 0.561947 0.037099 0.030341
0 0.718381 0.399810 0.091062 0.029709
0 0.351180 0.441530 0.037943 0.028445
0 0.168212 0.406131 0.037943 0.029709
0 0.707420 0.515803 0.138280 0.030341
0 0.334739 0.518647 0.040472 0.029709
0 0.490304 0.471239 0.978921 0.336915
0 0.016442 0.407080 0.031197 0.029077
0 0.470489 0.478824 0.040472 0.029709
0 0.443508 0.517699 0.045531 0.031606
0 0.298061 0.441846 0.037943 0.027813
0 0.063659 0.407080 0.037943 0.029077
0 0.534992 0.402655 0.043002 0.030341
0 0.522344 0.478824 0.041315 0.029709
0 0.378162 0.404235 0.039629 0.029709
0 0.586847 0.401707 0.042159 0.029709
0 0.561130 0.439317 0.039629 0.027813
0 0.221332 0.404867 0.037943 0.029709
0 0.388702 0.517699 0.042159 0.030341
0 0.456577 0.440898 0.039629 0.028445
0 0.280354 0.518963 0.039629 0.029077
