0 0.291777 0.561765 0.035809 0.079412
0 0.200265 0.475735 0.038462 0.083824
0 0.541446 0.469853 0.033820 0.077941
0 0.456897 0.469118 0.035809 0.073529
0 0.336207 0.561029 0.034483 0.077941
0 0.357095 0.653676 0.036472 0.080882
0 0.379973 0.558824 0.033156 0.076471
0 0.637599 0.512500 0.059019 0.169118
0 0.088196 0.663971 0.042440 0.092647
0 0.645557 0.747059 0.064324 0.085294
0 0.532493 0.652206 0.034483 0.077941
0 0.156499 0.478676 0.039788 0.086765
0 0.040451 0.659559 0.049072 0.080882
0 0.423408 0.558088 0.033820 0.077941
0 0.494695 0.747794 0.049072 0.083824
0 0.399867 0.654412 0.035809 0.079412
0 0.351459 0.381618 0.033156 0.075000
0 0.036804 0.759559 0.065650 0.095588
0 0.223143 0.658824 0.040451 0.082353
0 0.161141 0.569853 0.041114 0.089706
0 0.061340 0.566176 0.064324 0.088235
0 0.242042 0.474265 0.037135 0.080882
0 0.623674 0.378676 0.073607 0.075000
0 0.112732 0.477941 0.042440 0.088235
0 0.310013 0.382353 0.036472 0.079412
0 0.183024 0.387500 0.039788 0.089706
0 0.096817 0.389706 0.039788 0.085294
0 0.205902 0.566912 0.039125 0.083824
0 0.488395 0.650735 0.033820 0.075000
0 0.519231 0.380147 0.033156 0.077941
0 0.118037 0.569118 0.039788 0.088235
0 0.285146 0.472059 0.035809 0.079412
0 0.553382 0.557353 0.035146 0.076471
0 0.267573 0.655882 0.036472 0.079412
0 0.142905 0.759559 0.056366 0.095588
0 0.595822 0.555882 0.033820 0.076471
0 0.133289 0.663971 0.042440 0.089706
0 0.393236 0.381618 0.034483 0.080882
0 0.477785 0.379412 0.033820 0.079412
0 0.583554 0.467647 0.033156 0.073529
0 0.327918 0.469853 0.035146 0.075000
0 0.249337 0.565441 0.037135 0.083824
0 0.500663 0.539706 1.000000 0.626471
0 0.371353 0.470588 0.034483 0.076471
0 0.053382 0.384559 0.032493 0.077941
0 0.499005 0.468382 0.033820 0.075000
0 0.177719 0.662500 0.042440 0.089706
0 0.560676 0.376471 0.031167 0.073529
0 0.466180 0.558088 0.033156 0.077941
0 0.318302 0.756618 0.294430 0.089706
0 0.224801 0.386765 0.037135 0.088235
0 0.266578 0.386765 0.037135 0.088235
0 0.312334 0.654412 0.038462 0.079412
0 0.139257 0.388235 0.037135 0.088235
0 0.614390 0.648529 0.110743 0.076471
0 0.435676 0.379412 0.033156 0.076471
0 0.414125 0.468382 0.032493 0.072059
0 0.062003 0.474265 0.057692 0.080882
0 0.510279 0.558824 0.036472 0.079412
0 0.444297 0.651471 0.033156 0.076471
