0 0.312052 0.603728 0.117647 0.243786
0 0.060617 0.793021 0.072453 0.111855
0 0.500717 0.597514 1.000000 0.806883
0 0.026901 0.664914 0.052367 0.104207
0 0.285868 0.411568 0.171449 0.100382
0 0.139885 0.409656 0.070301 0.100382
0 0.211263 0.666348 0.071019 0.108987
0 0.189383 0.537763 0.068867 0.106119
0 0.304878 0.920172 0.134864 0.119503
0 0.093615 0.534895 0.072453 0.098470
0 0.045911 0.409656 0.070301 0.100382
0 0.115136 0.664436 0.071019 0.105163
0 0.243902 0.793021 0.251076 0.111855
0 0.017575 0.536329 0.033716 0.099426
