0 0.549063 0.506250 0.030625 0.042500
0 0.520625 0.557917 0.030000 0.044167
0 0.502500 0.608333 0.030000 0.045000
0 0.165000 0.615417 0.026250 0.044167
0 0.124063 0.616250 0.039375 0.042500
0 0.175000 0.515833 0.028750 0.043333
0 0.219062 0.664167 0.040625 0.045000
0 0.189688 0.465417 0.028125 0.040833
0 0.286875 0.513333 0.027500 0.041667
0 0.624687 0.454167 0.066875 0.043333
0 0.128438 0.517083 0.045625 0.042500
0 0.117188 0.467500 0.025625 0.040000
0 0.125938 0.665417 0.039375 0.042500
0 0.296250 0.562917 0.026250 0.042500
0 0.212500 0.514583 0.027500 0.042500
0 0.129375 0.567083 0.046250 0.045833
0 0.378125 0.460833 0.028750 0.041667
0 0.540625 0.607500 0.032500 0.045000
0 0.465000 0.609167 0.030000 0.045000
0 0.154375 0.465833 0.026250 0.040000
0 0.641563 0.656667 0.044375 0.046667
0 0.633437 0.530000 0.050625 0.098333
0 0.490938 0.457917 0.031875 0.044167
0 0.435625 0.509167 0.028750 0.041667
0 0.415312 0.459583 0.030625 0.044167
0 0.358438 0.661667 0.226875 0.045000
0 0.249375 0.513750 0.028750 0.042500
0 0.558750 0.557083 0.030000 0.045833
0 0.529062 0.456667 0.031875 0.043333
0 0.304375 0.462917 0.030000 0.044167
0 0.473125 0.507917 0.030000 0.040833
0 0.222188 0.564167 0.026875 0.043333
0 0.509375 0.494167 0.936250 0.436667
0 0.323437 0.512083 0.028125 0.040833
0 0.203437 0.613750 0.026875 0.042500
0 0.398125 0.510417 0.028750 0.040833
0 0.370625 0.561667 0.030000 0.043333
0 0.227187 0.465000 0.028125 0.041667
0 0.445000 0.559583 0.030000 0.045833
0 0.407813 0.560417 0.028125 0.044167
0 0.452813 0.458333 0.030625 0.041667
0 0.278125 0.612917 0.027500 0.044167
0 0.185000 0.565417 0.026250 0.044167
0 0.567500 0.454167 0.030000 0.041667
0 0.511250 0.507083 0.030000 0.040833
0 0.360312 0.510833 0.028125 0.041667
0 0.241250 0.613333 0.027500 0.043333
0 0.482500 0.558750 0.030000 0.044167
0 0.333750 0.562083 0.028750 0.042500
0 0.341875 0.462083 0.031250 0.042500
0 0.587187 0.505417 0.029375 0.044167
0 0.352500 0.611250 0.030000 0.044167
0 0.259375 0.562917 0.026250 0.042500
0 0.315312 0.612083 0.028125 0.044167
0 0.612500 0.606667 0.096250 0.046667
0 0.427812 0.610833 0.031875 0.045000
0 0.498437 0.660417 0.044375 0.047500
0 0.390313 0.611250 0.030625 0.044167
0 0.265625 0.463333 0.027500 0.041667
0 0.596562 0.555000 0.029375 0.045000
