0 0.498900 0.414223 0.030059 0.063050
0 0.392962 0.418622 0.030792 0.063050
0 0.218109 0.499267 0.031525 0.068915
0 0.646261 0.442815 0.047654 0.134897
0 0.550587 0.340909 0.029326 0.065982
0 0.402126 0.489736 0.030059 0.064516
0 0.626833 0.549853 0.092375 0.067449
0 0.373900 0.347507 0.030792 0.064516
0 0.293988 0.495601 0.033724 0.067449
0 0.337610 0.348974 0.031525 0.070381
0 0.384531 0.562317 0.032991 0.065982
0 0.187683 0.354839 0.027859 0.064516
0 0.491935 0.555718 0.029326 0.064516
0 0.603372 0.409824 0.027859 0.063050
0 0.444282 0.346041 0.030792 0.070381
0 0.329912 0.493402 0.030792 0.065982
0 0.157991 0.651026 0.049120 0.073314
0 0.149194 0.351173 0.027126 0.060117
0 0.348240 0.562317 0.030792 0.063050
0 0.157991 0.574780 0.047654 0.073314
0 0.246334 0.423754 0.032258 0.064516
0 0.577713 0.482405 0.030792 0.067449
0 0.655792 0.618768 0.041789 0.070381
0 0.236804 0.568915 0.029326 0.064516
0 0.542889 0.484604 0.031525 0.065982
0 0.534091 0.412757 0.028592 0.060117
0 0.365836 0.491935 0.030792 0.065982
0 0.507698 0.485337 0.030059 0.064516
0 0.526760 0.553519 0.028592 0.063050
0 0.637097 0.335044 0.061584 0.068915
0 0.208944 0.426686 0.033724 0.070381
0 0.256232 0.497801 0.034457 0.068915
0 0.226906 0.350440 0.031525 0.067449
0 0.160557 0.501466 0.049853 0.070381
0 0.275660 0.567449 0.032258 0.064516
0 0.252566 0.643695 0.046188 0.070381
0 0.428152 0.417889 0.030792 0.064516
0 0.586144 0.334311 0.025660 0.064516
0 0.523094 0.626833 0.041789 0.068915
0 0.463343 0.414223 0.029326 0.060117
0 0.311950 0.565249 0.031525 0.065982
0 0.569282 0.411290 0.028592 0.063050
0 0.283724 0.424487 0.033724 0.068915
0 0.320381 0.421554 0.032258 0.065982
0 0.356672 0.418622 0.030059 0.063050
0 0.200147 0.571848 0.030792 0.067449
0 0.264296 0.351173 0.032991 0.068915
0 0.388563 0.635630 0.221408 0.074780
0 0.480205 0.343842 0.030792 0.068915
0 0.561950 0.552053 0.028592 0.063050
0 0.438050 0.489003 0.030059 0.065982
0 0.514663 0.343109 0.029326 0.064516
0 0.511364 0.470674 0.901026 0.530792
0 0.421188 0.560117 0.031525 0.064516
0 0.456378 0.557918 0.031525 0.065982
0 0.409457 0.346774 0.031525 0.068915
0 0.161657 0.426686 0.052053 0.067449
0 0.613270 0.478006 0.030059 0.064516
0 0.300587 0.348240 0.029326 0.068915
0 0.472874 0.486070 0.030792 0.063050
