0 0.506781 0.627137 0.988246 0.395299
0 0.432640 0.659188 0.031646 0.040598
0 0.482821 0.552350 0.034358 0.040598
0 0.244123 0.618056 0.032550 0.041667
0 0.257685 0.668803 0.030741 0.040598
0 0.301085 0.666132 0.032550 0.039530
0 0.570072 0.547543 0.033454 0.039530
0 0.262658 0.565705 0.033454 0.041667
0 0.043400 0.575321 0.028933 0.039530
0 0.281193 0.718483 0.032550 0.039530
0 0.526673 0.550214 0.033454 0.040598
0 0.056510 0.731303 0.040687 0.041667
0 0.066456 0.678953 0.062387 0.043803
0 0.345389 0.663996 0.032550 0.041667
0 0.214738 0.673077 0.033454 0.042735
0 0.499548 0.706197 0.031646 0.038462
0 0.419078 0.607906 0.031646 0.038462
0 0.307866 0.562500 0.033454 0.041667
0 0.332278 0.612714 0.031646 0.039530
0 0.086799 0.574252 0.030741 0.039530
0 0.506329 0.603632 0.032550 0.040598
0 0.104430 0.728632 0.031646 0.040598
0 0.389241 0.661325 0.031646 0.040598
0 0.287975 0.614850 0.031646 0.039530
0 0.475136 0.656517 0.031646 0.039530
0 0.325045 0.715278 0.033454 0.039530
0 0.563291 0.651175 0.032550 0.041667
0 0.200271 0.620192 0.033454 0.041667
0 0.456148 0.708868 0.031646 0.039530
0 0.174051 0.569444 0.033454 0.040598
0 0.351718 0.559829 0.032550 0.040598
0 0.438517 0.555556 0.032550 0.040598
0 0.111664 0.625000 0.033454 0.040598
0 0.165913 0.776709 0.044304 0.040598
0 0.376130 0.611111 0.032550 0.040598
0 0.147830 0.725962 0.031646 0.039530
0 0.649638 0.621261 0.056962 0.095085
0 0.157776 0.622863 0.035262 0.042735
0 0.606239 0.648504 0.031646 0.040598
0 0.625226 0.699786 0.109403 0.040598
0 0.412749 0.711538 0.033454 0.040598
0 0.636528 0.544338 0.077758 0.041667
0 0.594033 0.598291 0.032550 0.040598
0 0.542948 0.704060 0.031646 0.038462
0 0.463382 0.605769 0.033454 0.040598
0 0.337251 0.770833 0.276673 0.054487
0 0.219259 0.567308 0.033454 0.040598
0 0.236890 0.720620 0.032550 0.039530
0 0.519892 0.654380 0.032550 0.041667
0 0.507233 0.757479 0.045208 0.040598
0 0.394665 0.558761 0.033454 0.042735
0 0.063743 0.781517 0.053345 0.043803
0 0.057866 0.627137 0.050633 0.040598
0 0.656420 0.750534 0.057866 0.041667
0 0.170886 0.674145 0.034358 0.042735
0 0.192586 0.723291 0.032550 0.040598
0 0.368897 0.713675 0.032550 0.040598
0 0.130199 0.571581 0.032550 0.040598
0 0.550633 0.601496 0.032550 0.040598
0 0.126130 0.677885 0.035262 0.043803
