0 0.574689 0.594136 0.034578 0.086420
0 0.530429 0.593364 0.033195 0.084877
0 0.270401 0.693673 0.031812 0.081790
0 0.542185 0.694444 0.033195 0.083333
0 0.112379 0.794753 0.032503 0.080247
0 0.383817 0.796296 0.034578 0.083333
0 0.415629 0.493827 0.034578 0.083333
0 0.077455 0.592593 0.035961 0.083333
0 0.066390 0.795525 0.037344 0.084877
0 0.621024 0.492284 0.076072 0.083333
0 0.293568 0.793981 0.035270 0.081790
0 0.236169 0.495370 0.035270 0.086420
0 0.428769 0.797068 0.033195 0.084877
0 0.225104 0.692901 0.031120 0.080247
0 0.500692 0.642747 1.000000 0.717593
0 0.461964 0.493056 0.035961 0.084877
0 0.485477 0.593364 0.034578 0.081790
0 0.168396 0.593364 0.033887 0.081790
0 0.350277 0.591821 0.032503 0.081790
0 0.632780 0.644290 0.056708 0.186728
0 0.134509 0.694444 0.033887 0.083333
0 0.450899 0.692901 0.033195 0.080247
0 0.638658 0.898148 0.049101 0.083333
0 0.395228 0.592593 0.032503 0.080247
0 0.144537 0.496142 0.034578 0.087963
0 0.020747 0.898148 0.040111 0.083333
0 0.258990 0.591821 0.032503 0.081790
0 0.326072 0.493827 0.033887 0.083333
0 0.406293 0.693673 0.032503 0.081790
0 0.214039 0.592593 0.033887 0.080247
0 0.468880 0.898148 0.047026 0.083333
0 0.089903 0.695216 0.033195 0.081790
0 0.129322 0.896605 0.045643 0.083333
0 0.098893 0.496142 0.033195 0.084877
0 0.304633 0.591821 0.033887 0.081790
0 0.604426 0.795525 0.112033 0.081790
0 0.474066 0.793981 0.032503 0.078704
0 0.281120 0.493056 0.035270 0.087963
0 0.123444 0.593364 0.033887 0.081790
0 0.248617 0.795525 0.032503 0.081790
0 0.586445 0.693673 0.031812 0.081790
0 0.361342 0.692130 0.031120 0.081790
0 0.012794 0.492284 0.024205 0.083333
0 0.025242 0.593364 0.049101 0.081790
0 0.158022 0.793981 0.032503 0.081790
0 0.339557 0.795525 0.033195 0.081790
0 0.203320 0.793981 0.034578 0.081790
0 0.299793 0.901235 0.273167 0.086420
0 0.496196 0.694444 0.032503 0.083333
0 0.370678 0.494599 0.035961 0.084877
0 0.316044 0.692901 0.031812 0.080247
0 0.440526 0.591821 0.034578 0.081790
0 0.507261 0.493827 0.033887 0.083333
0 0.030775 0.695216 0.060166 0.084877
0 0.180498 0.693673 0.033195 0.081790
0 0.019364 0.797068 0.037344 0.081790
0 0.552559 0.492284 0.033195 0.083333
0 0.190526 0.494599 0.033887 0.084877
0 0.518672 0.793981 0.033195 0.078704
0 0.054979 0.493056 0.033887 0.084877
