0 0.490486 0.516385 0.033827 0.036998
0 0.703488 0.655391 0.049683 0.035941
0 0.297040 0.515856 0.033827 0.038055
0 0.091438 0.612579 0.034884 0.039112
0 0.635307 0.515856 0.033827 0.038055
0 0.035941 0.611522 0.046512 0.034884
0 0.077696 0.469345 0.034884 0.040169
0 0.102008 0.516385 0.034884 0.039112
0 0.188161 0.610465 0.033827 0.034884
0 0.158562 0.658034 0.048626 0.036998
0 0.261628 0.563425 0.032770 0.035941
0 0.115222 0.565011 0.033827 0.036998
0 0.418076 0.468288 0.034884 0.040169
0 0.503700 0.563425 0.032770 0.035941
0 0.528013 0.608879 0.032770 0.033827
0 0.163848 0.565011 0.033827 0.036998
0 0.174419 0.469345 0.035941 0.040169
0 0.683404 0.467230 0.083510 0.038055
0 0.576110 0.608879 0.033827 0.035941
0 0.309725 0.564482 0.033827 0.035941
0 0.466702 0.467759 0.034884 0.039112
0 0.393763 0.516385 0.034884 0.036998
0 0.515856 0.468288 0.035941 0.040169
0 0.610994 0.467759 0.033827 0.036998
0 0.600423 0.562896 0.033827 0.036998
0 0.320825 0.467759 0.034884 0.039112
0 0.442918 0.514799 0.033827 0.035941
0 0.334567 0.609937 0.034884 0.035941
0 0.587738 0.515328 0.033827 0.036998
0 0.236258 0.609937 0.034884 0.035941
0 0.271670 0.468288 0.033827 0.040169
0 0.247886 0.516385 0.034884 0.036998
0 0.430761 0.610465 0.036998 0.036998
0 0.358351 0.563953 0.033827 0.036998
0 0.696089 0.540169 0.058140 0.084567
0 0.382664 0.609937 0.035941 0.035941
0 0.340381 0.658034 0.289641 0.034884
0 0.563953 0.468288 0.034884 0.040169
0 0.037526 0.659091 0.049683 0.039112
0 0.455603 0.563953 0.033827 0.036998
0 0.368393 0.468288 0.032770 0.038055
0 0.522199 0.656977 0.050740 0.036998
0 0.647992 0.562896 0.033827 0.036998
0 0.140063 0.610465 0.034884 0.036998
0 0.049683 0.565539 0.067653 0.038055
0 0.028541 0.468288 0.033827 0.038055
0 0.125793 0.468816 0.035941 0.039112
0 0.223044 0.467759 0.033827 0.039112
0 0.665962 0.608879 0.118393 0.033827
0 0.213002 0.564482 0.034884 0.038055
0 0.501057 0.533298 1.000000 0.366808
0 0.539112 0.515856 0.033827 0.035941
0 0.285412 0.609937 0.033827 0.035941
0 0.151691 0.516385 0.034884 0.039112
0 0.552326 0.563953 0.034884 0.036998
0 0.345137 0.516385 0.034884 0.036998
0 0.198732 0.515856 0.033827 0.038055
0 0.042283 0.517970 0.057082 0.038055
0 0.406448 0.563425 0.032770 0.035941
0 0.479915 0.609408 0.033827 0.034884
