0 0.599333 0.484337 0.096000 0.028916
0 0.243667 0.444177 0.030000 0.032129
0 0.258667 0.363855 0.030667 0.036948
0 0.114333 0.405221 0.051333 0.036145
0 0.555000 0.363454 0.028667 0.032932
0 0.629333 0.533333 0.046667 0.049799
0 0.414000 0.483534 0.029333 0.032129
0 0.518333 0.364659 0.030000 0.035341
0 0.221667 0.364659 0.030000 0.040161
0 0.489667 0.483534 0.028667 0.030522
0 0.370667 0.364257 0.029333 0.036145
0 0.375667 0.483936 0.031333 0.034538
0 0.536667 0.404418 0.028000 0.032932
0 0.144000 0.485542 0.032000 0.037751
0 0.260000 0.482731 0.030667 0.030522
0 0.480333 0.364257 0.027333 0.032932
0 0.339333 0.532129 0.237333 0.052209
0 0.499333 0.404016 0.028000 0.032129
0 0.388333 0.403213 0.028667 0.032129
0 0.451667 0.483534 0.028667 0.030522
0 0.395333 0.443775 0.028000 0.031325
0 0.462333 0.404016 0.028667 0.032129
0 0.337333 0.483936 0.032000 0.034538
0 0.184000 0.364659 0.029333 0.038554
0 0.205333 0.444980 0.030667 0.033735
0 0.546333 0.444980 0.028667 0.032129
0 0.147000 0.363052 0.031333 0.035341
0 0.161333 0.405221 0.030667 0.037751
0 0.407000 0.364257 0.028667 0.036145
0 0.319667 0.443775 0.028667 0.031325
0 0.333333 0.363855 0.029333 0.033735
0 0.425000 0.403614 0.027333 0.031325
0 0.574000 0.405622 0.029333 0.035341
0 0.485333 0.532129 0.045333 0.048996
0 0.275000 0.402811 0.028667 0.032932
0 0.433000 0.444177 0.030000 0.032129
0 0.299000 0.481928 0.030000 0.030522
0 0.527333 0.483936 0.030667 0.031325
0 0.508667 0.444177 0.029333 0.032129
0 0.167000 0.444177 0.030000 0.033735
0 0.185333 0.484739 0.029333 0.031325
0 0.237333 0.404016 0.030667 0.035341
0 0.100000 0.484739 0.041333 0.034538
0 0.350000 0.403213 0.029333 0.032129
0 0.610333 0.364257 0.064667 0.034538
0 0.444667 0.364659 0.029333 0.036948
0 0.470667 0.444177 0.029333 0.032129
0 0.508667 0.436145 0.924000 0.326104
0 0.096667 0.531727 0.048000 0.049799
0 0.194667 0.530924 0.046667 0.048193
0 0.116333 0.444177 0.062000 0.032129
0 0.281333 0.443373 0.028000 0.030522
0 0.584000 0.445783 0.029333 0.035341
0 0.621667 0.423695 0.047333 0.073092
0 0.296000 0.363454 0.029333 0.036145
0 0.109000 0.362651 0.028667 0.036145
0 0.357667 0.444177 0.028667 0.032129
0 0.313000 0.402811 0.028667 0.031325
0 0.199333 0.404418 0.030667 0.036145
0 0.221333 0.483133 0.029333 0.031325
