0 0.457273 0.495909 0.029091 0.031818
0 0.640455 0.615455 0.042727 0.030909
0 0.290909 0.495455 0.029091 0.032727
0 0.114091 0.578636 0.030000 0.033636
0 0.581818 0.495455 0.029091 0.032727
0 0.066364 0.577727 0.040000 0.030000
0 0.102273 0.455455 0.030000 0.034545
0 0.123182 0.495909 0.030000 0.033636
0 0.197273 0.576818 0.029091 0.030000
0 0.171818 0.617727 0.041818 0.031818
0 0.260455 0.536364 0.028182 0.030909
0 0.134545 0.537727 0.029091 0.031818
0 0.395000 0.454545 0.030000 0.034545
0 0.468636 0.536364 0.028182 0.030909
0 0.489545 0.575455 0.028182 0.029091
0 0.176364 0.537727 0.029091 0.031818
0 0.185455 0.455455 0.030909 0.034545
0 0.623182 0.453636 0.071818 0.032727
0 0.530909 0.575455 0.029091 0.030909
0 0.301818 0.537273 0.029091 0.030909
0 0.436818 0.454091 0.030000 0.033636
0 0.374091 0.495909 0.030000 0.031818
0 0.479091 0.454545 0.030909 0.034545
0 0.560909 0.454091 0.029091 0.031818
0 0.551818 0.535909 0.029091 0.031818
0 0.311364 0.454091 0.030000 0.033636
0 0.416364 0.494545 0.029091 0.030909
0 0.323182 0.576364 0.030000 0.030909
0 0.540909 0.495000 0.029091 0.031818
0 0.238636 0.576364 0.030000 0.030909
0 0.269091 0.454545 0.029091 0.034545
0 0.248636 0.495909 0.030000 0.031818
0 0.405909 0.576818 0.031818 0.031818
0 0.343636 0.536818 0.029091 0.031818
0 0.634091 0.516364 0.050000 0.072727
0 0.364545 0.576364 0.030909 0.030909
0 0.328182 0.617727 0.249091 0.030000
0 0.520455 0.454545 0.030000 0.034545
0 0.067727 0.618636 0.042727 0.033636
0 0.427273 0.536818 0.029091 0.031818
0 0.352273 0.454545 0.028182 0.032727
0 0.484545 0.616818 0.043636 0.031818
0 0.592727 0.535909 0.029091 0.031818
0 0.155909 0.576818 0.030000 0.031818
0 0.078182 0.538182 0.058182 0.032727
0 0.060000 0.454545 0.029091 0.032727
0 0.143636 0.455000 0.030909 0.033636
0 0.227273 0.454091 0.029091 0.033636
0 0.608182 0.575455 0.101818 0.029091
0 0.218636 0.537273 0.030000 0.032727
0 0.507273 0.510455 0.969091 0.315455
0 0.499091 0.495455 0.029091 0.030909
0 0.280909 0.576364 0.029091 0.030909
0 0.165909 0.495909 0.030000 0.033636
0 0.510455 0.536818 0.030000 0.031818
0 0.332273 0.495909 0.030000 0.031818
0 0.206364 0.495455 0.029091 0.032727
0 0.071818 0.497273 0.049091 0.032727
0 0.385000 0.536364 0.028182 0.030909
0 0.448182 0.575909 0.029091 0.030000
