0 0.279375 0.536667 0.027500 0.044444
0 0.110312 0.551111 0.056875 0.046667
0 0.385937 0.475000 0.025625 0.041111
0 0.547188 0.412778 0.025625 0.045556
0 0.507188 0.521667 0.028125 0.043333
0 0.147187 0.435000 0.028125 0.047778
0 0.488750 0.647778 0.046250 0.075556
0 0.580625 0.518333 0.028750 0.045556
0 0.369063 0.422778 0.025625 0.047778
0 0.160312 0.489444 0.029375 0.043333
0 0.451250 0.581667 0.028750 0.045556
0 0.877188 0.327222 0.054375 0.065556
0 0.600313 0.408889 0.060625 0.042222
0 0.528125 0.574444 0.030000 0.042222
0 0.200625 0.541111 0.027500 0.042222
0 0.185000 0.432778 0.026250 0.043333
0 0.087500 0.608333 0.046250 0.050000
0 0.110937 0.436667 0.028125 0.042222
0 0.215625 0.597222 0.033750 0.043333
0 0.433125 0.526667 0.027500 0.042222
0 0.531563 0.465556 0.026875 0.042222
0 0.511875 0.414444 0.026250 0.046667
0 0.332188 0.424444 0.026875 0.046667
0 0.470625 0.523889 0.027500 0.041111
0 0.221562 0.431111 0.026875 0.048889
0 0.295625 0.591667 0.031250 0.041111
0 0.636250 0.638889 0.050000 0.073333
0 0.404687 0.420556 0.025625 0.050000
0 0.134687 0.603889 0.034375 0.043333
0 0.317812 0.533889 0.028125 0.041111
0 0.544375 0.518889 0.027500 0.042222
0 0.374063 0.586111 0.029375 0.041111
0 0.334688 0.587222 0.030625 0.041111
0 0.601250 0.569444 0.097500 0.038889
0 0.111875 0.492222 0.051250 0.044444
0 0.164375 0.546667 0.032500 0.046667
0 0.615938 0.487222 0.054375 0.098889
0 0.489375 0.577778 0.027500 0.042222
0 0.348750 0.477222 0.026250 0.041111
0 0.182500 0.673333 0.050000 0.077778
0 0.336562 0.663889 0.249375 0.090000
0 0.311875 0.478889 0.026250 0.040000
0 0.440625 0.418889 0.026250 0.051111
0 0.239687 0.538333 0.028125 0.041111
0 0.422500 0.472222 0.025000 0.040000
0 0.476250 0.417222 0.026250 0.047778
0 0.235937 0.485000 0.025625 0.041111
0 0.174687 0.600000 0.034375 0.042222
0 0.357187 0.531111 0.028125 0.042222
0 0.459062 0.468889 0.026875 0.040000
0 0.274375 0.481111 0.027500 0.040000
0 0.077500 0.680556 0.052500 0.072222
0 0.255312 0.593889 0.031875 0.041111
0 0.495625 0.467778 0.026250 0.040000
0 0.198750 0.486111 0.027500 0.041111
0 0.567813 0.464444 0.026875 0.044444
0 0.258437 0.428333 0.026875 0.045556
0 0.503750 0.525000 0.960000 0.472222
0 0.295312 0.427222 0.026875 0.047778
0 0.412813 0.583333 0.028125 0.044444
0 0.394375 0.528333 0.026250 0.041111
