0 0.613571 0.593571 0.047143 0.032857
0 0.562857 0.593571 0.045714 0.032857
0 0.695000 0.628571 0.047143 0.034286
0 0.274286 0.627143 0.048571 0.034286
0 0.440714 0.665714 0.047143 0.034286
0 0.520714 0.704286 0.050000 0.037143
0 0.412143 0.704286 0.050000 0.037143
0 0.635000 0.747143 0.050000 0.045714
0 0.758571 0.666429 0.040000 0.035714
0 0.510714 0.592857 0.047143 0.031429
0 0.715714 0.594286 0.045714 0.031429
0 0.379286 0.628571 0.047143 0.034286
0 0.458571 0.593571 0.045714 0.030000
0 0.691429 0.747143 0.051429 0.045714
0 0.827143 0.704286 0.111429 0.037143
0 0.326429 0.627857 0.047143 0.032857
0 0.466429 0.703571 0.050000 0.035714
0 0.355714 0.592857 0.045714 0.031429
0 0.431429 0.627857 0.045714 0.032857
0 0.494286 0.665714 0.048571 0.034286
0 0.786429 0.628571 0.038571 0.034286
0 0.222143 0.627857 0.050000 0.032857
0 0.642143 0.629286 0.047143 0.032857
0 0.155714 0.592143 0.037143 0.030000
0 0.304286 0.592143 0.045714 0.032857
0 0.631429 0.705000 0.048571 0.035714
0 0.665000 0.593571 0.047143 0.032857
0 0.279286 0.664286 0.047143 0.034286
0 0.576429 0.704286 0.050000 0.037143
0 0.741429 0.704286 0.051429 0.037143
0 0.483571 0.629286 0.047143 0.032857
0 0.253571 0.592857 0.047143 0.031429
0 0.686429 0.705000 0.050000 0.035714
0 0.137143 0.702857 0.051429 0.037143
0 0.802857 0.665714 0.040000 0.037143
0 0.202857 0.592143 0.045714 0.032857
0 0.547143 0.665714 0.048571 0.034286
0 0.589286 0.628571 0.047143 0.034286
0 0.192857 0.702857 0.051429 0.037143
0 0.500000 0.661429 0.828571 0.245714
0 0.407143 0.593571 0.045714 0.030000
0 0.357143 0.703571 0.051429 0.035714
0 0.655000 0.666429 0.050000 0.035714
0 0.298571 0.746429 0.051429 0.047143
0 0.536429 0.629286 0.047143 0.032857
0 0.601429 0.666429 0.048571 0.035714
0 0.767143 0.594286 0.045714 0.031429
0 0.842857 0.648571 0.062857 0.071429
0 0.302143 0.703571 0.050000 0.035714
0 0.160000 0.663571 0.077143 0.035714
0 0.226429 0.664286 0.047143 0.034286
0 0.247857 0.702857 0.050000 0.037143
0 0.827857 0.594286 0.061429 0.031429
0 0.466429 0.747143 0.275714 0.045714
0 0.162143 0.625714 0.064286 0.034286
0 0.129286 0.745714 0.055714 0.045714
0 0.742143 0.629286 0.038571 0.032857
0 0.332857 0.665714 0.048571 0.034286
0 0.387143 0.665000 0.048571 0.035714
0 0.708571 0.667143 0.048571 0.034286
