0 0.704000 0.590090 0.054000 0.075933
0 0.889500 0.288932 0.073000 0.065637
0 0.420000 0.364865 0.054000 0.065637
0 0.756500 0.289575 0.055000 0.066924
0 0.481500 0.364865 0.055000 0.065637
0 0.247500 0.439511 0.055000 0.065637
0 0.186500 0.439511 0.055000 0.065637
0 0.781500 0.364865 0.043000 0.065637
0 0.095500 0.512870 0.053000 0.065637
0 0.583500 0.511583 0.055000 0.065637
0 0.388000 0.288932 0.056000 0.065637
0 0.573000 0.289575 0.054000 0.066924
0 0.110000 0.438867 0.084000 0.066924
0 0.280000 0.591377 0.056000 0.075933
0 0.461500 0.512227 0.055000 0.064350
0 0.891000 0.401544 0.062000 0.138996
0 0.831000 0.363578 0.044000 0.065637
0 0.764500 0.510940 0.055000 0.064350
0 0.264500 0.289575 0.057000 0.066924
0 0.141000 0.290219 0.054000 0.065637
0 0.085000 0.290219 0.042000 0.065637
0 0.495500 0.417632 0.911000 0.469755
0 0.340500 0.512870 0.055000 0.065637
0 0.234500 0.365508 0.055000 0.066924
0 0.615000 0.438224 0.054000 0.065637
0 0.173500 0.365508 0.057000 0.066924
0 0.309000 0.438867 0.054000 0.066924
0 0.218500 0.512870 0.055000 0.065637
0 0.279500 0.512870 0.055000 0.065637
0 0.818000 0.289575 0.054000 0.064350
0 0.696500 0.289575 0.055000 0.066924
0 0.541500 0.364865 0.055000 0.065637
0 0.553500 0.438224 0.055000 0.065637
0 0.326000 0.288932 0.054000 0.065637
0 0.643500 0.589447 0.055000 0.074646
0 0.725500 0.364865 0.055000 0.065637
0 0.736000 0.438867 0.054000 0.064350
0 0.097500 0.591377 0.055000 0.075933
0 0.841000 0.437580 0.042000 0.064350
0 0.634500 0.289575 0.055000 0.066924
0 0.664500 0.364865 0.055000 0.065637
0 0.644000 0.510940 0.054000 0.064350
0 0.202500 0.290219 0.057000 0.065637
0 0.603000 0.363578 0.054000 0.065637
0 0.402000 0.512870 0.054000 0.065637
0 0.370500 0.439511 0.055000 0.065637
0 0.358000 0.365508 0.056000 0.066924
0 0.791500 0.437580 0.043000 0.064350
0 0.523000 0.512870 0.054000 0.065637
0 0.859500 0.509653 0.119000 0.066924
0 0.157000 0.512870 0.056000 0.065637
0 0.492500 0.438867 0.055000 0.064350
0 0.101000 0.364221 0.072000 0.066924
0 0.431000 0.439511 0.054000 0.065637
0 0.461500 0.590090 0.293000 0.078507
0 0.704500 0.510940 0.055000 0.064350
0 0.296500 0.365508 0.055000 0.066924
0 0.450000 0.288932 0.056000 0.065637
0 0.512000 0.289575 0.054000 0.066924
0 0.676000 0.438224 0.054000 0.065637
