0 0.894701 0.203125 0.091033 0.078125
0 0.162364 0.202148 0.058424 0.076172
0 0.597826 0.379883 0.057065 0.076172
0 0.177989 0.465820 0.057065 0.076172
0 0.581522 0.291992 0.057065 0.076172
0 0.194293 0.291016 0.057065 0.078125
0 0.210598 0.378906 0.057065 0.078125
0 0.745245 0.204102 0.058424 0.076172
0 0.793478 0.379883 0.057065 0.076172
0 0.307065 0.467773 0.057065 0.076172
0 0.843071 0.291992 0.058424 0.076172
0 0.680707 0.204102 0.057065 0.076172
0 0.647418 0.291992 0.058424 0.076172
0 0.447011 0.563477 0.317935 0.095703
0 0.112772 0.466797 0.057065 0.078125
0 0.032609 0.201172 0.054348 0.074219
0 0.421875 0.203125 0.058424 0.074219
0 0.129755 0.290039 0.058424 0.076172
0 0.533288 0.379883 0.055707 0.076172
0 0.056386 0.377930 0.104620 0.080078
0 0.435462 0.467773 0.058424 0.076172
0 0.339674 0.379883 0.057065 0.076172
0 0.387908 0.291016 0.055707 0.074219
0 0.695652 0.467773 0.057065 0.072266
0 0.249321 0.563477 0.061141 0.091797
0 0.226223 0.203125 0.058424 0.078125
0 0.146060 0.377930 0.055707 0.076172
0 0.712636 0.564453 0.061141 0.089844
0 0.614810 0.204102 0.055707 0.076172
0 0.371603 0.467773 0.058424 0.076172
0 0.039402 0.562500 0.073370 0.093750
0 0.858016 0.379883 0.055707 0.076172
0 0.243207 0.465820 0.057065 0.076172
0 0.663043 0.379883 0.054348 0.076172
0 0.357337 0.202148 0.057065 0.076172
0 0.096467 0.202148 0.057065 0.076172
0 0.866848 0.467773 0.138587 0.076172
0 0.644701 0.565430 0.061141 0.091797
0 0.323370 0.291992 0.057065 0.072266
0 0.404212 0.379883 0.058424 0.076172
0 0.468750 0.379883 0.057065 0.076172
0 0.517663 0.291016 0.057065 0.078125
0 0.500679 0.468750 0.058424 0.078125
0 0.292120 0.202148 0.057065 0.076172
0 0.630435 0.467773 0.057065 0.076172
0 0.452446 0.291016 0.057065 0.078125
0 0.038723 0.466797 0.072011 0.078125
0 0.760190 0.468750 0.055707 0.074219
0 0.275815 0.379883 0.057065 0.076172
0 0.727582 0.380859 0.055707 0.074219
0 0.549592 0.204102 0.055707 0.076172
0 0.712636 0.291992 0.055707 0.076172
0 0.483016 0.358398 0.963315 0.583984
0 0.485734 0.204102 0.055707 0.076172
0 0.811821 0.202148 0.055707 0.076172
0 0.777853 0.291016 0.058424 0.078125
0 0.048234 0.290039 0.088315 0.080078
0 0.259511 0.291992 0.057065 0.076172
0 0.908967 0.334961 0.057065 0.169922
0 0.565217 0.468750 0.059783 0.078125
