0 0.379328 0.347826 0.043788 0.059783
0 0.256110 0.404212 0.043788 0.061141
0 0.187882 0.530571 0.043788 0.061141
0 0.475560 0.353261 0.042770 0.059783
0 0.557536 0.483016 0.041752 0.058424
0 0.167515 0.464674 0.043788 0.062500
0 0.459776 0.477582 0.041752 0.058424
0 0.138493 0.529212 0.044807 0.063859
0 0.483198 0.543478 0.045825 0.062500
0 0.234725 0.341033 0.043788 0.059783
0 0.098269 0.396739 0.066191 0.059783
0 0.532587 0.546875 0.042770 0.061141
0 0.609980 0.622962 0.054990 0.074728
0 0.330957 0.344429 0.042770 0.058424
0 0.335540 0.537364 0.043788 0.061141
0 0.433809 0.541440 0.042770 0.061141
0 0.186864 0.338995 0.043788 0.058424
0 0.751527 0.460598 0.071283 0.125000
0 0.252546 0.604620 0.057026 0.073370
0 0.605906 0.485734 0.042770 0.058424
0 0.265275 0.469429 0.043788 0.061141
0 0.283605 0.343071 0.041752 0.058424
0 0.703157 0.489810 0.043788 0.061141
0 0.581466 0.549592 0.042770 0.061141
0 0.450102 0.413723 0.042770 0.058424
0 0.304481 0.406250 0.042770 0.059783
0 0.520367 0.474864 0.961303 0.436141
0 0.094705 0.462636 0.069246 0.061141
0 0.428717 0.349864 0.042770 0.058424
0 0.362525 0.472826 0.042770 0.059783
0 0.555499 0.618886 0.047862 0.074728
0 0.629328 0.550951 0.042770 0.061141
0 0.352851 0.407609 0.041752 0.059783
0 0.508656 0.479620 0.041752 0.057065
0 0.654786 0.487772 0.042770 0.059783
0 0.642057 0.422554 0.043788 0.059783
0 0.742363 0.363451 0.095723 0.061141
0 0.407332 0.613451 0.240326 0.080163
0 0.593686 0.420516 0.042770 0.058424
0 0.081976 0.527174 0.056008 0.059783
0 0.216904 0.466712 0.042770 0.061141
0 0.545316 0.417799 0.041752 0.058424
0 0.081466 0.599185 0.071283 0.073370
0 0.384420 0.538723 0.043788 0.061141
0 0.313646 0.471467 0.042770 0.059783
0 0.138493 0.336277 0.042770 0.058424
0 0.619145 0.360054 0.042770 0.059783
0 0.411405 0.474864 0.042770 0.058424
0 0.207739 0.401495 0.042770 0.061141
0 0.401222 0.411005 0.042770 0.058424
0 0.725560 0.555707 0.133401 0.065217
0 0.690428 0.424592 0.042770 0.061141
0 0.571792 0.355978 0.041752 0.059783
0 0.286660 0.534647 0.043788 0.061141
0 0.089613 0.334239 0.042770 0.054348
0 0.524440 0.355299 0.042770 0.058424
0 0.498473 0.415761 0.041752 0.057065
0 0.667515 0.360734 0.041752 0.058424
0 0.237271 0.531929 0.042770 0.061141
0 0.159369 0.399457 0.043788 0.059783
