0 0.131916 0.556911 0.051957 0.154472
0 0.769906 0.205285 0.053981 0.158537
0 0.347503 0.731707 0.051282 0.154472
0 0.361673 0.382114 0.051282 0.154472
0 0.115047 0.381098 0.053306 0.160569
0 0.579285 0.205285 0.054656 0.158537
0 0.024291 0.201220 0.047233 0.158537
0 0.299933 0.384146 0.051957 0.154472
0 0.871457 0.201220 0.128880 0.162602
0 0.642713 0.205285 0.054656 0.158537
0 0.499325 0.503049 0.994602 0.985772
0 0.501350 0.558943 0.051282 0.154472
0 0.393050 0.206301 0.053306 0.156504
0 0.176113 0.380081 0.051282 0.158537
0 0.268893 0.207317 0.051957 0.154472
0 0.886977 0.472561 0.096491 0.351626
0 0.698043 0.911585 0.085695 0.156504
0 0.564103 0.558943 0.052632 0.158537
0 0.719636 0.736789 0.053306 0.152439
0 0.315789 0.556911 0.051282 0.154472
0 0.041835 0.902439 0.082321 0.158537
0 0.815452 0.559959 0.051957 0.156504
0 0.470310 0.734756 0.051282 0.152439
0 0.705803 0.206301 0.055331 0.160569
0 0.516869 0.207317 0.053981 0.158537
0 0.206478 0.207317 0.053981 0.158537
0 0.674426 0.382114 0.053306 0.158537
0 0.039811 0.377033 0.078273 0.160569
0 0.254386 0.557927 0.051282 0.152439
0 0.224696 0.729675 0.051282 0.154472
0 0.548246 0.382114 0.051957 0.154472
0 0.800607 0.383130 0.053306 0.160569
0 0.285762 0.731707 0.051957 0.154472
0 0.626518 0.558943 0.051957 0.154472
0 0.485830 0.382114 0.052632 0.158537
0 0.238192 0.381098 0.051282 0.156504
0 0.330297 0.206301 0.053306 0.156504
0 0.532389 0.734756 0.051282 0.156504
0 0.657220 0.736789 0.052632 0.152439
0 0.048583 0.551829 0.095816 0.160569
0 0.736505 0.383130 0.054656 0.160569
0 0.688934 0.559959 0.052632 0.156504
0 0.437584 0.907520 0.294872 0.160569
0 0.101889 0.728659 0.052632 0.160569
0 0.594467 0.735772 0.052632 0.150407
0 0.610324 0.383130 0.053306 0.156504
0 0.812416 0.737805 0.110661 0.158537
0 0.377530 0.556911 0.051957 0.154472
0 0.752362 0.558943 0.053981 0.158537
0 0.455466 0.207317 0.052632 0.158537
0 0.423752 0.382114 0.052632 0.158537
0 0.084345 0.205285 0.051282 0.158537
0 0.439271 0.556911 0.052632 0.154472
0 0.033063 0.728659 0.064777 0.160569
0 0.408570 0.732724 0.051957 0.152439
0 0.162955 0.731707 0.050607 0.154472
0 0.192982 0.556911 0.051282 0.154472
0 0.620445 0.910569 0.053306 0.154472
0 0.145412 0.205285 0.053306 0.158537
0 0.247301 0.907520 0.068151 0.160569
