0 0.454268 0.372892 0.039973 0.073494
0 0.300813 0.624699 0.040650 0.087952
0 0.704268 0.283735 0.041328 0.071084
0 0.408537 0.372289 0.040650 0.072289
0 0.635163 0.368675 0.041328 0.072289
0 0.463076 0.452410 0.039973 0.071084
0 0.277100 0.453614 0.042005 0.073494
0 0.476287 0.292169 0.039295 0.071084
0 0.221883 0.374699 0.042683 0.074699
0 0.152439 0.538554 0.054201 0.077108
0 0.588415 0.370482 0.041328 0.073494
0 0.777778 0.406024 0.043360 0.159036
0 0.206978 0.537952 0.041328 0.078313
0 0.681572 0.368072 0.043360 0.075904
0 0.269648 0.372892 0.042005 0.073494
0 0.576558 0.528916 0.040650 0.069880
0 0.553184 0.450602 0.039973 0.072289
0 0.657859 0.287349 0.042005 0.073494
0 0.417344 0.453012 0.039295 0.069880
0 0.611789 0.289759 0.042005 0.071084
0 0.544377 0.371687 0.039973 0.071084
0 0.644648 0.448795 0.041328 0.071084
0 0.566057 0.290964 0.041328 0.071084
0 0.691734 0.447590 0.042005 0.073494
0 0.622967 0.528313 0.041328 0.071084
0 0.198848 0.293373 0.041328 0.071084
0 0.165650 0.454819 0.076558 0.075904
0 0.598577 0.450000 0.041328 0.073494
0 0.316396 0.373494 0.042005 0.074699
0 0.729336 0.366265 0.042683 0.074699
0 0.395325 0.533133 0.039973 0.073494
0 0.430894 0.290964 0.040650 0.071084
0 0.465447 0.431928 0.712737 0.519277
0 0.521003 0.291566 0.040650 0.072289
0 0.385501 0.290964 0.040650 0.071084
0 0.246274 0.292169 0.042683 0.073494
0 0.485772 0.531928 0.040650 0.071084
0 0.623984 0.618675 0.042005 0.087952
0 0.300474 0.534940 0.041328 0.074699
0 0.230014 0.454217 0.041328 0.072289
0 0.292344 0.293373 0.042683 0.073494
0 0.669038 0.528313 0.042683 0.071084
0 0.530827 0.531325 0.039973 0.072289
0 0.738482 0.446386 0.042005 0.073494
0 0.362466 0.372892 0.042005 0.071084
0 0.440379 0.533133 0.040650 0.071084
0 0.371612 0.452410 0.039973 0.071084
0 0.161585 0.371084 0.065718 0.077108
0 0.339431 0.290361 0.040650 0.072289
0 0.763889 0.283735 0.067073 0.073494
0 0.348238 0.534337 0.042005 0.073494
0 0.324864 0.454217 0.041328 0.072289
0 0.498645 0.372289 0.040650 0.072289
0 0.507453 0.450602 0.039295 0.072289
0 0.747629 0.527108 0.105014 0.075904
0 0.253726 0.536747 0.041328 0.075904
0 0.149390 0.628916 0.056233 0.089157
0 0.152778 0.291566 0.041328 0.069880
0 0.577236 0.618072 0.040650 0.086747
0 0.439363 0.620482 0.222900 0.089157
