0 0.410000 0.423750 0.040000 0.040000
0 0.495625 0.380000 0.041250 0.040000
0 0.623125 0.468750 0.041250 0.040000
0 0.401250 0.379375 0.040000 0.041250
0 0.589375 0.379375 0.041250 0.041250
0 0.504375 0.424375 0.041250 0.041250
0 0.291875 0.469375 0.041250 0.041250
0 0.701250 0.468125 0.102500 0.041250
0 0.720000 0.333125 0.065000 0.041250
0 0.244375 0.469375 0.041250 0.041250
0 0.731250 0.401250 0.042500 0.087500
0 0.268125 0.424375 0.041250 0.041250
0 0.353750 0.379375 0.040000 0.041250
0 0.245625 0.518750 0.041250 0.047500
0 0.106875 0.423750 0.076250 0.042500
0 0.088750 0.333125 0.042500 0.041250
0 0.636875 0.379375 0.041250 0.041250
0 0.316250 0.423750 0.040000 0.040000
0 0.613125 0.334375 0.041250 0.041250
0 0.660625 0.333750 0.041250 0.040000
0 0.137500 0.333125 0.042500 0.041250
0 0.386875 0.469375 0.041250 0.041250
0 0.576250 0.517500 0.042500 0.047500
0 0.306250 0.379375 0.042500 0.041250
0 0.425000 0.335625 0.040000 0.041250
0 0.684375 0.379375 0.041250 0.041250
0 0.095625 0.470000 0.053750 0.042500
0 0.095000 0.518750 0.052500 0.050000
0 0.220000 0.424375 0.040000 0.041250
0 0.481250 0.469375 0.042500 0.041250
0 0.551250 0.423750 0.040000 0.040000
0 0.210625 0.379375 0.041250 0.041250
0 0.283125 0.334375 0.041250 0.041250
0 0.340000 0.469375 0.040000 0.041250
0 0.171875 0.424375 0.041250 0.041250
0 0.363125 0.424375 0.041250 0.041250
0 0.162500 0.379375 0.042500 0.041250
0 0.457500 0.423750 0.040000 0.040000
0 0.196875 0.470000 0.041250 0.042500
0 0.541875 0.379375 0.041250 0.041250
0 0.186250 0.334375 0.042500 0.041250
0 0.528750 0.468125 0.040000 0.041250
0 0.258125 0.379375 0.041250 0.041250
0 0.646250 0.423750 0.040000 0.040000
0 0.148750 0.469375 0.042500 0.041250
0 0.101250 0.378750 0.065000 0.042500
0 0.692500 0.423750 0.037500 0.040000
0 0.471875 0.335625 0.041250 0.041250
0 0.387500 0.518125 0.227500 0.048750
0 0.518750 0.334375 0.042500 0.041250
0 0.434375 0.469375 0.041250 0.041250
0 0.233750 0.334375 0.042500 0.041250
0 0.576250 0.468750 0.042500 0.040000
0 0.529375 0.517500 0.041250 0.047500
0 0.448125 0.380000 0.041250 0.040000
0 0.500000 0.415000 0.895000 0.295000
0 0.565625 0.334375 0.041250 0.041250
0 0.330625 0.334375 0.041250 0.041250
0 0.598750 0.423750 0.040000 0.040000
0 0.378125 0.334375 0.041250 0.041250
