0 0.404130 0.419941 0.039823 0.052063
0 0.247050 0.362475 0.038348 0.051081
0 0.765118 0.252947 0.061209 0.050098
0 0.606563 0.363458 0.039086 0.051081
0 0.709440 0.251473 0.038348 0.049116
0 0.471608 0.363458 0.039086 0.051081
0 0.597714 0.307466 0.039086 0.051081
0 0.508112 0.307466 0.039823 0.051081
0 0.174410 0.480354 0.047935 0.060904
0 0.336283 0.362967 0.038348 0.052063
0 0.674410 0.419941 0.039086 0.050098
0 0.539086 0.420923 0.039823 0.052063
0 0.619838 0.251965 0.039086 0.050098
0 0.396386 0.249018 0.039086 0.050098
0 0.426622 0.363458 0.039086 0.051081
0 0.187316 0.362475 0.070796 0.053045
0 0.687316 0.308448 0.038348 0.051081
0 0.530605 0.251473 0.039086 0.051081
0 0.351770 0.249018 0.038348 0.050098
0 0.485988 0.250982 0.038348 0.050098
0 0.173304 0.249018 0.038348 0.050098
0 0.418142 0.306483 0.038348 0.051081
0 0.306785 0.250491 0.039823 0.051081
0 0.283555 0.305992 0.039086 0.052063
0 0.463496 0.306483 0.039086 0.051081
0 0.449484 0.481336 0.216077 0.060904
0 0.562316 0.363458 0.039086 0.051081
0 0.553466 0.307466 0.039086 0.051081
0 0.381268 0.362967 0.038348 0.050098
0 0.223820 0.419450 0.040560 0.051081
0 0.696534 0.364440 0.039086 0.051081
0 0.575590 0.251965 0.040560 0.050098
0 0.651549 0.364440 0.039086 0.051081
0 0.731932 0.309430 0.039086 0.051081
0 0.174779 0.418959 0.047198 0.052063
0 0.314159 0.419450 0.039823 0.051081
0 0.584440 0.419941 0.039086 0.050098
0 0.183260 0.305992 0.061209 0.052063
0 0.516962 0.362967 0.038348 0.052063
0 0.358776 0.419450 0.039086 0.051081
0 0.629794 0.419941 0.039823 0.050098
0 0.238938 0.306483 0.039823 0.051081
0 0.776180 0.337426 0.040560 0.107073
0 0.664823 0.252947 0.039086 0.050098
0 0.449115 0.420923 0.039823 0.052063
0 0.373525 0.306483 0.039086 0.051081
0 0.291667 0.362475 0.039086 0.051081
0 0.747788 0.420923 0.097345 0.052063
0 0.476401 0.351179 0.671091 0.358546
0 0.441740 0.249509 0.039823 0.051081
0 0.313791 0.481827 0.039086 0.059921
0 0.494100 0.420923 0.039823 0.052063
0 0.262168 0.250000 0.039086 0.050098
0 0.217552 0.250000 0.038348 0.050098
0 0.328540 0.306483 0.039086 0.051081
0 0.584808 0.482809 0.039823 0.059921
0 0.642699 0.308448 0.039086 0.051081
0 0.269543 0.419941 0.039086 0.052063
0 0.739676 0.364440 0.035398 0.049116
0 0.629794 0.482809 0.039823 0.059921
