0 0.401055 0.484536 0.042216 0.092784
0 0.317942 0.590206 0.042216 0.087629
0 0.739446 0.802835 0.135884 0.090206
0 0.249340 0.805412 0.044855 0.090206
0 0.263193 0.591495 0.043536 0.090206
0 0.346966 0.483247 0.042216 0.090206
0 0.608179 0.698454 0.042216 0.087629
0 0.180079 0.484536 0.043536 0.092784
0 0.374670 0.591495 0.042216 0.090206
0 0.367414 0.916237 0.336412 0.100515
0 0.290237 0.483247 0.042216 0.090206
0 0.068602 0.483247 0.039578 0.090206
0 0.443272 0.698454 0.042216 0.092784
0 0.139182 0.802835 0.040897 0.090206
0 0.635884 0.804124 0.042216 0.087629
0 0.470976 0.806701 0.044855 0.092784
0 0.664248 0.697165 0.040897 0.090206
0 0.387203 0.698454 0.043536 0.087629
0 0.678760 0.483247 0.040897 0.090206
0 0.583113 0.804124 0.042216 0.087629
0 0.031662 0.588918 0.060686 0.090206
0 0.017150 0.481959 0.031662 0.092784
0 0.575198 0.912371 0.055409 0.092784
0 0.650396 0.590206 0.042216 0.092784
0 0.359499 0.802835 0.043536 0.090206
0 0.024406 0.804124 0.046174 0.087629
0 0.771108 0.646907 0.077836 0.206186
0 0.595646 0.588918 0.040897 0.090206
0 0.160290 0.912371 0.056728 0.097938
0 0.277045 0.698454 0.042216 0.087629
0 0.153034 0.588918 0.042216 0.090206
0 0.718338 0.697165 0.040897 0.090206
0 0.706464 0.590206 0.040897 0.092784
0 0.414908 0.805412 0.043536 0.090206
0 0.457124 0.483247 0.043536 0.090206
0 0.234828 0.483247 0.042216 0.090206
0 0.501319 0.630155 1.000000 0.744845
0 0.513193 0.483247 0.042216 0.090206
0 0.332454 0.697165 0.042216 0.085052
0 0.025066 0.913660 0.047493 0.100515
0 0.193931 0.804124 0.042216 0.087629
0 0.208443 0.591495 0.042216 0.095361
0 0.429420 0.591495 0.043536 0.090206
0 0.498681 0.697165 0.042216 0.090206
0 0.124670 0.484536 0.043536 0.092784
0 0.097625 0.591495 0.042216 0.095361
0 0.538918 0.590206 0.043536 0.087629
0 0.221636 0.697165 0.042216 0.090206
0 0.568602 0.483247 0.042216 0.090206
0 0.761214 0.480670 0.094987 0.090206
0 0.304749 0.804124 0.042216 0.087629
0 0.484169 0.590206 0.042216 0.087629
0 0.782322 0.911082 0.052770 0.095361
0 0.527704 0.805412 0.042216 0.090206
0 0.110818 0.695876 0.039578 0.087629
0 0.166227 0.697165 0.042216 0.090206
0 0.623351 0.483247 0.043536 0.090206
0 0.039578 0.697165 0.076517 0.090206
0 0.553430 0.697165 0.040897 0.090206
0 0.083773 0.804124 0.040897 0.092784
