0 0.793103 0.825130 0.052738 0.111399
0 0.342292 0.432642 0.039554 0.103627
0 0.059331 0.572539 0.088235 0.108808
0 0.409229 0.563472 0.039554 0.106218
0 0.386410 0.844560 0.334686 0.129534
0 0.396045 0.430052 0.037525 0.103627
0 0.578600 0.297927 0.037525 0.108808
0 0.125254 0.437824 0.043611 0.108808
0 0.104462 0.707254 0.044625 0.113990
0 0.552231 0.428756 0.037525 0.101036
0 0.525862 0.296632 0.039554 0.116580
0 0.246957 0.568653 0.041582 0.106218
0 0.235801 0.435233 0.041582 0.108808
0 0.474138 0.299223 0.037525 0.116580
0 0.040568 0.712435 0.056795 0.108808
0 0.629817 0.294041 0.038540 0.111399
0 0.355477 0.564767 0.039554 0.103627
0 0.160243 0.709845 0.042596 0.113990
0 0.179006 0.849741 0.059838 0.119171
0 0.448276 0.428756 0.038540 0.106218
0 0.153651 0.301813 0.041582 0.111399
0 0.724645 0.558290 0.037525 0.106218
0 0.490365 0.696891 0.041582 0.113990
0 0.772819 0.490933 0.068966 0.240933
0 0.301217 0.567358 0.040568 0.103627
0 0.596856 0.695596 0.037525 0.106218
0 0.436613 0.696891 0.041582 0.108808
0 0.566430 0.560881 0.037525 0.106218
0 0.099899 0.300518 0.039554 0.108808
0 0.657201 0.428756 0.036511 0.106218
0 0.181034 0.437824 0.041582 0.108808
0 0.620183 0.559585 0.037525 0.103627
0 0.515213 0.560881 0.038540 0.106218
0 0.672414 0.558290 0.036511 0.106218
0 0.461968 0.560881 0.037525 0.106218
0 0.055274 0.435233 0.069980 0.103627
0 0.501014 0.518135 1.000000 0.917098
0 0.217039 0.705959 0.042596 0.106218
0 0.708418 0.427461 0.037525 0.108808
0 0.044625 0.300518 0.040568 0.108808
0 0.499493 0.428756 0.037525 0.101036
0 0.757606 0.290155 0.087221 0.113990
0 0.327586 0.699482 0.040568 0.108808
0 0.192191 0.569948 0.041582 0.103627
0 0.544118 0.695596 0.037525 0.106218
0 0.262677 0.299223 0.040568 0.111399
0 0.135903 0.569948 0.040568 0.108808
0 0.681034 0.295337 0.035497 0.108808
0 0.593306 0.831606 0.052738 0.113990
0 0.289047 0.432642 0.040568 0.103627
0 0.604462 0.427461 0.036511 0.103627
0 0.370690 0.300518 0.039554 0.108808
0 0.649087 0.690415 0.038540 0.106218
0 0.315923 0.301813 0.039554 0.111399
0 0.272819 0.703368 0.042596 0.106218
0 0.208925 0.299223 0.040568 0.111399
0 0.748479 0.689119 0.131846 0.108808
0 0.036511 0.854922 0.058824 0.119171
0 0.382860 0.698187 0.041582 0.106218
0 0.422414 0.300518 0.039554 0.113990
