0 0.703750 0.535833 0.046250 0.050000
0 0.540937 0.320833 0.043125 0.046667
0 0.653125 0.481250 0.045000 0.049167
0 0.257812 0.480000 0.045625 0.050000
0 0.226250 0.371667 0.045000 0.048333
0 0.405625 0.480417 0.045000 0.049167
0 0.504687 0.480833 0.045625 0.050000
0 0.636563 0.321667 0.044375 0.046667
0 0.554688 0.481250 0.045625 0.049167
0 0.235313 0.424583 0.044375 0.047500
0 0.163750 0.318750 0.031250 0.044167
0 0.493750 0.430417 0.780000 0.367500
0 0.517188 0.373333 0.044375 0.048333
0 0.349375 0.320417 0.042500 0.045833
0 0.758125 0.374167 0.043750 0.046667
0 0.275000 0.372083 0.043750 0.047500
0 0.356563 0.480417 0.045625 0.049167
0 0.480312 0.426250 0.044375 0.049167
0 0.627188 0.427083 0.044375 0.049167
0 0.153125 0.533750 0.047500 0.050833
0 0.332813 0.425833 0.044375 0.048333
0 0.604062 0.535417 0.045625 0.050833
0 0.493437 0.320833 0.043125 0.046667
0 0.284062 0.425417 0.044375 0.047500
0 0.455313 0.480417 0.045625 0.049167
0 0.371563 0.372917 0.044375 0.047500
0 0.772813 0.427500 0.044375 0.048333
0 0.303125 0.535417 0.046250 0.050833
0 0.529375 0.426250 0.045000 0.049167
0 0.171875 0.370417 0.056250 0.047500
0 0.419687 0.372083 0.044375 0.047500
0 0.578750 0.426667 0.045000 0.050000
0 0.174063 0.423750 0.069375 0.049167
0 0.613437 0.373750 0.044375 0.049167
0 0.205625 0.319583 0.043750 0.045833
0 0.603437 0.481250 0.044375 0.049167
0 0.157500 0.478333 0.046250 0.050000
0 0.323437 0.372083 0.044375 0.047500
0 0.701875 0.480833 0.045000 0.048333
0 0.430937 0.425833 0.044375 0.048333
0 0.662188 0.374167 0.044375 0.048333
0 0.813750 0.400833 0.060000 0.100000
0 0.724688 0.427500 0.045625 0.048333
0 0.468750 0.373333 0.043750 0.048333
0 0.683750 0.322083 0.043750 0.045833
0 0.396875 0.320417 0.043750 0.045833
0 0.306875 0.479583 0.045000 0.049167
0 0.565937 0.372917 0.044375 0.047500
0 0.797188 0.321667 0.079375 0.045000
0 0.589063 0.320833 0.044375 0.046667
0 0.301563 0.320000 0.044375 0.046667
0 0.675625 0.427500 0.045000 0.048333
0 0.787813 0.480000 0.119375 0.048333
0 0.207500 0.478333 0.046250 0.050000
0 0.254063 0.319583 0.044375 0.045833
0 0.445312 0.320417 0.043125 0.045833
0 0.731563 0.322083 0.043125 0.045833
0 0.382188 0.425833 0.044375 0.048333
0 0.709688 0.374583 0.044375 0.047500
0 0.454375 0.535000 0.246250 0.050000
