0 0.461667 0.582500 0.040000 0.031667
0 0.315833 0.512500 0.028333 0.031667
0 0.377500 0.476667 0.028333 0.033333
0 0.552500 0.477500 0.031667 0.035000
0 0.290000 0.441667 0.030000 0.033333
0 0.500000 0.490000 0.836667 0.293333
0 0.500000 0.442500 0.030000 0.031667
0 0.166667 0.477500 0.030000 0.031667
0 0.202500 0.475833 0.028333 0.031667
0 0.535000 0.442500 0.030000 0.031667
0 0.395000 0.441667 0.030000 0.033333
0 0.508333 0.546667 0.030000 0.033333
0 0.298333 0.546667 0.030000 0.030000
0 0.117500 0.546667 0.038333 0.030000
0 0.526667 0.512500 0.030000 0.031667
0 0.588333 0.441667 0.066667 0.033333
0 0.263333 0.546667 0.030000 0.030000
0 0.482500 0.476667 0.031667 0.033333
0 0.210833 0.512500 0.028333 0.031667
0 0.338333 0.582500 0.196667 0.031667
0 0.193333 0.546667 0.030000 0.030000
0 0.341667 0.476667 0.030000 0.033333
0 0.175833 0.512500 0.028333 0.031667
0 0.280833 0.511667 0.028333 0.030000
0 0.575833 0.546667 0.091667 0.030000
0 0.229167 0.546667 0.028333 0.030000
0 0.306667 0.476667 0.030000 0.033333
0 0.412500 0.477500 0.028333 0.031667
0 0.215833 0.581667 0.038333 0.033333
0 0.517500 0.477500 0.031667 0.035000
0 0.597500 0.582500 0.051667 0.035000
0 0.271667 0.476667 0.030000 0.033333
0 0.473333 0.547500 0.030000 0.031667
0 0.456667 0.512500 0.030000 0.031667
0 0.465833 0.441667 0.031667 0.033333
0 0.447500 0.476667 0.028333 0.033333
0 0.220000 0.441667 0.030000 0.033333
0 0.405000 0.547500 0.030000 0.031667
0 0.158333 0.546667 0.030000 0.033333
0 0.236667 0.476667 0.030000 0.033333
0 0.360000 0.441667 0.030000 0.033333
0 0.597500 0.494167 0.048333 0.071667
0 0.245833 0.512500 0.028333 0.031667
0 0.112500 0.440833 0.031667 0.031667
0 0.386667 0.512500 0.030000 0.031667
0 0.430833 0.441667 0.031667 0.033333
0 0.185000 0.441667 0.030000 0.033333
0 0.561667 0.511667 0.030000 0.033333
0 0.351667 0.512500 0.030000 0.031667
0 0.325000 0.441667 0.030000 0.033333
0 0.122500 0.476667 0.048333 0.030000
0 0.421667 0.512500 0.030000 0.031667
0 0.149167 0.442500 0.028333 0.035000
0 0.368333 0.546667 0.030000 0.030000
0 0.333333 0.545833 0.030000 0.031667
0 0.127500 0.511667 0.055000 0.030000
0 0.491667 0.512500 0.030000 0.031667
0 0.255000 0.442500 0.030000 0.031667
0 0.438333 0.546667 0.030000 0.033333
0 0.121667 0.582500 0.050000 0.031667
