0 0.194960 0.443021 0.034483 0.050353
0 0.289125 0.656802 0.226790 0.050353
0 0.464191 0.550795 0.030504 0.048587
0 0.586207 0.525177 0.054377 0.105124
0 0.047745 0.496025 0.049072 0.050353
0 0.335212 0.497350 0.032493 0.047703
0 0.453912 0.497350 0.031167 0.049470
0 0.147546 0.655035 0.044430 0.050353
0 0.283488 0.602473 0.033820 0.049470
0 0.514257 0.445230 0.031167 0.047703
0 0.234748 0.443463 0.034483 0.051237
0 0.052056 0.549470 0.060345 0.049470
0 0.184350 0.549028 0.034483 0.046820
0 0.375332 0.497350 0.030504 0.047703
0 0.443634 0.602915 0.030504 0.048587
0 0.076260 0.443021 0.038462 0.052120
0 0.214523 0.496025 0.035146 0.048587
0 0.244695 0.602032 0.030504 0.048587
0 0.356101 0.445671 0.033156 0.052120
0 0.494032 0.497792 0.031830 0.048587
0 0.434682 0.445230 0.031167 0.051237
0 0.395557 0.444788 0.031167 0.050353
0 0.343833 0.549028 0.029841 0.048587
0 0.424403 0.550353 0.030504 0.047703
0 0.385610 0.549912 0.031167 0.048587
0 0.535146 0.497350 0.033156 0.049470
0 0.043767 0.655035 0.057029 0.053887
0 0.037798 0.442138 0.031830 0.048587
0 0.203912 0.602032 0.032493 0.048587
0 0.316313 0.444788 0.031830 0.052120
0 0.576260 0.445230 0.076923 0.051237
0 0.144231 0.548587 0.032493 0.047703
0 0.483753 0.603357 0.029841 0.047703
0 0.135610 0.496025 0.033820 0.048587
0 0.473806 0.445230 0.031167 0.049470
0 0.365385 0.603799 0.033156 0.050353
0 0.155504 0.443463 0.035146 0.053004
0 0.505637 0.550795 0.032493 0.048587
0 0.429708 0.656360 0.046419 0.051237
0 0.324934 0.602915 0.031830 0.048587
0 0.264589 0.549470 0.031830 0.047703
0 0.105106 0.548145 0.031167 0.046820
0 0.487732 0.518993 0.974138 0.447880
0 0.095159 0.495583 0.036472 0.047703
0 0.124005 0.601590 0.031830 0.049470
0 0.559350 0.602915 0.102785 0.048587
0 0.294761 0.496908 0.031167 0.048587
0 0.254310 0.496025 0.035146 0.046820
0 0.275199 0.443905 0.035809 0.050353
0 0.414456 0.498233 0.031830 0.047703
0 0.174735 0.496025 0.033820 0.048587
0 0.544761 0.551237 0.031167 0.049470
0 0.404509 0.603357 0.031830 0.049470
0 0.585544 0.658127 0.057029 0.053004
0 0.225133 0.549028 0.029841 0.046820
0 0.084549 0.601148 0.033820 0.052120
0 0.163462 0.601590 0.032493 0.049470
0 0.117042 0.443463 0.035146 0.051237
0 0.305371 0.549912 0.029841 0.046820
0 0.039456 0.602473 0.043103 0.047703
