0 0.490728 0.503326 0.980082 0.931264
0 0.304602 0.548226 0.072115 0.109756
0 0.586195 0.762749 0.073489 0.124169
0 0.489011 0.616962 0.071429 0.116408
0 0.350618 0.458426 0.070742 0.105322
0 0.233860 0.216186 0.067995 0.097561
0 0.769918 0.400776 0.065934 0.107539
0 0.411401 0.481153 0.068681 0.104213
0 0.022665 0.439024 0.043956 0.108647
0 0.718750 0.813747 0.072115 0.124169
0 0.615385 0.661863 0.070055 0.113082
0 0.177198 0.198448 0.067308 0.097561
0 0.019574 0.534368 0.037775 0.115299
0 0.595810 0.547672 0.069368 0.110865
0 0.055632 0.252772 0.082418 0.106430
0 0.292582 0.335920 0.068681 0.097561
0 0.371223 0.684590 0.368819 0.227273
0 0.068338 0.459534 0.070742 0.107539
0 0.290522 0.437361 0.068681 0.105322
0 0.046703 0.348115 0.092033 0.115299
0 0.722184 0.592572 0.069368 0.109756
0 0.467033 0.297118 0.067308 0.104213
0 0.350962 0.356430 0.068681 0.100887
0 0.592376 0.441242 0.070742 0.106430
0 0.348214 0.256098 0.067308 0.099778
0 0.066277 0.160754 0.066621 0.095344
0 0.244849 0.524390 0.072115 0.106430
0 0.161401 0.603104 0.074176 0.115299
0 0.654533 0.463969 0.070055 0.107539
0 0.470810 0.398559 0.069368 0.103104
0 0.365041 0.570953 0.073489 0.113082
0 0.531250 0.419069 0.070742 0.104213
0 0.119849 0.276053 0.069368 0.101996
0 0.679945 0.684035 0.070055 0.115299
0 0.173077 0.394678 0.068681 0.104213
0 0.647321 0.359202 0.067995 0.106430
0 0.853022 0.592572 0.086538 0.229490
0 0.534684 0.526053 0.070742 0.107539
0 0.290865 0.236142 0.067995 0.099778
0 0.715659 0.485588 0.068681 0.108647
0 0.176854 0.295455 0.066621 0.103104
0 0.126030 0.482262 0.070742 0.108647
0 0.184409 0.502772 0.072115 0.107539
0 0.231799 0.415743 0.070742 0.101996
0 0.234890 0.315410 0.070055 0.100887
0 0.121223 0.177938 0.066621 0.096452
0 0.525755 0.317073 0.069368 0.104213
0 0.850962 0.429601 0.101648 0.120843
0 0.407624 0.277162 0.067995 0.101996
0 0.786745 0.616408 0.070742 0.113082
0 0.551854 0.638027 0.072115 0.114191
0 0.779533 0.507206 0.070055 0.109756
0 0.426511 0.593126 0.071429 0.113082
0 0.586882 0.337583 0.067995 0.105322
0 0.410371 0.378049 0.069368 0.101996
0 0.472184 0.503326 0.069368 0.108647
0 0.115385 0.374723 0.068681 0.104213
0 0.658654 0.570953 0.070055 0.108647
0 0.763393 0.714523 0.111951 0.125277
0 0.707418 0.379712 0.065934 0.105322
