0 0.738201 0.565815 0.054572 0.058939
0 0.546091 0.312377 0.050885 0.055010
0 0.678466 0.501473 0.053097 0.057957
0 0.212021 0.500000 0.053835 0.058939
0 0.174779 0.372299 0.053097 0.056974
0 0.386431 0.500491 0.053097 0.057957
0 0.503319 0.500982 0.053835 0.058939
0 0.658923 0.313360 0.052360 0.055010
0 0.562316 0.501473 0.053835 0.057957
0 0.185472 0.434676 0.052360 0.055992
0 0.101032 0.309921 0.036873 0.052063
0 0.490413 0.441552 0.920354 0.433202
0 0.518068 0.374263 0.052360 0.056974
0 0.320059 0.311886 0.050147 0.054028
0 0.802360 0.375246 0.051622 0.055010
0 0.232301 0.372790 0.051622 0.055992
0 0.328540 0.500491 0.053835 0.057957
0 0.474558 0.436640 0.052360 0.057957
0 0.647861 0.437623 0.052360 0.057957
0 0.088496 0.563360 0.056047 0.059921
0 0.300516 0.436149 0.052360 0.056974
0 0.620575 0.565324 0.053835 0.059921
0 0.490044 0.312377 0.050885 0.055010
0 0.242994 0.435658 0.052360 0.055992
0 0.445059 0.500491 0.053835 0.057957
0 0.346239 0.373772 0.052360 0.055992
0 0.819690 0.438114 0.052360 0.056974
0 0.265487 0.565324 0.054572 0.059921
0 0.532448 0.436640 0.053097 0.057957
0 0.110619 0.370825 0.066372 0.055992
0 0.403024 0.372790 0.052360 0.055992
0 0.590708 0.437132 0.053097 0.058939
0 0.113201 0.433694 0.081858 0.057957
0 0.631637 0.374754 0.052360 0.057957
0 0.150442 0.310904 0.051622 0.054028
0 0.619838 0.501473 0.052360 0.057957
0 0.093658 0.498035 0.054572 0.058939
0 0.289454 0.372790 0.052360 0.055992
0 0.735988 0.500982 0.053097 0.056974
0 0.416298 0.436149 0.052360 0.056974
0 0.689159 0.375246 0.052360 0.056974
0 0.867994 0.406680 0.070796 0.117878
0 0.762906 0.438114 0.053835 0.056974
0 0.460914 0.374263 0.051622 0.056974
0 0.714602 0.313851 0.051622 0.054028
0 0.376106 0.311886 0.051622 0.054028
0 0.269912 0.499509 0.053097 0.057957
0 0.575590 0.373772 0.052360 0.055992
0 0.848451 0.313360 0.093658 0.053045
0 0.602876 0.312377 0.052360 0.055010
0 0.263643 0.311395 0.052360 0.055010
0 0.705015 0.438114 0.053097 0.056974
0 0.837389 0.500000 0.140855 0.056974
0 0.152655 0.498035 0.054572 0.058939
0 0.207596 0.310904 0.052360 0.054028
0 0.433260 0.311886 0.050885 0.054028
0 0.771018 0.313851 0.050885 0.054028
0 0.358776 0.436149 0.052360 0.056974
0 0.745206 0.375737 0.052360 0.055992
0 0.443953 0.564833 0.290560 0.058939
