0 0.371250 0.592871 0.032500 0.045028
0 0.205625 0.637899 0.031250 0.045028
0 0.553750 0.596623 0.032500 0.045028
0 0.168750 0.637899 0.032500 0.048780
0 0.276875 0.641651 0.031250 0.045028
0 0.349375 0.494371 0.031250 0.043152
0 0.604375 0.646341 0.096250 0.046904
0 0.143125 0.584428 0.058750 0.043152
0 0.119375 0.688555 0.048750 0.052533
0 0.146250 0.536585 0.047500 0.041276
0 0.589375 0.596623 0.031250 0.045028
0 0.227500 0.588180 0.032500 0.043152
0 0.263125 0.590056 0.031250 0.043152
0 0.461250 0.698874 0.035000 0.050657
0 0.424375 0.645403 0.033750 0.048780
0 0.314375 0.642589 0.033750 0.046904
0 0.621875 0.572233 0.051250 0.093809
0 0.335000 0.590994 0.032500 0.045028
0 0.348750 0.696060 0.182500 0.052533
0 0.188750 0.536585 0.030000 0.041276
0 0.280000 0.492495 0.030000 0.043152
0 0.259375 0.538462 0.031250 0.045028
0 0.143750 0.488743 0.035000 0.043152
0 0.535625 0.646341 0.033750 0.046904
0 0.506875 0.545028 0.031250 0.043152
0 0.479375 0.594747 0.031250 0.045028
0 0.128125 0.635084 0.043750 0.046904
0 0.236250 0.692308 0.035000 0.048780
0 0.524375 0.498124 0.031250 0.043152
0 0.400000 0.544090 0.032500 0.045028
0 0.542500 0.545028 0.032500 0.043152
0 0.454375 0.599437 0.731250 0.343340
0 0.350000 0.643527 0.032500 0.048780
0 0.453750 0.496248 0.032500 0.043152
0 0.443750 0.593809 0.032500 0.046904
0 0.436250 0.544090 0.032500 0.045028
0 0.294375 0.539400 0.031250 0.043152
0 0.559375 0.498124 0.031250 0.043152
0 0.419375 0.495310 0.031250 0.045028
0 0.328750 0.541276 0.030000 0.043152
0 0.223750 0.537523 0.032500 0.043152
0 0.384375 0.493433 0.031250 0.045028
0 0.489375 0.497186 0.031250 0.041276
0 0.315000 0.492495 0.032500 0.043152
0 0.211250 0.489681 0.032500 0.041276
0 0.298750 0.590056 0.030000 0.043152
0 0.192500 0.586304 0.032500 0.043152
0 0.387500 0.644465 0.032500 0.046904
0 0.461250 0.645403 0.032500 0.048780
0 0.241250 0.639775 0.032500 0.045028
0 0.407500 0.592871 0.032500 0.045028
0 0.516875 0.594747 0.031250 0.045028
0 0.365000 0.541276 0.032500 0.043152
0 0.178125 0.489681 0.028750 0.045028
0 0.245000 0.490619 0.032500 0.043152
0 0.536250 0.699812 0.035000 0.048780
0 0.471250 0.545028 0.032500 0.043152
0 0.498125 0.646341 0.033750 0.046904
0 0.578750 0.545966 0.032500 0.045028
0 0.610625 0.500000 0.066250 0.039400
