0 0.373485 0.333333 0.046970 0.070423
0 0.216667 0.335681 0.045455 0.065728
0 0.079545 0.190141 0.046970 0.065728
0 0.206061 0.261737 0.045455 0.068075
0 0.050758 0.264085 0.046970 0.068075
0 0.595455 0.181925 0.045455 0.068075
0 0.112121 0.336854 0.045455 0.068075
0 0.450000 0.485915 0.042424 0.070423
0 0.309091 0.258216 0.045455 0.070423
0 0.337121 0.185446 0.046970 0.065728
0 0.012879 0.414319 0.022727 0.068075
0 0.682576 0.292254 0.062121 0.147887
0 0.293939 0.489437 0.257576 0.072770
0 0.491667 0.183099 0.046970 0.065728
0 0.293939 0.410798 0.048485 0.070423
0 0.425758 0.333333 0.045455 0.070423
0 0.060606 0.336854 0.045455 0.068075
0 0.557576 0.408451 0.048485 0.070423
0 0.399242 0.409624 0.046970 0.072770
0 0.233333 0.185446 0.045455 0.065728
0 0.257576 0.259390 0.045455 0.068075
0 0.028788 0.190141 0.045455 0.065728
0 0.478030 0.332160 0.046970 0.068075
0 0.241667 0.410798 0.046970 0.070423
0 0.102273 0.262911 0.046970 0.070423
0 0.621970 0.255869 0.046970 0.070423
0 0.543182 0.485915 0.040909 0.070423
0 0.543182 0.181925 0.046970 0.068075
0 0.361364 0.258216 0.046970 0.070423
0 0.015909 0.264085 0.028788 0.068075
0 0.321212 0.334507 0.045455 0.068075
0 0.188636 0.413146 0.046970 0.070423
0 0.440152 0.183099 0.046970 0.065728
0 0.134848 0.490610 0.048485 0.070423
0 0.452273 0.408451 0.046970 0.070423
0 0.531061 0.332160 0.046970 0.068075
0 0.387879 0.184272 0.045455 0.068075
0 0.635606 0.332160 0.046970 0.068075
0 0.181818 0.187793 0.045455 0.065728
0 0.137121 0.413146 0.046970 0.070423
0 0.268182 0.334507 0.045455 0.068075
0 0.009091 0.188967 0.015152 0.063380
0 0.650000 0.406103 0.127273 0.070423
0 0.346212 0.410798 0.046970 0.070423
0 0.284848 0.185446 0.045455 0.065728
0 0.164394 0.336854 0.046970 0.068075
0 0.153788 0.261737 0.046970 0.068075
0 0.464394 0.257042 0.046970 0.068075
0 0.032576 0.414319 0.046970 0.068075
0 0.084091 0.414319 0.046970 0.068075
0 0.412879 0.257042 0.046970 0.068075
0 0.665909 0.179577 0.083333 0.068075
0 0.473485 0.325117 0.943939 0.514085
0 0.018939 0.338028 0.034848 0.070423
0 0.584091 0.330986 0.046970 0.070423
0 0.013636 0.491784 0.024242 0.072770
0 0.569697 0.257042 0.048485 0.068075
0 0.131061 0.187793 0.046970 0.065728
0 0.504545 0.408451 0.048485 0.070423
0 0.517424 0.257042 0.046970 0.068075
