0 0.275333 0.536804 0.036000 0.046679
0 0.458000 0.483842 0.036000 0.044883
0 0.052667 0.482944 0.038667 0.050269
0 0.378000 0.484740 0.036000 0.046679
0 0.610667 0.566427 0.058667 0.109515
0 0.266000 0.645422 0.036000 0.044883
0 0.169333 0.701975 0.048000 0.050269
0 0.438000 0.538600 0.036000 0.046679
0 0.165333 0.592460 0.037333 0.050269
0 0.103333 0.646320 0.036000 0.050269
0 0.418000 0.483842 0.036000 0.044883
0 0.346667 0.646320 0.037333 0.046679
0 0.495333 0.550269 0.966667 0.472172
0 0.310667 0.701077 0.229333 0.052065
0 0.488667 0.592460 0.036000 0.046679
0 0.558667 0.539497 0.037333 0.048474
0 0.518000 0.537702 0.036000 0.048474
0 0.338000 0.483842 0.036000 0.048474
0 0.452667 0.702873 0.046667 0.052065
0 0.305333 0.646320 0.037333 0.046679
0 0.175333 0.482047 0.036000 0.048474
0 0.215333 0.482944 0.036000 0.046679
0 0.478667 0.537702 0.034667 0.044883
0 0.094667 0.483842 0.037333 0.048474
0 0.398000 0.538600 0.036000 0.046679
0 0.568667 0.591562 0.036000 0.044883
0 0.296000 0.483842 0.037333 0.048474
0 0.357333 0.539497 0.037333 0.048474
0 0.194667 0.537702 0.037333 0.048474
0 0.610000 0.704668 0.062667 0.052065
0 0.368000 0.592460 0.037333 0.046679
0 0.224667 0.645422 0.036000 0.044883
0 0.528667 0.593357 0.036000 0.048474
0 0.498000 0.483842 0.036000 0.044883
0 0.063333 0.536804 0.057333 0.050269
0 0.584667 0.645422 0.108000 0.044883
0 0.600000 0.483842 0.080000 0.044883
0 0.205333 0.593357 0.034667 0.048474
0 0.154667 0.535907 0.034667 0.044883
0 0.467333 0.643627 0.036000 0.044883
0 0.062667 0.702873 0.061333 0.052065
0 0.068667 0.592460 0.068000 0.050269
0 0.235333 0.537702 0.036000 0.048474
0 0.245333 0.592460 0.037333 0.046679
0 0.124667 0.591562 0.036000 0.048474
0 0.144667 0.646320 0.036000 0.050269
0 0.427333 0.646320 0.036000 0.046679
0 0.057333 0.648115 0.048000 0.050269
0 0.135333 0.482047 0.036000 0.048474
0 0.447333 0.592460 0.036000 0.046679
0 0.316667 0.537702 0.036000 0.044883
0 0.286000 0.592460 0.036000 0.046679
0 0.408667 0.593357 0.036000 0.048474
0 0.184000 0.645422 0.034667 0.044883
0 0.114667 0.538600 0.037333 0.050269
0 0.387333 0.647217 0.036000 0.048474
0 0.538667 0.484740 0.037333 0.046679
0 0.327333 0.592460 0.038667 0.046679
0 0.507333 0.645422 0.036000 0.044883
0 0.255333 0.482944 0.036000 0.046679
