0 0.519894 0.515901 0.961538 0.492933
0 0.215849 0.483657 0.035146 0.052120
0 0.349801 0.484099 0.035146 0.049470
0 0.155504 0.427562 0.036472 0.051237
0 0.249337 0.598498 0.034483 0.050353
0 0.512268 0.597615 0.037798 0.052120
0 0.248342 0.658569 0.035146 0.052120
0 0.244363 0.426237 0.037798 0.050353
0 0.554708 0.598498 0.035146 0.048587
0 0.422414 0.428445 0.035809 0.051237
0 0.199602 0.427120 0.035809 0.050353
0 0.594828 0.429329 0.035809 0.051237
0 0.110080 0.426237 0.034483 0.048587
0 0.305703 0.483657 0.035809 0.052120
0 0.577918 0.541961 0.035146 0.048587
0 0.674072 0.598498 0.106764 0.052120
0 0.623342 0.655035 0.037135 0.053887
0 0.229111 0.541519 0.035146 0.051237
0 0.318302 0.540636 0.034483 0.047703
0 0.703912 0.487191 0.049735 0.053887
0 0.260279 0.483216 0.036472 0.053004
0 0.492706 0.540194 0.034483 0.050353
0 0.126989 0.542403 0.062997 0.053004
0 0.652188 0.486307 0.037798 0.055654
0 0.508621 0.430212 0.037135 0.053004
0 0.687334 0.542845 0.081565 0.053887
0 0.361737 0.540194 0.033820 0.048587
0 0.436671 0.484099 0.036472 0.051237
0 0.609085 0.484982 0.037798 0.054770
0 0.115716 0.659894 0.037798 0.053004
0 0.566645 0.484099 0.036472 0.051237
0 0.333886 0.426678 0.036472 0.051237
0 0.137599 0.600265 0.081565 0.052120
0 0.466180 0.429770 0.037135 0.050353
0 0.184682 0.541961 0.033820 0.050353
0 0.480106 0.483657 0.035809 0.050353
0 0.449602 0.540194 0.034483 0.048587
0 0.377984 0.427120 0.035809 0.050353
0 0.536472 0.541519 0.034483 0.049470
0 0.406167 0.540636 0.035146 0.049470
0 0.170756 0.484541 0.036472 0.052120
0 0.393568 0.483216 0.035146 0.049470
0 0.425729 0.596731 0.035809 0.052120
0 0.621353 0.541519 0.037135 0.051237
0 0.338196 0.597615 0.034483 0.050353
0 0.374337 0.655477 0.192971 0.051237
0 0.274204 0.540636 0.033820 0.049470
0 0.637931 0.430654 0.037135 0.050353
0 0.469164 0.598498 0.036472 0.053887
0 0.496684 0.654594 0.037135 0.053004
0 0.522546 0.485424 0.035809 0.050353
0 0.596817 0.598057 0.035809 0.051237
0 0.205570 0.600265 0.034483 0.050353
0 0.381631 0.597173 0.035146 0.051237
0 0.294098 0.596731 0.033820 0.050353
0 0.288793 0.425353 0.035146 0.050353
0 0.696950 0.430212 0.066313 0.053004
0 0.118037 0.484541 0.050398 0.053887
0 0.552056 0.429329 0.036472 0.051237
