0 0.192073 0.793367 0.046748 0.059524
0 0.224085 0.619048 0.029472 0.051020
0 0.337907 0.615646 0.031504 0.044218
0 0.588923 0.716837 0.096545 0.049320
0 0.248984 0.732143 0.034553 0.052721
0 0.346037 0.671769 0.031504 0.051020
0 0.171240 0.567177 0.031504 0.049320
0 0.402439 0.726190 0.030488 0.051020
0 0.190549 0.673469 0.029472 0.047619
0 0.422764 0.669218 0.030488 0.049320
0 0.307419 0.671769 0.031504 0.051020
0 0.411077 0.612245 0.029472 0.047619
0 0.538110 0.556973 0.031504 0.049320
0 0.357215 0.561224 0.033537 0.051020
0 0.606199 0.633503 0.057927 0.107143
0 0.440549 0.728741 0.031504 0.056122
0 0.384654 0.670918 0.033537 0.052721
0 0.155488 0.676871 0.034553 0.047619
0 0.135671 0.568878 0.033537 0.052721
0 0.465447 0.558673 0.030488 0.049320
0 0.229167 0.674320 0.031504 0.049320
0 0.262195 0.617347 0.032520 0.047619
0 0.328760 0.789116 0.220528 0.064626
0 0.484756 0.611395 0.030488 0.049320
0 0.459350 0.667517 0.032520 0.049320
0 0.300813 0.617347 0.032520 0.047619
0 0.284045 0.563776 0.033537 0.049320
0 0.502033 0.556122 0.030488 0.047619
0 0.087907 0.795068 0.061992 0.062925
0 0.464431 0.783163 0.042683 0.056122
0 0.394309 0.560374 0.032520 0.049320
0 0.615346 0.778061 0.057927 0.059524
0 0.211382 0.733844 0.038618 0.056122
0 0.086890 0.735544 0.043699 0.056122
0 0.268801 0.674320 0.033537 0.049320
0 0.207825 0.566327 0.033537 0.051020
0 0.534045 0.663265 0.031504 0.047619
0 0.149390 0.621599 0.032520 0.049320
0 0.571646 0.662415 0.031504 0.049320
0 0.325711 0.730442 0.033537 0.052721
0 0.245427 0.562925 0.033537 0.047619
0 0.448171 0.613946 0.032520 0.051020
0 0.363313 0.728741 0.033537 0.052721
0 0.187500 0.619048 0.031504 0.047619
0 0.559451 0.607993 0.031504 0.049320
0 0.521341 0.609694 0.032520 0.049320
0 0.374492 0.614796 0.031504 0.045918
0 0.101118 0.676871 0.061992 0.054422
0 0.320630 0.562925 0.035569 0.051020
0 0.478659 0.724490 0.030488 0.054422
0 0.593496 0.552721 0.067073 0.047619
0 0.496951 0.664966 0.032520 0.047619
0 0.497967 0.653912 0.924797 0.491497
0 0.286585 0.732993 0.032520 0.054422
0 0.102642 0.621599 0.052846 0.045918
0 0.097561 0.570578 0.036585 0.052721
0 0.430386 0.558673 0.031504 0.049320
0 0.516768 0.721088 0.031504 0.051020
0 0.171240 0.735544 0.033537 0.056122
0 0.129573 0.733844 0.031504 0.056122
