0 0.143437 0.556677 0.034375 0.094720
0 0.499375 0.516304 0.950000 0.858696
0 0.468750 0.364907 0.035000 0.096273
0 0.506875 0.366460 0.033750 0.096273
0 0.242812 0.653727 0.035625 0.096273
0 0.073125 0.357919 0.035000 0.097826
0 0.313125 0.363354 0.035000 0.096273
0 0.134063 0.458851 0.038125 0.097826
0 0.565000 0.461957 0.035000 0.094720
0 0.223750 0.556677 0.035000 0.097826
0 0.321562 0.652950 0.036875 0.097826
0 0.463125 0.750776 0.045000 0.097826
0 0.332188 0.459627 0.034375 0.096273
0 0.081250 0.752329 0.060000 0.100932
0 0.430625 0.364907 0.035000 0.096273
0 0.612500 0.510093 0.055000 0.197205
0 0.173750 0.458851 0.033750 0.094720
0 0.233750 0.361801 0.033750 0.096273
0 0.496875 0.557453 0.035000 0.096273
0 0.477187 0.652174 0.035625 0.096273
0 0.273125 0.362578 0.035000 0.094720
0 0.203125 0.654503 0.035000 0.094720
0 0.459062 0.557453 0.034375 0.096273
0 0.381563 0.555901 0.034375 0.096273
0 0.525625 0.461957 0.036250 0.097826
0 0.186875 0.751553 0.046250 0.099379
0 0.605000 0.366460 0.075000 0.096273
0 0.588750 0.652950 0.101250 0.097826
0 0.293125 0.459627 0.033750 0.096273
0 0.486875 0.461180 0.033750 0.096273
0 0.183438 0.555901 0.035625 0.096273
0 0.076875 0.653727 0.045000 0.096273
0 0.213438 0.458851 0.035625 0.097826
0 0.573750 0.557453 0.035000 0.096273
0 0.438750 0.651398 0.033750 0.097826
0 0.400313 0.653727 0.035625 0.099379
0 0.088125 0.555124 0.066250 0.097826
0 0.253437 0.458851 0.035625 0.097826
0 0.612812 0.753882 0.059375 0.097826
0 0.515938 0.652950 0.034375 0.094720
0 0.391562 0.364130 0.034375 0.097826
0 0.114375 0.360248 0.035000 0.096273
0 0.282187 0.653727 0.034375 0.096273
0 0.325625 0.752329 0.223750 0.100932
0 0.302187 0.555901 0.034375 0.096273
0 0.263125 0.557453 0.033750 0.096273
0 0.163125 0.653727 0.035000 0.096273
0 0.420938 0.556677 0.034375 0.094720
0 0.448750 0.460404 0.035000 0.094720
0 0.545625 0.367236 0.033750 0.094720
0 0.083125 0.457298 0.055000 0.097826
0 0.371563 0.460404 0.034375 0.097826
0 0.342500 0.557453 0.033750 0.096273
0 0.410625 0.460404 0.032500 0.094720
0 0.535937 0.558230 0.034375 0.097826
0 0.361250 0.653727 0.033750 0.096273
0 0.353125 0.363354 0.033750 0.096273
0 0.122500 0.653727 0.036250 0.096273
0 0.154688 0.360248 0.035625 0.096273
0 0.195000 0.360248 0.036250 0.096273
