0 0.218170 0.407686 0.034483 0.050353
0 0.312334 0.621466 0.226790 0.050353
0 0.487401 0.515459 0.030504 0.048587
0 0.609416 0.489841 0.054377 0.105124
0 0.070955 0.460689 0.049072 0.050353
0 0.358422 0.462014 0.032493 0.047703
0 0.477122 0.462014 0.031167 0.049470
0 0.170756 0.619700 0.044430 0.050353
0 0.306698 0.567138 0.033820 0.049470
0 0.537467 0.409894 0.031167 0.047703
0 0.257958 0.408127 0.034483 0.051237
0 0.075265 0.514134 0.060345 0.049470
0 0.207560 0.513693 0.034483 0.046820
0 0.398541 0.462014 0.030504 0.047703
0 0.466844 0.567580 0.030504 0.048587
0 0.099469 0.407686 0.038462 0.052120
0 0.237732 0.460689 0.035146 0.048587
0 0.267905 0.566696 0.030504 0.048587
0 0.379310 0.410336 0.033156 0.052120
0 0.517241 0.462456 0.031830 0.048587
0 0.457891 0.409894 0.031167 0.051237
0 0.418767 0.409452 0.031167 0.050353
0 0.367042 0.513693 0.029841 0.048587
0 0.447613 0.515018 0.030504 0.047703
0 0.408820 0.514576 0.031167 0.048587
0 0.558355 0.462014 0.033156 0.049470
0 0.066976 0.619700 0.057029 0.053887
0 0.061008 0.406802 0.031830 0.048587
0 0.227122 0.566696 0.032493 0.048587
0 0.339523 0.409452 0.031830 0.052120
0 0.599469 0.409894 0.076923 0.051237
0 0.167440 0.513251 0.032493 0.047703
0 0.506963 0.568021 0.029841 0.047703
0 0.158820 0.460689 0.033820 0.048587
0 0.497016 0.409894 0.031167 0.049470
0 0.388594 0.568463 0.033156 0.050353
0 0.178714 0.408127 0.035146 0.053004
0 0.528846 0.515459 0.032493 0.048587
0 0.452918 0.621025 0.046419 0.051237
0 0.348143 0.567580 0.031830 0.048587
0 0.287798 0.514134 0.031830 0.047703
0 0.128316 0.512809 0.031167 0.046820
0 0.508952 0.483657 0.978117 0.447880
0 0.118369 0.460247 0.036472 0.047703
0 0.147215 0.566254 0.031830 0.049470
0 0.582560 0.567580 0.102785 0.048587
0 0.317971 0.461572 0.031167 0.048587
0 0.277520 0.460689 0.035146 0.046820
0 0.298408 0.408569 0.035809 0.050353
0 0.437666 0.462898 0.031830 0.047703
0 0.197944 0.460689 0.033820 0.048587
0 0.567971 0.515901 0.031167 0.049470
0 0.427719 0.568021 0.031830 0.049470
0 0.608753 0.622792 0.057029 0.053004
0 0.248342 0.513693 0.029841 0.046820
0 0.107759 0.565813 0.033820 0.052120
0 0.186671 0.566254 0.032493 0.049470
0 0.140252 0.408127 0.035146 0.051237
0 0.328581 0.514576 0.029841 0.046820
0 0.062666 0.567138 0.043103 0.047703
