0 0.822329 0.459901 0.071958 0.096040
0 0.109421 0.467327 0.156528 0.100990
0 0.603116 0.458911 0.063798 0.090099
0 0.975519 0.361386 0.050445 0.095050
0 0.690282 0.266832 0.070475 0.096040
0 0.653190 0.172277 0.068991 0.099010
0 0.597552 0.557921 0.361276 0.096040
0 0.818249 0.557426 0.072700 0.097030
0 0.748887 0.460396 0.070475 0.097030
0 0.510386 0.341584 0.980712 0.580198
0 0.544139 0.267822 0.070475 0.096040
0 0.359421 0.172772 0.071958 0.098020
0 0.320846 0.269802 0.073442 0.098020
0 0.067507 0.570792 0.077151 0.100000
0 0.676187 0.461386 0.071958 0.097030
0 0.470697 0.269802 0.070475 0.098020
0 0.941395 0.555446 0.054896 0.097030
0 0.869807 0.172277 0.068991 0.097030
0 0.207715 0.172772 0.074184 0.098020
0 0.133160 0.173267 0.073442 0.099010
0 0.380564 0.464851 0.075668 0.100000
0 0.081231 0.270297 0.095697 0.100990
0 0.965875 0.456931 0.069733 0.098020
0 0.899481 0.265347 0.054154 0.097030
0 0.244807 0.269307 0.072700 0.100990
0 0.454748 0.461386 0.068249 0.095050
0 0.169881 0.270297 0.077151 0.099010
0 0.638353 0.363861 0.067507 0.092079
0 0.491098 0.363861 0.069733 0.094059
0 0.507047 0.172277 0.071958 0.099010
0 0.062685 0.172772 0.058605 0.098020
0 0.835682 0.266832 0.070475 0.096040
0 0.617211 0.267327 0.069733 0.097030
0 0.417656 0.365842 0.071217 0.098020
0 0.726632 0.171782 0.070475 0.098020
0 0.581231 0.172772 0.070475 0.098020
0 0.762611 0.266832 0.072700 0.098020
0 0.989985 0.170297 0.021513 0.097030
0 0.784496 0.363861 0.070475 0.096040
0 0.432864 0.172772 0.073442 0.098020
0 0.304154 0.465842 0.074184 0.100000
0 0.298220 0.565347 0.074184 0.099010
0 0.940653 0.170297 0.066766 0.095050
0 0.089763 0.368812 0.118694 0.100000
0 0.341988 0.366832 0.074184 0.098020
0 0.228487 0.467822 0.074184 0.100000
0 0.712166 0.363861 0.069733 0.094059
0 0.527819 0.457921 0.063056 0.086139
0 0.189911 0.368317 0.072700 0.099010
0 0.375000 0.566337 0.074926 0.100990
0 0.857196 0.362871 0.070475 0.096040
0 0.798591 0.172277 0.070475 0.099010
0 0.265950 0.366832 0.074926 0.098020
0 0.283383 0.172277 0.075668 0.099010
0 0.564540 0.362871 0.066766 0.090099
0 0.396513 0.269802 0.073442 0.098020
0 0.922107 0.361881 0.053412 0.096040
0 0.956231 0.265842 0.053412 0.096040
0 0.895030 0.457921 0.070475 0.096040
