0 0.362676 0.337500 0.052113 0.158333
0 0.247887 0.333333 0.050704 0.158333
0 0.547183 0.502083 0.052113 0.154167
0 0.192254 0.337500 0.052113 0.158333
0 0.120423 0.672917 0.052113 0.162500
0 0.078169 0.333333 0.052113 0.158333
0 0.646479 0.333333 0.053521 0.158333
0 0.717606 0.416667 0.083099 0.325000
0 0.702113 0.164583 0.108451 0.154167
0 0.503521 0.168750 0.052113 0.154167
0 0.576056 0.670833 0.053521 0.158333
0 0.390845 0.170833 0.052113 0.150000
0 0.447183 0.168750 0.052113 0.154167
0 0.404930 0.670833 0.052113 0.158333
0 0.462676 0.837500 0.052113 0.158333
0 0.018310 0.843750 0.033803 0.162500
0 0.461972 0.670833 0.053521 0.158333
0 0.021127 0.333333 0.039437 0.158333
0 0.025352 0.504167 0.047887 0.158333
0 0.347887 0.670833 0.053521 0.158333
0 0.262676 0.502083 0.052113 0.154167
0 0.434507 0.500000 0.052113 0.158333
0 0.376761 0.502083 0.052113 0.154167
0 0.589437 0.333333 0.052113 0.158333
0 0.107746 0.170833 0.052113 0.150000
0 0.016197 0.672917 0.029577 0.162500
0 0.519014 0.670833 0.054930 0.158333
0 0.501408 0.504167 1.000000 1.000000
0 0.119014 0.843750 0.052113 0.154167
0 0.560563 0.168750 0.050704 0.154167
0 0.148592 0.504167 0.052113 0.158333
0 0.604930 0.502083 0.052113 0.154167
0 0.490141 0.502083 0.050704 0.154167
0 0.682394 0.666667 0.153521 0.158333
0 0.319718 0.500000 0.050704 0.150000
0 0.577465 0.841667 0.053521 0.158333
0 0.617606 0.166667 0.052113 0.150000
0 0.014085 0.168750 0.025352 0.154167
0 0.305634 0.337500 0.053521 0.158333
0 0.014085 0.168750 0.025352 0.154167
0 0.290845 0.672917 0.052113 0.154167
0 0.660563 0.502083 0.050704 0.154167
0 0.134507 0.335417 0.052113 0.154167
0 0.033803 0.504167 0.050704 0.158333
0 0.419014 0.333333 0.052113 0.158333
0 0.277465 0.168750 0.050704 0.154167
0 0.090141 0.502083 0.050704 0.154167
0 0.164789 0.170833 0.050704 0.150000
0 0.532394 0.333333 0.053521 0.158333
0 0.017606 0.672917 0.032394 0.162500
0 0.234507 0.670833 0.052113 0.158333
0 0.334507 0.170833 0.052113 0.150000
0 0.290845 0.837500 0.280282 0.158333
0 0.475352 0.333333 0.052113 0.158333
0 0.024648 0.335417 0.046479 0.154167
0 0.050704 0.170833 0.050704 0.150000
0 0.176761 0.670833 0.052113 0.158333
0 0.205634 0.502083 0.050704 0.154167
0 0.220423 0.166667 0.052113 0.150000
0 0.062676 0.675000 0.052113 0.158333
