0 0.465870 0.587884 0.040956 0.032423
0 0.316553 0.516212 0.029010 0.032423
0 0.379693 0.479522 0.029010 0.034130
0 0.558874 0.480375 0.032423 0.035836
0 0.290102 0.443686 0.030717 0.034130
0 0.505119 0.493174 0.856655 0.300341
0 0.505119 0.444539 0.030717 0.032423
0 0.163823 0.480375 0.030717 0.032423
0 0.200512 0.478669 0.029010 0.032423
0 0.540956 0.444539 0.030717 0.032423
0 0.397611 0.443686 0.030717 0.034130
0 0.513652 0.551195 0.030717 0.034130
0 0.298635 0.551195 0.030717 0.030717
0 0.113481 0.551195 0.039249 0.030717
0 0.532423 0.516212 0.030717 0.032423
0 0.595563 0.443686 0.068259 0.034130
0 0.262799 0.551195 0.030717 0.030717
0 0.487201 0.479522 0.032423 0.034130
0 0.209044 0.516212 0.029010 0.032423
0 0.339590 0.587884 0.201365 0.032423
0 0.191126 0.551195 0.030717 0.030717
0 0.343003 0.479522 0.030717 0.034130
0 0.173208 0.516212 0.029010 0.032423
0 0.280717 0.515358 0.029010 0.030717
0 0.582765 0.551195 0.093857 0.030717
0 0.227816 0.551195 0.029010 0.030717
0 0.307167 0.479522 0.030717 0.034130
0 0.415529 0.480375 0.029010 0.032423
0 0.214164 0.587031 0.039249 0.034130
0 0.523038 0.480375 0.032423 0.035836
0 0.604949 0.587884 0.052901 0.035836
0 0.271331 0.479522 0.030717 0.034130
0 0.477816 0.552048 0.030717 0.032423
0 0.460751 0.516212 0.030717 0.032423
0 0.470137 0.443686 0.032423 0.034130
0 0.451365 0.479522 0.029010 0.034130
0 0.218430 0.443686 0.030717 0.034130
0 0.407850 0.552048 0.030717 0.032423
0 0.155290 0.551195 0.030717 0.034130
0 0.235495 0.479522 0.030717 0.034130
0 0.361775 0.443686 0.030717 0.034130
0 0.604949 0.497440 0.049488 0.073379
0 0.244881 0.516212 0.029010 0.032423
0 0.108362 0.442833 0.032423 0.032423
0 0.389078 0.516212 0.030717 0.032423
0 0.434300 0.443686 0.032423 0.034130
0 0.182594 0.443686 0.030717 0.034130
0 0.568259 0.515358 0.030717 0.034130
0 0.353242 0.516212 0.030717 0.032423
0 0.325939 0.443686 0.030717 0.034130
0 0.118601 0.479522 0.049488 0.030717
0 0.424915 0.516212 0.030717 0.032423
0 0.145904 0.444539 0.029010 0.035836
0 0.370307 0.551195 0.030717 0.030717
0 0.334471 0.550341 0.030717 0.032423
0 0.123720 0.515358 0.056314 0.030717
0 0.496587 0.516212 0.030717 0.032423
0 0.254266 0.444539 0.030717 0.032423
0 0.441980 0.551195 0.030717 0.034130
0 0.117747 0.587884 0.051195 0.032423
