0 0.492188 0.641111 0.935625 0.557778
0 0.168437 0.520000 0.031875 0.053333
0 0.471875 0.583889 0.027500 0.052222
0 0.387188 0.708333 0.030625 0.056667
0 0.349375 0.707778 0.031250 0.053333
0 0.295625 0.643333 0.031250 0.053333
0 0.093125 0.517222 0.032500 0.054444
0 0.420312 0.525000 0.029375 0.054444
0 0.444688 0.643889 0.028125 0.054444
0 0.130312 0.518889 0.031875 0.053333
0 0.221875 0.643333 0.033750 0.055556
0 0.273125 0.706111 0.032500 0.054444
0 0.276875 0.522222 0.030000 0.053333
0 0.455313 0.525556 0.029375 0.053333
0 0.118438 0.705556 0.033125 0.060000
0 0.595313 0.777778 0.053125 0.060000
0 0.312500 0.778333 0.216250 0.070000
0 0.313125 0.522222 0.028750 0.053333
0 0.590625 0.616111 0.050000 0.121111
0 0.349062 0.522778 0.029375 0.052222
0 0.075938 0.708333 0.046875 0.061111
0 0.095312 0.580000 0.054375 0.055556
0 0.157500 0.706111 0.032500 0.056667
0 0.525312 0.525556 0.028125 0.051111
0 0.259375 0.642778 0.028750 0.054444
0 0.290625 0.581111 0.030000 0.053333
0 0.371250 0.642778 0.027500 0.052222
0 0.092188 0.641111 0.061875 0.055556
0 0.072813 0.776667 0.063125 0.066667
0 0.203750 0.521111 0.031250 0.053333
0 0.481250 0.645556 0.028750 0.053333
0 0.333437 0.643333 0.031875 0.053333
0 0.217812 0.581111 0.031875 0.055556
0 0.508125 0.583889 0.028750 0.052222
0 0.490625 0.525556 0.028750 0.053333
0 0.183438 0.642778 0.031875 0.056667
0 0.400313 0.582222 0.028125 0.051111
0 0.311875 0.706667 0.030000 0.055556
0 0.384688 0.524444 0.029375 0.053333
0 0.174687 0.775556 0.044375 0.062222
0 0.254063 0.581111 0.029375 0.053333
0 0.544063 0.585556 0.029375 0.053333
0 0.518125 0.645000 0.028750 0.054444
0 0.407813 0.643889 0.029375 0.054444
0 0.579688 0.525556 0.064375 0.053333
0 0.462187 0.708333 0.029375 0.054444
0 0.435625 0.583333 0.028750 0.051111
0 0.363750 0.581667 0.030000 0.052222
0 0.424375 0.707778 0.028750 0.055556
0 0.196250 0.706667 0.032500 0.055556
0 0.142500 0.580000 0.033750 0.053333
0 0.570000 0.708333 0.093750 0.054444
0 0.327813 0.581111 0.028125 0.051111
0 0.235937 0.707222 0.036875 0.056667
0 0.554063 0.646111 0.029375 0.056667
0 0.447813 0.775000 0.040625 0.058889
0 0.499063 0.708889 0.029375 0.055556
0 0.240313 0.521111 0.029375 0.053333
0 0.179375 0.579444 0.031250 0.052222
0 0.145937 0.641667 0.035625 0.054444
