0 0.390470 0.632159 0.035891 0.066079
0 0.085396 0.853524 0.049505 0.072687
0 0.263614 0.774229 0.037129 0.068282
0 0.381807 0.770925 0.035891 0.066079
0 0.439975 0.700441 0.035891 0.066079
0 0.222772 0.776432 0.037129 0.068282
0 0.057550 0.568282 0.038366 0.066079
0 0.478342 0.700441 0.035891 0.066079
0 0.400371 0.700441 0.035891 0.066079
0 0.021040 0.781938 0.039604 0.070485
0 0.176980 0.566079 0.037129 0.066079
0 0.235149 0.634361 0.037129 0.066079
0 0.203589 0.704846 0.035891 0.066079
0 0.295173 0.564978 0.035891 0.063877
0 0.155941 0.637665 0.037129 0.068282
0 0.082921 0.710352 0.037129 0.068282
0 0.227104 0.848018 0.226485 0.074890
0 0.448020 0.683921 0.893564 0.623348
0 0.195545 0.636564 0.037129 0.066079
0 0.012995 0.784141 0.023515 0.070485
0 0.420173 0.768722 0.035891 0.066079
0 0.183168 0.776432 0.037129 0.068282
0 0.035272 0.639868 0.040842 0.068282
0 0.493193 0.767621 0.105198 0.068282
0 0.516089 0.662996 0.056931 0.136564
0 0.062500 0.781938 0.038366 0.070485
0 0.361386 0.701542 0.034653 0.063877
0 0.018564 0.570485 0.034653 0.066079
0 0.333540 0.562775 0.035891 0.063877
0 0.313119 0.633260 0.034653 0.063877
0 0.244431 0.703744 0.035891 0.063877
0 0.014851 0.640969 0.027228 0.066079
0 0.043317 0.712555 0.037129 0.068282
0 0.123762 0.708150 0.037129 0.068282
0 0.136757 0.568282 0.035891 0.066079
0 0.428837 0.631057 0.035891 0.068282
0 0.409653 0.562775 0.034653 0.063877
0 0.011139 0.570485 0.019802 0.066079
0 0.075495 0.639868 0.037129 0.068282
0 0.115718 0.637665 0.038366 0.068282
0 0.141708 0.778634 0.038366 0.068282
0 0.102723 0.780837 0.037129 0.068282
0 0.350866 0.632159 0.035891 0.066079
0 0.371906 0.562775 0.035891 0.063877
0 0.274134 0.634361 0.035891 0.066079
0 0.447401 0.562775 0.033416 0.063877
0 0.303218 0.773128 0.037129 0.070485
0 0.016708 0.855727 0.030941 0.072687
0 0.519802 0.841410 0.059406 0.070485
0 0.097772 0.567181 0.039604 0.063877
0 0.322401 0.701542 0.035891 0.063877
0 0.284035 0.702643 0.035891 0.066079
0 0.467822 0.629956 0.037129 0.066079
0 0.256188 0.564978 0.037129 0.063877
0 0.215347 0.566079 0.037129 0.066079
0 0.366955 0.842511 0.048267 0.072687
0 0.017946 0.711454 0.033416 0.070485
0 0.504950 0.559471 0.074257 0.066079
0 0.342203 0.772026 0.035891 0.068282
0 0.164604 0.707048 0.037129 0.066079
