0 0.593229 0.582755 0.033333 0.033636
0 0.684375 0.506407 0.033333 0.033636
0 0.636458 0.569941 0.033333 0.033636
0 0.532552 0.765617 0.030729 0.032034
0 0.448698 0.778697 0.045312 0.047517
0 0.550521 0.740256 0.033333 0.033636
0 0.650521 0.461025 0.048958 0.049653
0 0.470313 0.747197 0.033333 0.033636
0 0.544531 0.600641 0.030729 0.032034
0 0.621354 0.593967 0.033333 0.033636
0 0.679948 0.613454 0.030729 0.032034
0 0.688802 0.475440 0.061979 0.047517
0 0.437500 0.742125 0.034375 0.034170
0 0.626563 0.491191 0.033333 0.029899
0 0.685417 0.554458 0.033333 0.033636
0 0.493229 0.819274 0.040625 0.042178
0 0.474479 0.794447 0.050000 0.054458
0 0.514323 0.790176 0.030729 0.032034
0 0.456250 0.718633 0.032292 0.034170
0 0.628125 0.686065 0.102083 0.129204
0 0.620833 0.644154 0.033333 0.033636
0 0.642708 0.517619 0.033333 0.033636
0 0.605729 0.614789 0.033333 0.033636
0 0.653125 0.598772 0.033333 0.033636
0 0.609375 0.560865 0.033333 0.033636
0 0.585938 0.691671 0.033333 0.033636
0 0.608333 0.602776 0.480208 0.534971
0 0.575781 0.758142 0.030729 0.032034
0 0.610938 0.514148 0.033333 0.029899
0 0.492188 0.670048 0.032292 0.034170
0 0.577083 0.605713 0.033333 0.033636
0 0.569271 0.717298 0.033333 0.033636
0 0.559375 0.629204 0.033333 0.033636
0 0.541667 0.652162 0.033333 0.033636
0 0.561198 0.577683 0.030729 0.032034
0 0.668750 0.527229 0.033333 0.033636
0 0.569792 0.661773 0.033333 0.033636
0 0.515104 0.734917 0.033333 0.033636
0 0.553646 0.686866 0.033333 0.033636
0 0.498958 0.760545 0.033333 0.033636
0 0.657813 0.498398 0.033333 0.033636
0 0.509635 0.646556 0.030729 0.032034
0 0.669792 0.576348 0.033333 0.033636
0 0.603646 0.668179 0.033333 0.033636
0 0.525000 0.675120 0.033333 0.033636
0 0.519271 0.838494 0.040625 0.042178
0 0.488021 0.723705 0.033333 0.033636
0 0.636979 0.620662 0.033333 0.033636
0 0.652604 0.550187 0.033333 0.033636
0 0.532813 0.709557 0.031250 0.035238
0 0.714323 0.513881 0.058854 0.066738
0 0.418750 0.766418 0.033333 0.033636
0 0.709635 0.569674 0.030729 0.032034
0 0.577865 0.554191 0.030729 0.032034
0 0.474479 0.694074 0.032292 0.034170
0 0.506250 0.700214 0.033333 0.033636
0 0.594792 0.535505 0.033333 0.029899
0 0.625521 0.540577 0.033333 0.033636
0 0.586979 0.640416 0.033333 0.033636
0 0.527344 0.624132 0.030729 0.032034
