0 0.493934 0.652273 0.955939 0.570455
0 0.163155 0.528409 0.032567 0.054545
0 0.473180 0.593750 0.028097 0.053409
0 0.386654 0.721023 0.031290 0.057955
0 0.348020 0.720455 0.031928 0.054545
0 0.293103 0.654545 0.031928 0.054545
0 0.086207 0.525568 0.033206 0.055682
0 0.420498 0.533523 0.030013 0.055682
0 0.445402 0.655114 0.028736 0.055682
0 0.124202 0.527273 0.032567 0.054545
0 0.217752 0.654545 0.034483 0.056818
0 0.270115 0.718750 0.033206 0.055682
0 0.273946 0.530682 0.030651 0.054545
0 0.456258 0.534091 0.030013 0.054545
0 0.112069 0.718182 0.033844 0.061364
0 0.599298 0.792045 0.054278 0.061364
0 0.310345 0.792614 0.220945 0.071591
0 0.310983 0.530682 0.029374 0.054545
0 0.594508 0.626705 0.051086 0.123864
0 0.347701 0.531250 0.030013 0.053409
0 0.068646 0.721023 0.047893 0.062500
0 0.088442 0.589773 0.055556 0.056818
0 0.151980 0.718750 0.033206 0.057955
0 0.527778 0.534091 0.028736 0.052273
0 0.256066 0.653977 0.029374 0.055682
0 0.287995 0.590909 0.030651 0.054545
0 0.370370 0.653977 0.028097 0.053409
0 0.085249 0.652273 0.063218 0.056818
0 0.065453 0.790909 0.064496 0.068182
0 0.199234 0.529545 0.031928 0.054545
0 0.482759 0.656818 0.029374 0.054545
0 0.331737 0.654545 0.032567 0.054545
0 0.213602 0.590909 0.032567 0.056818
0 0.510217 0.593750 0.029374 0.053409
0 0.492337 0.534091 0.029374 0.054545
0 0.178480 0.653977 0.032567 0.057955
0 0.400064 0.592045 0.028736 0.052273
0 0.309706 0.719318 0.030651 0.056818
0 0.384100 0.532955 0.030013 0.054545
0 0.169540 0.789773 0.045338 0.063636
0 0.250639 0.590909 0.030013 0.054545
0 0.546935 0.595455 0.030013 0.054545
0 0.520434 0.656250 0.029374 0.055682
0 0.407727 0.655114 0.030013 0.055682
0 0.583333 0.534091 0.065773 0.054545
0 0.463282 0.721023 0.030013 0.055682
0 0.436143 0.593182 0.029374 0.052273
0 0.362708 0.591477 0.030651 0.053409
0 0.424649 0.720455 0.029374 0.056818
0 0.191571 0.719318 0.033206 0.056818
0 0.136654 0.589773 0.034483 0.054545
0 0.573436 0.721023 0.095785 0.055682
0 0.325990 0.590909 0.028736 0.052273
0 0.232120 0.719886 0.037676 0.057955
0 0.557152 0.657386 0.030013 0.057955
0 0.448595 0.789205 0.041507 0.060227
0 0.500958 0.721591 0.030013 0.056818
0 0.236590 0.529545 0.030013 0.054545
0 0.174330 0.589205 0.031928 0.053409
0 0.140166 0.652841 0.036398 0.055682
