0 0.658923 0.240177 0.047935 0.067780
0 0.608038 0.452849 0.046460 0.066798
0 0.282817 0.450393 0.043510 0.063851
0 0.203540 0.378684 0.044248 0.063851
0 0.830015 0.452849 0.157080 0.066798
0 0.528761 0.382613 0.902655 0.472495
0 0.570796 0.308448 0.045723 0.062868
0 0.298304 0.309921 0.044985 0.065815
0 0.192478 0.309921 0.048673 0.065815
0 0.639012 0.381139 0.046460 0.064833
0 0.720501 0.454322 0.045723 0.065815
0 0.406711 0.308448 0.043510 0.062868
0 0.790929 0.309921 0.049410 0.067780
0 0.437684 0.239194 0.046460 0.065815
0 0.603982 0.240177 0.048673 0.067780
0 0.749631 0.382122 0.044985 0.064833
0 0.555310 0.453340 0.048673 0.069745
0 0.463496 0.524067 0.213127 0.069745
0 0.162611 0.521120 0.046460 0.065815
0 0.364676 0.380157 0.043510 0.062868
0 0.330015 0.238703 0.044985 0.066798
0 0.515118 0.308448 0.046460 0.064833
0 0.390487 0.450884 0.043510 0.062868
0 0.603614 0.524067 0.049410 0.065815
0 0.223820 0.240668 0.047935 0.068762
0 0.712758 0.239194 0.046460 0.065815
0 0.768437 0.238703 0.045723 0.064833
0 0.856195 0.236248 0.109145 0.063851
0 0.693953 0.381631 0.045723 0.065815
0 0.336283 0.450393 0.045723 0.061886
0 0.460546 0.308448 0.043510 0.062868
0 0.324853 0.525049 0.049410 0.069745
0 0.417404 0.378684 0.042773 0.061886
0 0.131637 0.378193 0.080383 0.064833
0 0.245575 0.308448 0.044248 0.062868
0 0.171091 0.240668 0.045723 0.066798
0 0.805310 0.382122 0.048673 0.066798
0 0.383850 0.239194 0.046460 0.067780
0 0.443215 0.450393 0.045723 0.063851
0 0.547566 0.239686 0.047935 0.068762
0 0.665192 0.453340 0.048673 0.065815
0 0.269912 0.521611 0.045723 0.064833
0 0.584071 0.380648 0.045723 0.063851
0 0.117994 0.239686 0.045723 0.062868
0 0.624263 0.308448 0.046460 0.064833
0 0.498894 0.451375 0.046460 0.063851
0 0.310103 0.380157 0.046460 0.064833
0 0.680678 0.308939 0.047198 0.065815
0 0.528761 0.380157 0.045723 0.064833
0 0.472345 0.379666 0.043510 0.061886
0 0.277286 0.239686 0.048673 0.068762
0 0.352507 0.308448 0.045723 0.062868
0 0.127212 0.307466 0.065634 0.064833
0 0.866888 0.346758 0.083333 0.139489
0 0.492994 0.239686 0.044985 0.066798
0 0.735251 0.308939 0.047198 0.065815
0 0.143068 0.448428 0.106195 0.067780
0 0.255531 0.378684 0.043510 0.063851
0 0.228982 0.449902 0.044985 0.064833
