0 0.210000 0.540518 0.037500 0.050125
0 0.248438 0.540100 0.038125 0.049290
0 0.406250 0.540936 0.036250 0.049290
0 0.191875 0.489140 0.037500 0.049290
0 0.330937 0.591896 0.223125 0.050961
0 0.283125 0.387218 0.036250 0.047619
0 0.492500 0.437761 0.035000 0.048454
0 0.087500 0.593150 0.060000 0.053467
0 0.511250 0.388053 0.035000 0.047619
0 0.130625 0.540100 0.038750 0.049290
0 0.085000 0.540518 0.045000 0.048454
0 0.262813 0.438179 0.036875 0.049290
0 0.530625 0.438179 0.036250 0.049290
0 0.522813 0.538847 0.035625 0.046784
0 0.231250 0.488722 0.037500 0.050125
0 0.348750 0.489140 0.036250 0.049290
0 0.510312 0.477444 0.949375 0.443609
0 0.321562 0.387218 0.036875 0.047619
0 0.594688 0.538429 0.104375 0.049290
0 0.270625 0.489140 0.036250 0.049290
0 0.091250 0.387636 0.036250 0.048454
0 0.474062 0.387636 0.035625 0.046784
0 0.367188 0.541353 0.036875 0.050125
0 0.327500 0.540518 0.037500 0.050125
0 0.360625 0.387218 0.035000 0.047619
0 0.416875 0.438179 0.035000 0.047619
0 0.098125 0.438179 0.055000 0.049290
0 0.309375 0.488722 0.036250 0.050125
0 0.436250 0.388053 0.036250 0.047619
0 0.426250 0.489557 0.036250 0.048454
0 0.606563 0.385965 0.074375 0.048454
0 0.387500 0.489557 0.036250 0.050125
0 0.444375 0.540518 0.036250 0.050125
0 0.191875 0.593150 0.050000 0.053467
0 0.483750 0.539683 0.036250 0.048454
0 0.301250 0.437761 0.036250 0.048454
0 0.245000 0.387218 0.035000 0.047619
0 0.549687 0.388053 0.034375 0.047619
0 0.185312 0.437761 0.036875 0.050125
0 0.129688 0.387636 0.036875 0.048454
0 0.618125 0.462406 0.057500 0.101086
0 0.579688 0.488722 0.034375 0.050125
0 0.541562 0.489140 0.035625 0.049290
0 0.378125 0.438179 0.036250 0.049290
0 0.168437 0.387636 0.036875 0.048454
0 0.454375 0.437343 0.035000 0.047619
0 0.169687 0.540936 0.038125 0.050961
0 0.468438 0.591479 0.046875 0.051796
0 0.206875 0.387218 0.037500 0.047619
0 0.099375 0.489140 0.066250 0.050961
0 0.502500 0.489140 0.036250 0.049290
0 0.619375 0.591896 0.060000 0.052632
0 0.464062 0.489140 0.034375 0.049290
0 0.398438 0.387218 0.035625 0.047619
0 0.224375 0.437343 0.037500 0.050961
0 0.288750 0.540936 0.037500 0.049290
0 0.569375 0.437343 0.036250 0.047619
0 0.152812 0.488722 0.036875 0.050125
0 0.339687 0.437761 0.036875 0.048454
0 0.146875 0.437761 0.038750 0.050125
