0 0.296875 0.799667 0.030000 0.058824
0 0.107500 0.802442 0.040000 0.062153
0 0.369375 0.799112 0.030000 0.059933
0 0.541562 0.601554 0.030625 0.057714
0 0.117813 0.738069 0.058125 0.062153
0 0.478438 0.796337 0.030625 0.058824
0 0.314688 0.734184 0.028125 0.058824
0 0.195312 0.669811 0.029375 0.063263
0 0.397188 0.604329 0.033125 0.063263
0 0.158750 0.670921 0.031250 0.063263
0 0.433437 0.603219 0.031875 0.063263
0 0.209687 0.864040 0.039375 0.058824
0 0.323750 0.603219 0.032500 0.063263
0 0.102813 0.605438 0.030625 0.065483
0 0.269062 0.669811 0.029375 0.061043
0 0.177187 0.605438 0.030625 0.063263
0 0.186250 0.799667 0.030000 0.058824
0 0.406562 0.799112 0.031875 0.059933
0 0.505938 0.603219 0.030625 0.063263
0 0.223438 0.800777 0.029375 0.058824
0 0.332188 0.798557 0.030625 0.061043
0 0.111875 0.867370 0.051250 0.065483
0 0.515938 0.795782 0.028125 0.057714
0 0.378750 0.668701 0.031250 0.061043
0 0.461250 0.732519 0.028750 0.057714
0 0.585000 0.796337 0.093750 0.056604
0 0.488125 0.666482 0.028750 0.058824
0 0.204687 0.735294 0.030625 0.061043
0 0.425312 0.732519 0.028125 0.057714
0 0.415312 0.668147 0.029375 0.057714
0 0.140937 0.605993 0.031875 0.062153
0 0.465938 0.862375 0.039375 0.057714
0 0.361250 0.603219 0.031250 0.063263
0 0.606875 0.861820 0.050000 0.058824
0 0.497188 0.732519 0.029375 0.057714
0 0.249688 0.604329 0.030625 0.063263
0 0.351562 0.733629 0.028125 0.057714
0 0.232187 0.670366 0.030625 0.062153
0 0.305312 0.668701 0.029375 0.061043
0 0.524687 0.666482 0.029375 0.058824
0 0.505938 0.692564 0.886875 0.583796
0 0.570000 0.731410 0.028750 0.059933
0 0.213125 0.605438 0.031250 0.063263
0 0.149062 0.800777 0.030625 0.063263
0 0.560937 0.665927 0.029375 0.059933
0 0.534375 0.731410 0.028750 0.057714
0 0.241875 0.735849 0.030000 0.059933
0 0.337813 0.864040 0.204375 0.058824
0 0.387813 0.733074 0.029375 0.058824
0 0.168750 0.735849 0.030000 0.059933
0 0.598750 0.599889 0.067500 0.061043
0 0.259688 0.799667 0.031875 0.061043
0 0.442500 0.797447 0.030000 0.058824
0 0.277813 0.734739 0.029375 0.057714
0 0.607500 0.698113 0.048750 0.130966
0 0.286250 0.603774 0.031250 0.062153
0 0.469687 0.602664 0.030625 0.062153
0 0.451875 0.666482 0.030000 0.058824
0 0.342187 0.669256 0.029375 0.059933
0 0.112812 0.671476 0.049375 0.062153
