0 0.271800 0.411250 0.049930 0.085000
0 0.178973 0.637500 0.049930 0.090000
0 0.465893 0.316250 0.049930 0.085000
0 0.646976 0.314375 0.054852 0.086250
0 0.222574 0.435000 0.051336 0.085000
0 0.514065 0.472500 0.973277 0.942500
0 0.076301 0.511875 0.047117 0.086250
0 0.106188 0.768750 0.061885 0.105000
0 0.453586 0.410625 0.053446 0.088750
0 0.380802 0.537500 0.052743 0.090000
0 0.280591 0.587500 0.052039 0.092500
0 0.529184 0.463125 0.054149 0.088750
0 0.356188 0.459375 0.051336 0.088750
0 0.762307 0.300000 0.094233 0.165000
0 0.265120 0.687500 0.052039 0.095000
0 0.726090 0.191875 0.097750 0.101250
0 0.682138 0.573125 0.056259 0.091250
0 0.368143 0.636250 0.052743 0.092500
0 0.693741 0.290000 0.054149 0.085000
0 0.174402 0.459375 0.049226 0.083750
0 0.276020 0.777500 0.054149 0.097500
0 0.513361 0.292500 0.052039 0.085000
0 0.316456 0.662500 0.054852 0.095000
0 0.665260 0.486250 0.054852 0.087500
0 0.125527 0.486875 0.047117 0.086250
0 0.257032 0.506875 0.051336 0.091250
0 0.674402 0.390625 0.054852 0.088750
0 0.549930 0.362500 0.053446 0.087500
0 0.330520 0.562500 0.052039 0.090000
0 0.656118 0.223750 0.052039 0.080000
0 0.626582 0.413750 0.054852 0.087500
0 0.229255 0.611875 0.052039 0.091250
0 0.722574 0.368125 0.054149 0.086250
0 0.097046 0.590625 0.073136 0.106250
0 0.418776 0.340625 0.049930 0.086250
0 0.468354 0.586250 0.053446 0.092500
0 0.369902 0.363125 0.050633 0.081250
0 0.430380 0.512500 0.053446 0.090000
0 0.583333 0.621875 0.055556 0.091250
0 0.566456 0.535625 0.054149 0.091250
0 0.207103 0.533125 0.051336 0.091250
0 0.577356 0.438125 0.053446 0.088750
0 0.306962 0.483750 0.052743 0.090000
0 0.560830 0.269375 0.051336 0.083750
0 0.417370 0.610625 0.054149 0.093750
0 0.213783 0.713125 0.052039 0.093750
0 0.162096 0.736875 0.051336 0.096250
0 0.110056 0.671250 0.086498 0.115000
0 0.755977 0.440625 0.137834 0.123750
0 0.431786 0.701875 0.255977 0.203750
0 0.113572 0.861875 0.066807 0.108750
0 0.321027 0.388750 0.051336 0.082500
0 0.479255 0.487500 0.052743 0.087500
0 0.157525 0.557500 0.049226 0.092500
0 0.598805 0.338750 0.054149 0.087500
0 0.517229 0.560000 0.052743 0.090000
0 0.502461 0.385000 0.051336 0.087500
0 0.616034 0.509375 0.054852 0.088750
0 0.405063 0.435000 0.050633 0.090000
0 0.608298 0.246250 0.052039 0.082500
