0 0.500670 0.651551 1.000000 0.599045
0 0.155161 0.521480 0.034182 0.057279
0 0.480563 0.590095 0.029491 0.056086
0 0.389745 0.723747 0.032842 0.060859
0 0.349196 0.723150 0.033512 0.057279
0 0.291555 0.653938 0.033512 0.057279
0 0.074397 0.518496 0.034853 0.058473
0 0.425268 0.526850 0.031501 0.058473
0 0.451408 0.654535 0.030161 0.058473
0 0.114276 0.520286 0.034182 0.057279
0 0.212466 0.653938 0.036193 0.059666
0 0.267426 0.721360 0.034853 0.058473
0 0.271448 0.523866 0.032172 0.057279
0 0.462802 0.527446 0.031501 0.057279
0 0.101542 0.720764 0.035523 0.064439
0 0.612936 0.798329 0.056971 0.064439
0 0.309651 0.798926 0.231903 0.075179
0 0.310322 0.523866 0.030831 0.057279
0 0.607909 0.624702 0.053619 0.130072
0 0.348861 0.524463 0.031501 0.056086
0 0.055965 0.723747 0.050268 0.065632
0 0.076743 0.585919 0.058311 0.059666
0 0.143432 0.721360 0.034853 0.060859
0 0.537869 0.527446 0.030161 0.054893
0 0.252681 0.653341 0.030831 0.058473
0 0.286193 0.587112 0.032172 0.057279
0 0.372654 0.653341 0.029491 0.056086
0 0.073391 0.651551 0.066354 0.059666
0 0.052614 0.797136 0.067694 0.071599
0 0.193029 0.522673 0.033512 0.057279
0 0.490617 0.656325 0.030831 0.057279
0 0.332105 0.653938 0.034182 0.057279
0 0.208110 0.587112 0.034182 0.059666
0 0.519437 0.590095 0.030831 0.056086
0 0.500670 0.527446 0.030831 0.057279
0 0.171247 0.653341 0.034182 0.060859
0 0.403820 0.588305 0.030161 0.054893
0 0.308981 0.721957 0.032172 0.059666
0 0.387064 0.526253 0.031501 0.057279
0 0.161863 0.795943 0.047587 0.066826
0 0.246984 0.587112 0.031501 0.057279
0 0.557976 0.591885 0.031501 0.057279
0 0.530161 0.655728 0.030831 0.058473
0 0.411863 0.654535 0.031501 0.058473
0 0.596180 0.527446 0.069035 0.057279
0 0.470174 0.723747 0.031501 0.058473
0 0.441689 0.589499 0.030831 0.054893
0 0.364611 0.587709 0.032172 0.056086
0 0.429625 0.723150 0.030831 0.059666
0 0.184987 0.721957 0.034853 0.059666
0 0.127346 0.585919 0.036193 0.057279
0 0.585791 0.723747 0.100536 0.058473
0 0.326072 0.587112 0.030161 0.054893
0 0.227547 0.722554 0.039544 0.060859
0 0.568700 0.656921 0.031501 0.060859
0 0.454759 0.795346 0.043566 0.063246
0 0.509718 0.724344 0.031501 0.059666
0 0.232239 0.522673 0.031501 0.057279
0 0.166890 0.585322 0.033512 0.056086
0 0.131032 0.652148 0.038204 0.058473
