0 0.572529 0.672089 0.097561 0.044521
0 0.521502 0.624144 0.032734 0.044521
0 0.098845 0.724315 0.056483 0.047945
0 0.306804 0.623716 0.030809 0.043664
0 0.359114 0.672945 0.030167 0.044521
0 0.216303 0.530822 0.033376 0.044521
0 0.265725 0.577055 0.032092 0.042808
0 0.414313 0.623288 0.031451 0.042808
0 0.459564 0.528682 0.033376 0.045377
0 0.557445 0.624144 0.034018 0.044521
0 0.424583 0.529110 0.032734 0.044521
0 0.476573 0.575342 0.032734 0.042808
0 0.177150 0.672945 0.032092 0.044521
0 0.322208 0.672517 0.032092 0.045377
0 0.343068 0.624144 0.030167 0.042808
0 0.159499 0.577483 0.034018 0.043664
0 0.511874 0.575342 0.032734 0.044521
0 0.466945 0.672517 0.032734 0.043664
0 0.320924 0.529966 0.033376 0.044521
0 0.378370 0.623716 0.031451 0.043664
0 0.583440 0.527825 0.071887 0.045377
0 0.394416 0.673373 0.031451 0.045377
0 0.115212 0.625856 0.062259 0.044521
0 0.286264 0.530394 0.032092 0.043664
0 0.099807 0.674229 0.044288 0.045377
0 0.370347 0.576199 0.030809 0.042808
0 0.390244 0.529538 0.032092 0.045377
0 0.484917 0.623288 0.032734 0.044521
0 0.141849 0.672945 0.034660 0.046233
0 0.355584 0.529966 0.032092 0.044521
0 0.503209 0.672089 0.032092 0.044521
0 0.323492 0.723459 0.207959 0.047945
0 0.452503 0.722603 0.043646 0.047945
0 0.199615 0.624572 0.032092 0.043664
0 0.114891 0.578339 0.051348 0.043664
0 0.164634 0.625000 0.031451 0.042808
0 0.181964 0.530822 0.032734 0.044521
0 0.530167 0.528253 0.032092 0.044521
0 0.301027 0.576627 0.030809 0.041952
0 0.235558 0.624144 0.032092 0.042808
0 0.251284 0.530394 0.032734 0.043664
0 0.230103 0.576627 0.031451 0.043664
0 0.336008 0.576199 0.030167 0.042808
0 0.271502 0.624144 0.030809 0.042808
0 0.548139 0.575342 0.033376 0.044521
0 0.440950 0.575771 0.032092 0.043664
0 0.494544 0.528253 0.032734 0.044521
0 0.195443 0.577483 0.031451 0.043664
0 0.111040 0.531678 0.033376 0.044521
0 0.430359 0.673373 0.032734 0.045377
0 0.596598 0.723459 0.055841 0.047945
0 0.594673 0.600599 0.051990 0.095034
0 0.449294 0.623716 0.030809 0.043664
0 0.249679 0.672517 0.032092 0.045377
0 0.213736 0.672945 0.030809 0.044521
0 0.146341 0.531678 0.033376 0.044521
0 0.502888 0.596747 0.906932 0.405822
0 0.285944 0.672945 0.031451 0.044521
0 0.194801 0.723887 0.041720 0.047089
0 0.405969 0.575771 0.031451 0.041952
