0 0.580893 0.206543 0.043192 0.049805
0 0.431552 0.205078 0.043192 0.048828
0 0.404832 0.262207 0.043924 0.051758
0 0.337848 0.379395 0.044656 0.055664
0 0.647145 0.441895 0.045388 0.055664
0 0.720717 0.321777 0.044656 0.053711
0 0.166545 0.438965 0.073939 0.057617
0 0.415447 0.320312 0.044656 0.052734
0 0.655930 0.263672 0.043924 0.052734
0 0.645681 0.381348 0.045388 0.055664
0 0.806003 0.264160 0.043924 0.051758
0 0.187408 0.260742 0.080527 0.052734
0 0.620059 0.320801 0.045388 0.053711
0 0.606149 0.262695 0.043924 0.052734
0 0.189239 0.318848 0.094436 0.053711
0 0.286969 0.379883 0.045388 0.054688
0 0.595168 0.381348 0.045388 0.055664
0 0.440337 0.380371 0.044656 0.055664
0 0.334553 0.440918 0.045388 0.055664
0 0.284041 0.205566 0.043924 0.049805
0 0.517570 0.320312 0.043924 0.052734
0 0.748902 0.381836 0.045388 0.054688
0 0.465959 0.319824 0.043192 0.053711
0 0.543192 0.381348 0.045388 0.055664
0 0.314056 0.319336 0.043924 0.052734
0 0.234627 0.205566 0.043192 0.049805
0 0.555637 0.263184 0.045388 0.053711
0 0.756223 0.263672 0.043924 0.052734
0 0.706442 0.263672 0.043924 0.052734
0 0.332357 0.205566 0.043924 0.049805
0 0.235725 0.378906 0.045388 0.054688
0 0.388726 0.379883 0.045388 0.054688
0 0.876647 0.294434 0.087116 0.112305
0 0.304905 0.261719 0.044656 0.052734
0 0.568448 0.320312 0.044656 0.052734
0 0.531113 0.206543 0.043192 0.049805
0 0.454978 0.262207 0.044656 0.053711
0 0.697291 0.381836 0.046120 0.054688
0 0.679356 0.207520 0.043924 0.051758
0 0.491581 0.380371 0.046120 0.055664
0 0.849927 0.381348 0.146413 0.055664
0 0.354685 0.262207 0.044656 0.053711
0 0.857613 0.207520 0.104685 0.049805
0 0.364568 0.319824 0.043924 0.053711
0 0.179722 0.205078 0.054905 0.048828
0 0.821376 0.322754 0.043924 0.053711
0 0.670205 0.321777 0.044656 0.053711
0 0.533675 0.331543 0.819912 0.399414
0 0.630307 0.207031 0.043924 0.050781
0 0.777818 0.207520 0.043192 0.049805
0 0.382138 0.205566 0.042460 0.049805
0 0.491215 0.441895 0.251830 0.055664
0 0.255124 0.261230 0.044656 0.051758
0 0.728770 0.207031 0.043192 0.050781
0 0.480966 0.205566 0.042460 0.049805
0 0.170937 0.377441 0.071010 0.055664
0 0.771962 0.322266 0.044656 0.054688
0 0.505490 0.262207 0.043192 0.051758
0 0.750366 0.442383 0.045388 0.054688
0 0.264275 0.319336 0.043924 0.052734
