0 0.493011 0.281356 0.045743 0.062712
0 0.399301 0.354237 0.046379 0.061017
0 0.452986 0.353390 0.045743 0.062712
0 0.439327 0.280932 0.046379 0.063559
0 0.239835 0.354237 0.045108 0.061017
0 0.146442 0.210169 0.046379 0.064407
0 0.666137 0.352966 0.047649 0.063559
0 0.559720 0.353390 0.045743 0.062712
0 0.385959 0.281356 0.046379 0.062712
0 0.705527 0.425000 0.073062 0.061864
0 0.652160 0.498305 0.075604 0.062712
0 0.599428 0.280508 0.046379 0.062712
0 0.305273 0.209746 0.046379 0.063559
0 0.638818 0.425847 0.047649 0.063559
0 0.332910 0.281356 0.045743 0.062712
0 0.173126 0.281780 0.045108 0.061864
0 0.506671 0.353814 0.046379 0.063559
0 0.680432 0.206780 0.047014 0.062712
0 0.051144 0.499576 0.056544 0.061864
0 0.320521 0.425847 0.046379 0.061864
0 0.719187 0.352119 0.047014 0.065254
0 0.706480 0.279661 0.047014 0.066102
0 0.374841 0.498729 0.260483 0.061864
0 0.042884 0.211017 0.040025 0.064407
0 0.753812 0.206780 0.087039 0.062712
0 0.199492 0.210593 0.047014 0.065254
0 0.373888 0.426271 0.047649 0.062712
0 0.292567 0.354237 0.045108 0.061017
0 0.056544 0.282627 0.064803 0.061864
0 0.279543 0.282203 0.045743 0.062712
0 0.252541 0.210169 0.046379 0.062712
0 0.652478 0.280085 0.048285 0.065254
0 0.585769 0.425847 0.047014 0.061864
0 0.267154 0.425847 0.046379 0.061864
0 0.213469 0.499576 0.045743 0.061864
0 0.612452 0.353814 0.047014 0.063559
0 0.119759 0.283051 0.045108 0.064407
0 0.532719 0.497881 0.046379 0.061864
0 0.479352 0.426271 0.047649 0.064407
0 0.107370 0.426695 0.044473 0.061864
0 0.186468 0.354661 0.045108 0.061864
0 0.546379 0.280932 0.047014 0.063559
0 0.226175 0.282627 0.045743 0.063559
0 0.572745 0.208051 0.047649 0.065254
0 0.133736 0.355085 0.045108 0.061017
0 0.093710 0.211017 0.045108 0.061017
0 0.508895 0.331356 0.983482 0.444068
0 0.766201 0.316102 0.059720 0.137288
0 0.625794 0.207627 0.047014 0.064407
0 0.160737 0.427119 0.045743 0.061017
0 0.050508 0.427542 0.054003 0.060169
0 0.465693 0.208898 0.047014 0.065254
0 0.532402 0.425424 0.045743 0.061017
0 0.358640 0.208898 0.046379 0.063559
0 0.519377 0.208475 0.046379 0.064407
0 0.346569 0.353814 0.046379 0.061864
0 0.412325 0.208898 0.047014 0.063559
0 0.063850 0.354661 0.078145 0.060169
0 0.213787 0.426695 0.045108 0.061864
0 0.426620 0.426271 0.046379 0.061017
