0 0.198711 0.567762 0.036598 0.027721
0 0.441495 0.601899 0.035567 0.029261
0 0.405670 0.597279 0.036082 0.029261
0 0.584794 0.622433 0.036598 0.030287
0 0.476804 0.608060 0.037113 0.029261
0 0.630670 0.659651 0.038660 0.030801
0 0.236598 0.632700 0.038144 0.030287
0 0.380928 0.717916 0.201031 0.055955
0 0.557216 0.649384 0.037113 0.028747
0 0.494072 0.702002 0.038660 0.029261
0 0.238402 0.603183 0.039691 0.029774
0 0.384794 0.685575 0.040722 0.030287
0 0.558763 0.680441 0.038144 0.029261
0 0.498196 0.734343 0.040722 0.031314
0 0.632990 0.691222 0.038144 0.030287
0 0.676804 0.680441 0.052577 0.064168
0 0.513402 0.612166 0.038144 0.031314
0 0.242784 0.664271 0.039175 0.029774
0 0.674742 0.636037 0.074227 0.032854
0 0.342526 0.648614 0.037629 0.028234
0 0.420876 0.691222 0.038660 0.030287
0 0.457990 0.696612 0.039691 0.030801
0 0.497680 0.668121 0.766495 0.285934
0 0.377835 0.653747 0.038144 0.029261
0 0.596134 0.685832 0.039691 0.029774
0 0.484794 0.638604 0.037629 0.029774
0 0.266495 0.698922 0.040206 0.030287
0 0.567784 0.712526 0.038660 0.029774
0 0.306701 0.643224 0.038144 0.029774
0 0.413402 0.628337 0.038144 0.028747
0 0.336082 0.586756 0.036082 0.029774
0 0.530412 0.706879 0.038144 0.028747
0 0.521907 0.675051 0.036598 0.029774
0 0.486082 0.669918 0.038144 0.029774
0 0.593557 0.654517 0.037629 0.029774
0 0.272423 0.607803 0.037629 0.029774
0 0.579897 0.749230 0.050515 0.034394
0 0.449742 0.664271 0.037629 0.030801
0 0.449227 0.633727 0.037629 0.029261
0 0.156186 0.684805 0.049485 0.030801
0 0.621134 0.627310 0.036082 0.030801
0 0.618041 0.719713 0.063918 0.032854
0 0.520876 0.644507 0.037629 0.029261
0 0.271392 0.637577 0.037629 0.029774
0 0.413660 0.658881 0.037629 0.029261
0 0.267526 0.577259 0.038144 0.029261
0 0.313144 0.675051 0.038660 0.029774
0 0.195361 0.597279 0.055670 0.031314
0 0.168299 0.652977 0.053093 0.032854
0 0.548711 0.617300 0.036598 0.030287
0 0.188918 0.626027 0.066495 0.032341
0 0.277835 0.669405 0.038144 0.028747
0 0.348711 0.680185 0.038660 0.029774
0 0.301804 0.581622 0.037629 0.029774
0 0.370619 0.592146 0.037113 0.029261
0 0.231959 0.572895 0.037113 0.027721
0 0.309021 0.616016 0.037629 0.028747
0 0.342526 0.618070 0.037629 0.028747
0 0.207474 0.658624 0.039691 0.030801
0 0.377835 0.623203 0.037113 0.029774
