0 0.651366 0.290433 0.073596 0.079727
0 0.355463 0.527335 0.075114 0.086560
0 0.359636 0.347950 0.074355 0.083144
0 0.165402 0.666856 0.088012 0.101367
0 0.475341 0.411731 0.075114 0.085421
0 0.623293 0.381549 0.075114 0.086560
0 0.584977 0.477221 0.080425 0.091116
0 0.155539 0.478929 0.101669 0.096811
0 0.734067 0.445330 0.078149 0.086560
0 0.432853 0.332574 0.070561 0.082005
0 0.768209 0.349658 0.073596 0.082005
0 0.400986 0.427107 0.075114 0.086560
0 0.188164 0.763667 0.118361 0.119590
0 0.209029 0.378702 0.069044 0.083144
0 0.176404 0.567198 0.126707 0.104784
0 0.987102 0.477790 0.027314 0.085421
0 0.509484 0.494875 0.078149 0.089977
0 0.250000 0.645216 0.078149 0.099089
0 0.910850 0.321754 0.076631 0.080866
0 0.578907 0.304100 0.072838 0.079727
0 0.993171 0.386105 0.015175 0.079727
0 0.902883 0.596241 0.083460 0.094533
0 0.133156 0.394647 0.070561 0.083144
0 0.983308 0.220957 0.034901 0.075171
0 0.807663 0.429954 0.076631 0.087699
0 0.790592 0.525057 0.081942 0.088838
0 0.723065 0.275626 0.074355 0.077449
0 0.330425 0.627563 0.078149 0.095672
0 0.971548 0.307517 0.058422 0.082005
0 0.695751 0.366173 0.075873 0.085421
0 0.640744 0.557517 0.081184 0.092255
0 0.548938 0.395786 0.073596 0.085421
0 0.284522 0.363326 0.072838 0.084282
0 0.939681 0.492597 0.082701 0.087699
0 0.716237 0.541002 0.080425 0.091116
0 0.487860 0.592255 0.080425 0.093394
0 0.246965 0.460137 0.078149 0.088838
0 0.793627 0.261390 0.072838 0.078588
0 0.952200 0.400342 0.080425 0.083144
0 0.432853 0.510251 0.075114 0.086560
0 0.659712 0.461276 0.079666 0.086560
0 0.278073 0.543280 0.072079 0.086560
0 0.932853 0.233485 0.076631 0.077449
0 0.526935 0.490319 0.947648 0.723235
0 0.864947 0.507403 0.081942 0.087699
0 0.679439 0.647494 0.386191 0.169704
0 0.506070 0.318907 0.072838 0.079727
0 0.448786 0.699886 0.081184 0.101367
0 0.323596 0.443052 0.070561 0.082005
0 0.409332 0.610478 0.078149 0.095672
0 0.564492 0.575171 0.080425 0.091116
0 0.839909 0.335991 0.077390 0.082005
0 0.863050 0.247153 0.075114 0.077449
0 0.880121 0.414009 0.077390 0.085421
