0 0.386458 0.464583 0.045833 0.051389
0 0.597396 0.360417 0.044792 0.048611
0 0.693229 0.365278 0.046875 0.047222
0 0.670833 0.538889 0.052083 0.061111
0 0.625521 0.416667 0.046875 0.052778
0 0.590625 0.474306 0.045833 0.054167
0 0.408333 0.527778 0.047917 0.058333
0 0.237500 0.590278 0.054167 0.063889
0 0.326562 0.400694 0.046875 0.051389
0 0.476562 0.409028 0.044792 0.054167
0 0.461458 0.529167 0.045833 0.058333
0 0.740625 0.479861 0.050000 0.059722
0 0.673438 0.418750 0.046875 0.054167
0 0.576562 0.415278 0.046875 0.050000
0 0.255208 0.338194 0.047917 0.051389
0 0.106250 0.328472 0.045833 0.054167
0 0.355729 0.525000 0.048958 0.058333
0 0.190625 0.518750 0.052083 0.059722
0 0.108333 0.386806 0.072917 0.059722
0 0.643750 0.361806 0.043750 0.048611
0 0.452604 0.351389 0.042708 0.050000
0 0.690104 0.606250 0.082292 0.065278
0 0.333854 0.461111 0.046875 0.055556
0 0.173437 0.453472 0.051042 0.056944
0 0.245833 0.521528 0.052083 0.056944
0 0.568750 0.600694 0.050000 0.062500
0 0.514583 0.532639 0.050000 0.059722
0 0.377604 0.403472 0.044792 0.051389
0 0.305208 0.342361 0.045833 0.048611
0 0.488021 0.468056 0.044792 0.055556
0 0.426563 0.406250 0.042708 0.051389
0 0.205208 0.334722 0.047917 0.050000
0 0.642188 0.477778 0.051042 0.055556
0 0.280208 0.459028 0.047917 0.054167
0 0.567187 0.534722 0.048958 0.058333
0 0.722396 0.420139 0.046875 0.054167
0 0.300521 0.523611 0.051042 0.058333
0 0.169792 0.391667 0.050000 0.052778
0 0.102604 0.447222 0.088542 0.063889
0 0.619271 0.536111 0.051042 0.061111
0 0.507812 0.453472 0.978125 0.423611
0 0.757292 0.367361 0.077083 0.051389
0 0.404167 0.349306 0.043750 0.048611
0 0.135417 0.515278 0.054167 0.063889
0 0.061979 0.582639 0.071875 0.068056
0 0.501042 0.354861 0.043750 0.051389
0 0.402083 0.595833 0.268750 0.066667
0 0.436979 0.466667 0.044792 0.052778
0 0.539583 0.471528 0.045833 0.054167
0 0.692187 0.479167 0.051042 0.055556
0 0.273958 0.397222 0.047917 0.052778
0 0.779167 0.454167 0.066667 0.113889
0 0.355208 0.345833 0.043750 0.047222
0 0.076042 0.513889 0.064583 0.063889
0 0.154688 0.331944 0.048958 0.050000
0 0.735417 0.540972 0.077083 0.062500
0 0.527083 0.411806 0.043750 0.051389
0 0.226042 0.456250 0.050000 0.054167
0 0.221875 0.393750 0.047917 0.054167
0 0.549479 0.357639 0.042708 0.051389
