0 0.393015 0.415656 0.088971 0.127894
0 0.458824 0.508269 0.083824 0.114664
0 0.555147 0.345645 0.089706 0.120176
0 0.280147 0.591510 0.113235 0.140022
0 0.792279 0.238699 0.088971 0.126792
0 0.319118 0.824697 0.092647 0.136714
0 0.824265 0.721610 0.348529 0.300992
0 0.634926 0.312569 0.090441 0.117971
0 0.861765 0.329658 0.091176 0.121279
0 0.315074 0.700662 0.137500 0.148842
0 0.491544 0.746968 0.093382 0.135612
0 0.376103 0.547409 0.090441 0.128997
0 0.824265 0.592062 0.095588 0.130099
0 0.671324 0.535832 0.091176 0.123484
0 0.236397 0.481257 0.068382 0.117971
0 0.941912 0.290518 0.095588 0.126792
0 0.948162 0.174752 0.090441 0.120176
0 0.659559 0.669239 0.092647 0.130099
0 0.701838 0.400221 0.090441 0.121279
0 0.309926 0.450937 0.087500 0.130099
0 0.782721 0.364388 0.088971 0.120176
0 0.741544 0.630650 0.093382 0.127894
0 0.541176 0.472988 0.091176 0.125689
0 0.912132 0.425028 0.091912 0.122381
0 0.968750 0.519846 0.059559 0.124587
0 0.713235 0.276185 0.091176 0.122381
0 0.589706 0.572767 0.085294 0.122381
0 0.833456 0.461411 0.091912 0.124587
0 0.474265 0.380375 0.089706 0.127894
0 0.973162 0.402977 0.049265 0.109151
0 0.752574 0.499449 0.093382 0.123484
0 0.586765 0.506615 0.822059 0.980154
0 0.576103 0.707828 0.091912 0.132304
0 0.406618 0.786659 0.092647 0.133407
0 0.621324 0.436604 0.091176 0.121279
0 0.422794 0.647189 0.085294 0.121279
0 0.506250 0.611356 0.086029 0.124587
0 0.345588 0.938809 0.098529 0.120176
0 0.905515 0.555127 0.090441 0.128997
0 0.871691 0.206725 0.090441 0.120176
0 0.614706 0.831863 0.122059 0.170893
