0 0.533357 0.572180 0.048063 0.062141
0 0.705524 0.468451 0.059541 0.131931
0 0.650646 0.572658 0.073171 0.063098
0 0.019727 0.367113 0.038020 0.063098
0 0.569225 0.369503 0.045194 0.058317
0 0.302367 0.503346 0.046628 0.060229
0 0.600430 0.643403 0.076040 0.065010
0 0.290890 0.435946 0.045194 0.059273
0 0.138809 0.435946 0.045194 0.059273
0 0.240316 0.436424 0.045911 0.058317
0 0.223816 0.571702 0.047346 0.063098
0 0.519369 0.369981 0.045911 0.059273
0 0.169656 0.641969 0.046628 0.064054
0 0.251435 0.503824 0.045194 0.061185
0 0.116571 0.368069 0.046628 0.059273
0 0.120158 0.571702 0.046628 0.061185
0 0.068149 0.571224 0.047346 0.064054
0 0.148135 0.503346 0.046628 0.060229
0 0.620875 0.369503 0.045194 0.058317
0 0.367647 0.369981 0.045194 0.059273
0 0.544476 0.435946 0.045911 0.059273
0 0.317073 0.370459 0.044476 0.058317
0 0.392037 0.436424 0.045194 0.060229
0 0.404232 0.503346 0.045194 0.062141
0 0.481349 0.571702 0.047346 0.061185
0 0.087518 0.435946 0.045911 0.061185
0 0.469154 0.369981 0.044476 0.059273
0 0.418221 0.370459 0.044476 0.058317
0 0.030129 0.434034 0.058824 0.061185
0 0.585007 0.572658 0.048063 0.061185
0 0.378407 0.572180 0.048063 0.062141
0 0.482066 0.641969 0.047346 0.064054
0 0.443329 0.435946 0.045911 0.059273
0 0.455524 0.503824 0.045911 0.061185
0 0.189024 0.435468 0.046628 0.060229
0 0.020445 0.571702 0.039455 0.063098
0 0.609756 0.503824 0.047346 0.061185
0 0.595409 0.435946 0.047346 0.061185
0 0.341463 0.435946 0.044476 0.059273
0 0.172166 0.571702 0.047346 0.063098
0 0.429699 0.572658 0.047346 0.063098
0 0.506815 0.503824 0.045194 0.061185
0 0.064921 0.368069 0.045194 0.059273
0 0.266858 0.370459 0.044476 0.058317
0 0.353300 0.503346 0.045194 0.060229
0 0.275825 0.572180 0.046628 0.062141
0 0.019369 0.641491 0.037303 0.066922
0 0.166428 0.369025 0.045911 0.059273
0 0.216284 0.369025 0.045194 0.059273
0 0.325681 0.641013 0.256815 0.065966
0 0.691535 0.368069 0.083214 0.059273
0 0.096485 0.502390 0.046628 0.060229
0 0.647418 0.435946 0.046628 0.061185
0 0.200143 0.503346 0.045911 0.060229
0 0.035151 0.501434 0.068867 0.060229
0 0.326758 0.572180 0.048063 0.062141
0 0.493544 0.436424 0.044476 0.060229
0 0.558106 0.503824 0.045911 0.061185
0 0.661765 0.503824 0.046628 0.063098
0 0.472740 0.476577 0.944046 0.433078
