0 0.407209 0.573666 0.216258 0.075406
0 0.243482 0.441995 0.039110 0.048724
0 0.137653 0.381671 0.054448 0.053364
0 0.534893 0.323666 0.040644 0.051044
0 0.732362 0.412993 0.042945 0.120650
0 0.353144 0.321926 0.040644 0.049884
0 0.604294 0.381671 0.039877 0.053364
0 0.291028 0.441995 0.037577 0.048724
0 0.420629 0.381090 0.040644 0.054524
0 0.170245 0.504640 0.042945 0.058005
0 0.374233 0.379930 0.039877 0.054524
0 0.266488 0.575986 0.054448 0.070766
0 0.171779 0.321926 0.039877 0.054524
0 0.618482 0.443155 0.042178 0.055684
0 0.722393 0.324246 0.052147 0.052204
0 0.664877 0.443155 0.041411 0.058005
0 0.131135 0.323086 0.032209 0.052204
0 0.197469 0.441995 0.039110 0.048724
0 0.327454 0.380510 0.041411 0.055684
0 0.139571 0.441995 0.065951 0.055684
0 0.502684 0.504060 0.043712 0.061485
0 0.489647 0.323086 0.040644 0.054524
0 0.360046 0.504060 0.042178 0.059165
0 0.431748 0.441415 0.041411 0.059165
0 0.513037 0.380510 0.039877 0.053364
0 0.690567 0.381671 0.029908 0.055684
0 0.189417 0.380510 0.042945 0.055684
0 0.705521 0.441995 0.032209 0.058005
0 0.307899 0.320766 0.040644 0.052204
0 0.467025 0.380510 0.041411 0.055684
0 0.714724 0.505220 0.090491 0.059165
0 0.337423 0.440255 0.041411 0.059165
0 0.491564 0.435615 0.811350 0.377030
0 0.455521 0.504060 0.042945 0.059165
0 0.407209 0.503480 0.042945 0.060325
0 0.650690 0.382251 0.040644 0.054524
0 0.216641 0.321926 0.042178 0.054524
0 0.122699 0.504060 0.044479 0.059165
0 0.571702 0.441995 0.040644 0.058005
0 0.264954 0.504060 0.042178 0.059165
0 0.261887 0.321346 0.042178 0.055684
0 0.643405 0.505220 0.042945 0.059165
0 0.281442 0.379930 0.041411 0.054524
0 0.478144 0.441415 0.040644 0.059165
0 0.625767 0.324246 0.039877 0.049884
0 0.217408 0.504060 0.042178 0.059165
0 0.547929 0.575406 0.054448 0.071926
0 0.525307 0.441995 0.041411 0.058005
0 0.600844 0.576566 0.045245 0.074246
0 0.384586 0.441415 0.040644 0.056845
0 0.116948 0.575406 0.046779 0.071926
0 0.444402 0.320766 0.040644 0.054524
0 0.398773 0.321346 0.039877 0.051044
0 0.580138 0.324246 0.040644 0.052204
0 0.559049 0.381090 0.039877 0.054524
0 0.236196 0.381090 0.038344 0.049884
0 0.671012 0.325406 0.039877 0.052204
0 0.549463 0.505220 0.042178 0.059165
0 0.597009 0.505220 0.042178 0.059165
0 0.312883 0.504640 0.042945 0.058005
