0 0.160223 0.350515 0.035223 0.051546
0 0.554124 0.461340 0.037801 0.054124
0 0.595790 0.461985 0.038660 0.055412
0 0.637457 0.459407 0.037801 0.057990
0 0.338488 0.404639 0.036082 0.054124
0 0.625000 0.400129 0.036942 0.055412
0 0.471220 0.462629 0.036942 0.054124
0 0.200172 0.349227 0.036082 0.051546
0 0.671392 0.427835 0.047251 0.118557
0 0.161512 0.528995 0.037801 0.055412
0 0.130155 0.408505 0.050687 0.054124
0 0.359966 0.346005 0.036082 0.052835
0 0.420103 0.403351 0.036082 0.054124
0 0.265893 0.467139 0.036942 0.055412
0 0.298110 0.407216 0.036082 0.054124
0 0.326031 0.527062 0.036942 0.054124
0 0.184278 0.467784 0.036942 0.054124
0 0.319588 0.346649 0.036082 0.051546
0 0.502577 0.402706 0.036082 0.052835
0 0.603522 0.341495 0.035223 0.051546
0 0.217354 0.407216 0.036082 0.054124
0 0.450601 0.525129 0.038660 0.057990
0 0.562715 0.342139 0.036082 0.052835
0 0.177405 0.408505 0.036942 0.054124
0 0.658935 0.338918 0.065292 0.054124
0 0.284794 0.527706 0.036942 0.055412
0 0.347509 0.465851 0.036942 0.055412
0 0.542955 0.402062 0.036082 0.051546
0 0.583763 0.400773 0.036942 0.054124
0 0.243986 0.527706 0.036082 0.055412
0 0.473368 0.449098 0.785223 0.377577
0 0.224656 0.466495 0.036942 0.054124
0 0.408076 0.525129 0.037801 0.055412
0 0.306701 0.467139 0.036082 0.055412
0 0.379725 0.404639 0.036082 0.054124
0 0.628007 0.521907 0.058419 0.056701
0 0.588058 0.586340 0.059278 0.059278
0 0.481959 0.343428 0.036082 0.052835
0 0.117698 0.528995 0.041237 0.055412
0 0.522337 0.343428 0.036082 0.052835
0 0.132302 0.467784 0.061856 0.054124
0 0.239691 0.348582 0.036082 0.052835
0 0.441151 0.344716 0.036942 0.052835
0 0.279639 0.347294 0.035223 0.052835
0 0.429553 0.463273 0.036082 0.055412
0 0.241838 0.591495 0.036942 0.056701
0 0.533935 0.523840 0.036942 0.055412
0 0.366838 0.526418 0.037801 0.055412
0 0.122423 0.349871 0.031787 0.052835
0 0.461340 0.402706 0.036082 0.052835
0 0.367698 0.588918 0.204467 0.059278
0 0.258162 0.407216 0.036942 0.054124
0 0.388316 0.464562 0.036082 0.055412
0 0.493557 0.587629 0.038660 0.056701
0 0.575172 0.522552 0.036942 0.055412
0 0.400344 0.344716 0.036082 0.052835
0 0.202320 0.528351 0.036942 0.054124
0 0.492268 0.523840 0.037801 0.055412
0 0.114691 0.592139 0.045533 0.057990
0 0.512887 0.462629 0.036082 0.054124
