0 0.454308 0.531304 0.036554 0.043478
0 0.366841 0.393913 0.033943 0.043478
0 0.473238 0.481739 0.032637 0.041739
0 0.140992 0.490435 0.062663 0.048696
0 0.494125 0.529565 0.035248 0.043478
0 0.354439 0.485217 0.035248 0.041739
0 0.432768 0.481739 0.035248 0.045217
0 0.414491 0.533043 0.035248 0.043478
0 0.292428 0.535652 0.036554 0.045217
0 0.496084 0.580870 0.036554 0.048696
0 0.248042 0.587826 0.039164 0.052174
0 0.137076 0.398261 0.033943 0.041739
0 0.313969 0.486087 0.037859 0.043478
0 0.511749 0.480870 0.033943 0.043478
0 0.590731 0.388696 0.032637 0.040000
0 0.334204 0.534783 0.036554 0.046957
0 0.213446 0.396522 0.037859 0.041739
0 0.500653 0.434783 0.032637 0.041739
0 0.372715 0.584348 0.199739 0.048696
0 0.208877 0.538261 0.039164 0.050435
0 0.627937 0.475652 0.036554 0.046957
0 0.346606 0.438261 0.035248 0.041739
0 0.227807 0.440000 0.037859 0.045217
0 0.533290 0.528696 0.035248 0.041739
0 0.193211 0.489565 0.039164 0.046957
0 0.267624 0.440000 0.036554 0.045217
0 0.187337 0.442609 0.040470 0.046957
0 0.173629 0.397391 0.036554 0.043478
0 0.575718 0.433043 0.033943 0.041739
0 0.641645 0.386087 0.061358 0.041739
0 0.479765 0.390435 0.032637 0.040000
0 0.469321 0.475652 0.763708 0.311304
0 0.167755 0.540870 0.040470 0.052174
0 0.462794 0.434783 0.032637 0.041739
0 0.142950 0.441739 0.053525 0.045217
0 0.424282 0.436522 0.033943 0.041739
0 0.233029 0.487826 0.037859 0.046957
0 0.517624 0.390435 0.032637 0.043478
0 0.374674 0.533913 0.036554 0.045217
0 0.571802 0.526957 0.033943 0.045217
0 0.328329 0.393043 0.035248 0.041739
0 0.124021 0.541739 0.046997 0.050435
0 0.251958 0.395652 0.036554 0.043478
0 0.273499 0.486957 0.037859 0.045217
0 0.289164 0.393913 0.037859 0.043478
0 0.553525 0.389565 0.031332 0.041739
0 0.620757 0.525217 0.056136 0.045217
0 0.251305 0.536522 0.037859 0.046957
0 0.442559 0.391304 0.031332 0.041739
0 0.307441 0.440000 0.035248 0.041739
0 0.385770 0.438261 0.035248 0.041739
0 0.404700 0.392174 0.033943 0.040000
0 0.656658 0.451304 0.046997 0.088696
0 0.538512 0.433913 0.032637 0.040000
0 0.589426 0.479130 0.035248 0.043478
0 0.549608 0.479130 0.033943 0.043478
0 0.118799 0.597391 0.049608 0.053913
0 0.614230 0.432174 0.035248 0.043478
0 0.586815 0.576522 0.058747 0.046957
0 0.393603 0.483478 0.035248 0.041739
