0 0.625000 0.445736 0.050633 0.139535
0 0.418513 0.755814 0.055380 0.147287
0 0.212025 0.290698 0.053797 0.147287
0 0.497627 0.445736 0.052215 0.139535
0 0.609177 0.753876 0.053797 0.135659
0 0.132120 0.598837 0.052215 0.143411
0 0.768196 0.600775 0.058544 0.147287
0 0.150316 0.290698 0.056962 0.147287
0 0.704905 0.600775 0.055380 0.147287
0 0.291930 0.757752 0.055380 0.143411
0 0.165348 0.755814 0.052215 0.139535
0 0.015032 0.288760 0.026899 0.143411
0 0.671677 0.753876 0.055380 0.135659
0 0.688291 0.445736 0.056962 0.147287
0 0.561709 0.445736 0.053797 0.139535
0 0.339399 0.290698 0.055380 0.147287
0 0.100475 0.755814 0.052215 0.139535
0 0.019778 0.916667 0.036392 0.158915
0 0.593354 0.916667 0.056962 0.151163
0 0.657437 0.290698 0.055380 0.147287
0 0.641614 0.600775 0.055380 0.147287
0 0.087025 0.290698 0.056962 0.147287
0 0.179589 0.445736 0.052215 0.139535
0 0.544304 0.755814 0.053797 0.139535
0 0.386076 0.600775 0.053797 0.147287
0 0.467563 0.292636 0.058544 0.151163
0 0.501582 0.503876 1.000000 1.000000
0 0.323576 0.602713 0.052215 0.143411
0 0.370253 0.447674 0.053797 0.143411
0 0.761076 0.755814 0.107595 0.147287
0 0.723892 0.914729 0.061709 0.155039
0 0.363133 0.914729 0.393987 0.155039
0 0.026899 0.600775 0.050633 0.147287
0 0.022943 0.443798 0.042722 0.143411
0 0.019778 0.755814 0.036392 0.147287
0 0.404272 0.292636 0.058544 0.151163
0 0.577532 0.600775 0.053797 0.139535
0 0.434335 0.445736 0.055380 0.147287
0 0.482595 0.755814 0.056962 0.147287
0 0.259494 0.602713 0.050633 0.143411
0 0.227848 0.755814 0.053797 0.139535
0 0.196203 0.600775 0.053797 0.139535
0 0.753165 0.443798 0.056962 0.143411
0 0.306962 0.445736 0.050633 0.139535
0 0.720728 0.288760 0.055380 0.143411
0 0.817247 0.290698 0.121835 0.147287
0 0.125000 0.914729 0.069620 0.147287
0 0.244462 0.445736 0.052215 0.139535
0 0.594937 0.290698 0.056962 0.147287
0 0.355222 0.755814 0.055380 0.147287
0 0.037975 0.753876 0.056962 0.143411
0 0.024525 0.292636 0.045886 0.143411
0 0.514241 0.602713 0.053797 0.143411
0 0.116297 0.443798 0.052215 0.143411
0 0.275316 0.290698 0.053797 0.147287
0 0.450158 0.600775 0.055380 0.147287
0 0.834652 0.527132 0.093354 0.317829
0 0.068829 0.602713 0.052215 0.143411
0 0.053006 0.445736 0.055380 0.147287
0 0.531646 0.290698 0.056962 0.147287
