0 0.215798 0.647297 0.047231 0.083784
0 0.548046 0.839189 0.047231 0.083784
0 0.722313 0.839189 0.047231 0.083784
0 0.404723 0.933784 0.047231 0.083784
0 0.501629 0.732432 1.000000 0.540541
0 0.070847 0.741892 0.047231 0.083784
0 0.128664 0.741892 0.045603 0.083784
0 0.765472 0.647297 0.104235 0.083784
0 0.245114 0.741892 0.047231 0.083784
0 0.621336 0.648649 0.047231 0.081081
0 0.462541 0.933784 0.048860 0.083784
0 0.706840 0.743243 0.048860 0.086486
0 0.491042 0.839189 0.047231 0.083784
0 0.274430 0.647297 0.047231 0.083784
0 0.520358 0.935135 0.047231 0.081081
0 0.592020 0.743243 0.047231 0.081081
0 0.476384 0.743243 0.047231 0.081081
0 0.316775 0.837838 0.047231 0.081081
0 0.017101 0.935135 0.030945 0.081081
0 0.505700 0.647297 0.047231 0.083784
0 0.781759 0.790541 0.074919 0.191892
0 0.432410 0.839189 0.047231 0.083784
0 0.373779 0.837838 0.047231 0.081081
0 0.173453 0.933784 0.047231 0.083784
0 0.013029 0.647297 0.022801 0.083784
0 0.447883 0.647297 0.048860 0.083784
0 0.157980 0.645946 0.048860 0.086486
0 0.289088 0.933784 0.047231 0.083784
0 0.186482 0.741892 0.047231 0.083784
0 0.663681 0.839189 0.047231 0.083784
0 0.636808 0.935135 0.048860 0.081081
0 0.115635 0.935135 0.045603 0.081081
0 0.534202 0.743243 0.048860 0.081081
0 0.418567 0.741892 0.048860 0.083784
0 0.678339 0.648649 0.047231 0.081081
0 0.302932 0.741892 0.045603 0.083784
0 0.231270 0.933784 0.048860 0.083784
0 0.100163 0.647297 0.047231 0.083784
0 0.143322 0.839189 0.045603 0.083784
0 0.649837 0.743243 0.048860 0.086486
0 0.606678 0.840541 0.047231 0.081081
0 0.564332 0.647297 0.047231 0.083784
0 0.360749 0.741892 0.047231 0.083784
0 0.346906 0.933784 0.048860 0.083784
0 0.332248 0.647297 0.048860 0.083784
0 0.041531 0.647297 0.047231 0.083784
0 0.258958 0.837838 0.045603 0.081081
0 0.020358 0.741892 0.037459 0.083784
0 0.057003 0.932432 0.045603 0.081081
0 0.578990 0.935135 0.047231 0.081081
0 0.715798 0.935135 0.089577 0.081081
0 0.201140 0.839189 0.047231 0.083784
0 0.084691 0.839189 0.045603 0.083784
0 0.390065 0.647297 0.047231 0.083784
0 0.026059 0.839189 0.048860 0.083784
