0 0.652819 0.401460 0.047478 0.131387
0 0.459199 0.693431 0.051929 0.138686
0 0.265579 0.255474 0.050445 0.138686
0 0.533383 0.401460 0.048961 0.131387
0 0.637982 0.691606 0.050445 0.127737
0 0.190653 0.545620 0.048961 0.135036
0 0.787092 0.547445 0.054896 0.138686
0 0.207715 0.255474 0.053412 0.138686
0 0.727745 0.547445 0.051929 0.138686
0 0.340504 0.695255 0.051929 0.135036
0 0.221810 0.693431 0.048961 0.131387
0 0.025223 0.253650 0.047478 0.135036
0 0.696588 0.691606 0.051929 0.127737
0 0.712166 0.401460 0.053412 0.138686
0 0.593472 0.401460 0.050445 0.131387
0 0.385015 0.255474 0.051929 0.138686
0 0.160979 0.693431 0.048961 0.131387
0 0.034125 0.844891 0.065282 0.149635
0 0.623145 0.844891 0.053412 0.142336
0 0.683234 0.255474 0.051929 0.138686
0 0.668398 0.547445 0.051929 0.138686
0 0.148368 0.255474 0.053412 0.138686
0 0.235163 0.401460 0.048961 0.131387
0 0.577151 0.693431 0.050445 0.131387
0 0.428783 0.547445 0.050445 0.138686
0 0.505193 0.257299 0.054896 0.142336
0 0.501484 0.501825 1.000000 0.996350
0 0.370178 0.549270 0.048961 0.135036
0 0.413947 0.403285 0.050445 0.135036
0 0.780415 0.693431 0.100890 0.138686
0 0.745549 0.843066 0.057864 0.145985
0 0.407270 0.843066 0.369436 0.145985
0 0.049703 0.547445 0.096439 0.138686
0 0.040801 0.399635 0.078635 0.135036
0 0.034866 0.693431 0.066766 0.138686
0 0.445846 0.257299 0.054896 0.142336
0 0.608309 0.547445 0.050445 0.131387
0 0.474036 0.401460 0.051929 0.138686
0 0.519288 0.693431 0.053412 0.138686
0 0.310089 0.549270 0.047478 0.135036
0 0.280415 0.693431 0.050445 0.131387
0 0.250742 0.547445 0.050445 0.131387
0 0.772997 0.399635 0.053412 0.135036
0 0.354599 0.401460 0.047478 0.131387
0 0.742582 0.253650 0.051929 0.135036
0 0.833086 0.255474 0.114243 0.138686
0 0.183976 0.843066 0.065282 0.138686
0 0.295994 0.401460 0.048961 0.131387
0 0.624629 0.255474 0.053412 0.138686
0 0.399852 0.693431 0.051929 0.138686
0 0.102374 0.691606 0.053412 0.135036
0 0.086053 0.257299 0.050445 0.135036
0 0.548961 0.549270 0.050445 0.135036
0 0.175816 0.399635 0.048961 0.135036
0 0.324926 0.255474 0.050445 0.138686
0 0.488872 0.547445 0.051929 0.138686
0 0.849407 0.478102 0.087537 0.299270
0 0.131306 0.549270 0.048961 0.135036
0 0.116469 0.401460 0.051929 0.138686
0 0.565282 0.255474 0.053412 0.138686
