0 0.213127 0.629283 0.025074 0.046729
0 0.263274 0.749221 0.026549 0.052960
0 0.151917 0.630841 0.026549 0.049844
0 0.389749 0.743769 0.024336 0.051402
0 0.141962 0.577103 0.027286 0.054517
0 0.182522 0.631620 0.027286 0.054517
0 0.358038 0.744548 0.024336 0.052960
0 0.062684 0.816978 0.045723 0.060748
0 0.102876 0.751558 0.030236 0.054517
0 0.231195 0.749221 0.025811 0.052960
0 0.382743 0.570872 0.020649 0.048287
0 0.202065 0.573988 0.023599 0.051402
0 0.234145 0.573209 0.021386 0.049844
0 0.154499 0.816199 0.044985 0.056075
0 0.134956 0.751558 0.028024 0.051402
0 0.186209 0.689252 0.025811 0.051402
0 0.405236 0.679907 0.804572 0.503115
0 0.495944 0.649533 0.043510 0.112150
0 0.485619 0.567757 0.053835 0.045171
0 0.421460 0.742212 0.024336 0.051402
0 0.075590 0.691589 0.043510 0.052960
0 0.441372 0.568536 0.022861 0.049844
0 0.275811 0.629283 0.025074 0.049844
0 0.293142 0.573209 0.021386 0.049844
0 0.248525 0.686137 0.025074 0.051402
0 0.311947 0.685358 0.023599 0.049844
0 0.456858 0.623832 0.024336 0.051402
0 0.506268 0.809190 0.034661 0.057632
0 0.119838 0.632399 0.028761 0.052960
0 0.078909 0.631620 0.042773 0.051402
0 0.466077 0.681464 0.025074 0.054517
0 0.064159 0.753115 0.035398 0.051402
0 0.384587 0.807632 0.034661 0.054517
0 0.294617 0.748442 0.025811 0.051402
0 0.280236 0.686916 0.025074 0.049844
0 0.373156 0.682243 0.023599 0.049844
0 0.343289 0.683801 0.022861 0.049844
0 0.122419 0.689252 0.026549 0.051402
0 0.154130 0.689252 0.026549 0.051402
0 0.435841 0.682243 0.023599 0.049844
0 0.244100 0.629283 0.025074 0.046729
0 0.327065 0.748442 0.025811 0.054517
0 0.366888 0.626168 0.024336 0.046729
0 0.199115 0.750000 0.028024 0.051402
0 0.263274 0.573209 0.022124 0.049844
0 0.323746 0.570872 0.022124 0.048287
0 0.352139 0.570872 0.022861 0.048287
0 0.167773 0.750779 0.027286 0.049844
0 0.110251 0.575545 0.025811 0.051402
0 0.306047 0.626947 0.025074 0.048287
0 0.336652 0.625389 0.022861 0.045171
0 0.217552 0.687695 0.025074 0.051402
0 0.397124 0.624611 0.022861 0.046729
0 0.426622 0.624611 0.024336 0.049844
0 0.271018 0.814642 0.179204 0.065421
0 0.080383 0.575545 0.026549 0.051402
0 0.404499 0.683022 0.024336 0.051402
0 0.172566 0.577103 0.026549 0.057632
0 0.411504 0.567757 0.025074 0.054517
0 0.481195 0.745327 0.083333 0.057632
