0 0.252362 0.665468 0.032389 0.043165
0 0.253711 0.811601 0.033738 0.044065
0 0.105263 0.862410 0.053981 0.050360
0 0.411269 0.714928 0.030364 0.043165
0 0.490216 0.764838 0.031714 0.044065
0 0.180162 0.665468 0.033738 0.043165
0 0.363360 0.812950 0.031714 0.044964
0 0.201754 0.762590 0.033738 0.043165
0 0.181174 0.810252 0.033063 0.043165
0 0.598853 0.869604 0.051957 0.052158
0 0.195682 0.713129 0.032389 0.043165
0 0.526316 0.765737 0.032389 0.044065
0 0.575236 0.815647 0.092443 0.043165
0 0.480769 0.739658 0.846829 0.391187
0 0.116734 0.761241 0.058030 0.042266
0 0.231444 0.713579 0.033738 0.044065
0 0.347841 0.763489 0.031714 0.043165
0 0.290823 0.811601 0.032389 0.044065
0 0.394737 0.667716 0.031039 0.042266
0 0.216599 0.665917 0.032389 0.044065
0 0.359649 0.667266 0.031039 0.043165
0 0.330634 0.866007 0.209177 0.052158
0 0.340081 0.714478 0.031039 0.044065
0 0.561741 0.766187 0.033063 0.046763
0 0.324561 0.666367 0.031039 0.043165
0 0.471660 0.813849 0.032389 0.044964
0 0.533738 0.669964 0.031039 0.043165
0 0.399460 0.813399 0.032389 0.045863
0 0.145074 0.810252 0.033738 0.046763
0 0.238192 0.763040 0.033738 0.044065
0 0.586707 0.670414 0.065452 0.042266
0 0.435897 0.813399 0.032389 0.045863
0 0.498988 0.669514 0.030364 0.042266
0 0.551619 0.718076 0.033063 0.044065
0 0.288462 0.666367 0.031714 0.043165
0 0.454791 0.763939 0.031039 0.044065
0 0.419366 0.763939 0.031714 0.044065
0 0.481107 0.715827 0.031039 0.043165
0 0.165992 0.762140 0.032389 0.044065
0 0.516532 0.717626 0.031714 0.043165
0 0.326923 0.812050 0.033063 0.044964
0 0.429825 0.667716 0.031039 0.042266
0 0.267881 0.714029 0.032389 0.043165
0 0.304656 0.714029 0.031714 0.043165
0 0.104926 0.810701 0.039811 0.044065
0 0.218286 0.811601 0.033063 0.044065
0 0.106950 0.663669 0.031714 0.041367
0 0.114372 0.713129 0.049258 0.043165
0 0.383266 0.763040 0.031039 0.044065
0 0.143725 0.665468 0.032389 0.043165
0 0.375843 0.714928 0.031039 0.043165
0 0.507422 0.815198 0.032389 0.045863
0 0.159244 0.713129 0.033738 0.043165
0 0.202429 0.864658 0.043185 0.051259
0 0.311066 0.762590 0.032389 0.043165
0 0.596491 0.743705 0.048583 0.093525
0 0.275304 0.762590 0.032389 0.043165
0 0.446356 0.714928 0.030364 0.043165
0 0.463900 0.668615 0.031714 0.044065
0 0.459177 0.866906 0.042510 0.052158
