0 0.129310 0.657155 0.044061 0.053663
0 0.590996 0.256388 0.078544 0.076661
0 0.204023 0.790460 0.047893 0.066440
0 0.450830 0.571550 0.052363 0.057922
0 0.409642 0.604344 0.050447 0.058773
0 0.513729 0.498296 0.973819 0.994889
0 0.442209 0.446337 0.045338 0.052811
0 0.522989 0.503407 0.048531 0.054514
0 0.558110 0.474446 0.048531 0.052811
0 0.537356 0.300681 0.042784 0.054514
0 0.289591 0.793441 0.061941 0.084327
0 0.251916 0.613288 0.047893 0.063032
0 0.478289 0.416099 0.047254 0.050256
0 0.405811 0.478279 0.047893 0.053663
0 0.329502 0.542589 0.044700 0.056218
0 0.285760 0.714651 0.045338 0.063032
0 0.323755 0.485945 0.047254 0.055366
0 0.367497 0.509796 0.045338 0.053663
0 0.170498 0.619250 0.044700 0.061329
0 0.160600 0.838160 0.068327 0.086882
0 0.505747 0.333049 0.044700 0.049404
0 0.209132 0.645230 0.042784 0.057070
0 0.662197 0.382453 0.104725 0.107325
0 0.286079 0.517462 0.042146 0.058773
0 0.618774 0.353492 0.049808 0.047700
0 0.584610 0.525128 0.061941 0.065588
0 0.115581 0.729557 0.065134 0.080920
0 0.178480 0.891397 0.061941 0.084327
0 0.208493 0.583475 0.044061 0.059625
0 0.170179 0.683135 0.047893 0.063032
0 0.087165 0.689949 0.042784 0.064736
0 0.246807 0.547700 0.042784 0.059625
0 0.716475 0.401618 0.063857 0.065588
0 0.244253 0.686542 0.047893 0.063032
0 0.200830 0.725724 0.047893 0.063032
0 0.401660 0.545145 0.045977 0.056218
0 0.439336 0.511925 0.044700 0.054514
0 0.367816 0.640545 0.049808 0.061329
0 0.245530 0.751704 0.046616 0.063884
0 0.285760 0.648211 0.047893 0.063032
0 0.639847 0.303663 0.089400 0.097956
0 0.583014 0.325383 0.042146 0.051107
0 0.362069 0.453152 0.043423 0.054514
0 0.435185 0.391397 0.042784 0.053663
0 0.399425 0.422061 0.042784 0.057070
0 0.440932 0.658433 0.262452 0.260647
0 0.545658 0.353066 0.051724 0.048552
0 0.322158 0.611584 0.045338 0.057922
0 0.513091 0.447189 0.045338 0.051107
0 0.593870 0.442930 0.048531 0.052811
0 0.363027 0.578790 0.047893 0.057070
0 0.143359 0.778535 0.074713 0.097104
0 0.329502 0.676746 0.049808 0.058773
0 0.485632 0.538330 0.047893 0.057922
0 0.290868 0.576235 0.046616 0.055366
0 0.582375 0.385434 0.048531 0.051959
0 0.470626 0.362862 0.044700 0.054514
0 0.509898 0.390119 0.037676 0.042589
0 0.550447 0.417802 0.048531 0.051959
0 0.475415 0.479983 0.045338 0.053663
