0 0.284766 0.568297 0.027181 0.040472
0 0.142225 0.467960 0.027813 0.040472
0 0.419722 0.618465 0.029077 0.041315
0 0.448799 0.467960 0.027813 0.040472
0 0.302781 0.618887 0.027813 0.040472
0 0.099558 0.672850 0.038559 0.042159
0 0.225032 0.620152 0.027813 0.041315
0 0.220607 0.467538 0.027813 0.039629
0 0.637800 0.669899 0.039191 0.041315
0 0.111568 0.518971 0.046144 0.041315
0 0.147282 0.620152 0.027813 0.041315
0 0.544248 0.516442 0.027813 0.041315
0 0.198483 0.518128 0.027813 0.041315
0 0.591972 0.566610 0.028445 0.042159
0 0.297092 0.467116 0.027813 0.040472
0 0.581858 0.516020 0.027181 0.040472
0 0.159608 0.518128 0.028445 0.041315
0 0.207965 0.568297 0.027813 0.042159
0 0.505373 0.517285 0.027181 0.041315
0 0.491783 0.677066 0.037927 0.053963
0 0.477876 0.566189 0.026549 0.041315
0 0.352718 0.517707 0.026549 0.040472
0 0.535082 0.618887 0.027181 0.040472
0 0.102086 0.621417 0.038559 0.042159
0 0.198167 0.675801 0.038559 0.051433
0 0.115360 0.570826 0.058786 0.042159
0 0.439949 0.569140 0.025284 0.037099
0 0.430152 0.516442 0.027181 0.039629
0 0.411504 0.467960 0.027813 0.040472
0 0.182048 0.467116 0.027813 0.040472
0 0.607459 0.618044 0.094817 0.042159
0 0.515803 0.567875 0.027813 0.041315
0 0.186157 0.619309 0.027181 0.041315
0 0.258534 0.467960 0.027813 0.040472
0 0.555310 0.566610 0.028445 0.042159
0 0.335967 0.467538 0.028445 0.041315
0 0.563211 0.466695 0.026549 0.039629
0 0.487674 0.466695 0.028445 0.041315
0 0.497472 0.618465 0.026549 0.039629
0 0.380215 0.618887 0.028445 0.040472
0 0.245891 0.568297 0.027813 0.042159
0 0.621049 0.466695 0.065107 0.041315
0 0.276865 0.517707 0.027813 0.040472
0 0.391593 0.517285 0.027181 0.039629
0 0.400126 0.567875 0.026549 0.039629
0 0.457649 0.617622 0.027813 0.041315
0 0.630531 0.540894 0.047408 0.090219
0 0.345449 0.680438 0.237042 0.062395
0 0.342288 0.617622 0.028445 0.041315
0 0.362516 0.568718 0.027181 0.037943
0 0.237674 0.518128 0.027813 0.041315
0 0.103666 0.467116 0.029077 0.040472
0 0.263906 0.619309 0.028445 0.041315
0 0.520544 0.557336 0.918458 0.389545
0 0.525917 0.467116 0.027813 0.040472
0 0.315424 0.517285 0.026549 0.039629
0 0.373578 0.467116 0.027813 0.040472
0 0.467762 0.517285 0.027813 0.041315
0 0.323325 0.567032 0.027181 0.041315
0 0.167826 0.569140 0.028445 0.040472
