0 0.300000 0.622500 0.030000 0.040000
0 0.301250 0.757917 0.031250 0.040833
0 0.163750 0.805000 0.050000 0.046667
0 0.447188 0.668333 0.028125 0.040000
0 0.520312 0.714583 0.029375 0.040833
0 0.233125 0.622500 0.031250 0.040000
0 0.402813 0.759167 0.029375 0.041667
0 0.253125 0.712500 0.031250 0.040000
0 0.234063 0.756667 0.030625 0.040000
0 0.620938 0.811667 0.048125 0.048333
0 0.247500 0.666667 0.030000 0.040000
0 0.553750 0.715417 0.030000 0.040833
0 0.599063 0.761667 0.085625 0.040000
0 0.511563 0.691250 0.784375 0.362500
0 0.174375 0.711250 0.053750 0.039167
0 0.280625 0.667083 0.031250 0.040833
0 0.388437 0.713333 0.029375 0.040000
0 0.335625 0.757917 0.030000 0.040833
0 0.431875 0.624583 0.028750 0.039167
0 0.266875 0.622917 0.030000 0.040833
0 0.399375 0.624167 0.028750 0.040000
0 0.372500 0.808333 0.193750 0.048333
0 0.381250 0.667917 0.028750 0.040833
0 0.586562 0.715833 0.030625 0.043333
0 0.366875 0.623333 0.028750 0.040000
0 0.503125 0.760000 0.030000 0.041667
0 0.560625 0.626667 0.028750 0.040000
0 0.436250 0.759583 0.030000 0.042500
0 0.200625 0.756667 0.031250 0.043333
0 0.286875 0.712917 0.031250 0.040833
0 0.609688 0.627083 0.060625 0.039167
0 0.470000 0.759583 0.030000 0.042500
0 0.528438 0.626250 0.028125 0.039167
0 0.577187 0.671250 0.030625 0.040833
0 0.333437 0.623333 0.029375 0.040000
0 0.487500 0.713750 0.028750 0.040833
0 0.454688 0.713750 0.029375 0.040833
0 0.511875 0.669167 0.028750 0.040000
0 0.220000 0.712083 0.030000 0.040833
0 0.544687 0.670833 0.029375 0.040000
0 0.369063 0.758333 0.030625 0.041667
0 0.464375 0.624583 0.028750 0.039167
0 0.314375 0.667500 0.030000 0.040000
0 0.348438 0.667500 0.029375 0.040000
0 0.163438 0.757083 0.036875 0.040833
0 0.268437 0.757917 0.030625 0.040833
0 0.165313 0.620833 0.029375 0.038333
0 0.172187 0.666667 0.045625 0.040000
0 0.421250 0.712917 0.028750 0.040833
0 0.199375 0.622500 0.030000 0.040000
0 0.414375 0.668333 0.028750 0.040000
0 0.536250 0.761250 0.030000 0.042500
0 0.213750 0.666667 0.031250 0.040000
0 0.253750 0.807083 0.040000 0.047500
0 0.354375 0.712500 0.030000 0.040000
0 0.618750 0.695000 0.045000 0.086667
0 0.321250 0.712500 0.030000 0.040000
0 0.479687 0.668333 0.028125 0.040000
0 0.495937 0.625417 0.029375 0.040833
0 0.491563 0.809167 0.039375 0.048333
