0 0.396789 0.457168 0.025557 0.036713
0 0.500328 0.408217 0.059633 0.036713
0 0.371232 0.503934 0.025557 0.037587
0 0.144168 0.425262 0.026212 0.039336
0 0.431193 0.456294 0.026212 0.038462
0 0.166448 0.512675 0.024902 0.037587
0 0.260157 0.462413 0.024902 0.036713
0 0.362713 0.458479 0.025557 0.037587
0 0.244430 0.419580 0.026212 0.038462
0 0.125491 0.468531 0.024246 0.036713
0 0.255242 0.601399 0.210354 0.043706
0 0.233945 0.509178 0.024902 0.037587
0 0.284404 0.552885 0.026212 0.037587
0 0.051114 0.472028 0.040629 0.036713
0 0.515400 0.590472 0.036042 0.039336
0 0.384993 0.594843 0.036042 0.039336
0 0.302425 0.506556 0.025557 0.037587
0 0.177588 0.422640 0.024902 0.037587
0 0.159240 0.468094 0.024902 0.037587
0 0.132700 0.513549 0.025557 0.037587
0 0.111730 0.425699 0.025557 0.036713
0 0.092726 0.470717 0.025557 0.037587
0 0.192988 0.466346 0.025557 0.035839
0 0.380079 0.413462 0.027523 0.038462
0 0.464941 0.455420 0.026868 0.038462
0 0.202163 0.513549 0.028178 0.037587
0 0.294561 0.461976 0.025557 0.037587
0 0.267693 0.507867 0.025557 0.038462
0 0.388270 0.548077 0.025557 0.038462
0 0.353866 0.549825 0.024902 0.038462
0 0.114351 0.559441 0.024246 0.036713
0 0.226081 0.464161 0.024902 0.036713
0 0.098952 0.515297 0.024902 0.037587
0 0.077654 0.426573 0.025557 0.036713
0 0.042267 0.562937 0.033421 0.036713
0 0.081586 0.560752 0.025557 0.039336
0 0.413827 0.412150 0.025557 0.037587
0 0.040301 0.608392 0.034731 0.040210
0 0.440695 0.500437 0.025557 0.037587
0 0.278178 0.417395 0.025557 0.037587
0 0.148100 0.557692 0.024902 0.036713
0 0.509174 0.475087 0.044561 0.086538
0 0.216252 0.555070 0.026212 0.036713
0 0.423001 0.547203 0.026868 0.038462
0 0.337156 0.504808 0.025557 0.037587
0 0.346330 0.415210 0.026868 0.038462
0 0.250000 0.553759 0.025557 0.037587
0 0.044561 0.427885 0.027523 0.037587
0 0.182176 0.557255 0.026212 0.037587
0 0.328965 0.459790 0.024902 0.036713
0 0.210682 0.420455 0.025557 0.038462
0 0.474443 0.499126 0.026212 0.038462
0 0.319463 0.552448 0.026868 0.038462
0 0.126474 0.605769 0.034076 0.038462
0 0.049476 0.518357 0.041284 0.038462
0 0.427261 0.471591 0.832241 0.422203
0 0.406291 0.502185 0.026212 0.037587
0 0.447903 0.410839 0.025557 0.036713
0 0.489187 0.544143 0.085845 0.037587
0 0.312582 0.416521 0.026212 0.039336
