0 0.471250 0.584184 0.036250 0.058163
0 0.645312 0.452041 0.036875 0.055102
0 0.451250 0.649490 0.036250 0.058163
0 0.429688 0.585714 0.036875 0.057143
0 0.708438 0.515306 0.036875 0.057143
0 0.603750 0.452041 0.036250 0.057143
0 0.615938 0.647449 0.036875 0.056122
0 0.460938 0.519388 0.036875 0.057143
0 0.368125 0.650000 0.037500 0.059184
0 0.553750 0.582653 0.036250 0.057143
0 0.839688 0.576020 0.030625 0.058163
0 0.719688 0.580102 0.036875 0.056122
0 0.851250 0.642347 0.088750 0.058163
0 0.419375 0.519388 0.037500 0.059184
0 0.563125 0.453061 0.036250 0.057143
0 0.398125 0.455102 0.037500 0.057143
0 0.760938 0.579592 0.036875 0.057143
0 0.625938 0.517857 0.036875 0.058163
0 0.409687 0.650000 0.036875 0.057143
0 0.678125 0.581122 0.036250 0.056122
0 0.439375 0.454592 0.037500 0.056122
0 0.802500 0.579082 0.037500 0.058163
0 0.512813 0.583673 0.036875 0.057143
0 0.811562 0.448469 0.036875 0.056122
0 0.316875 0.722449 0.038750 0.067347
0 0.636563 0.580612 0.035625 0.057143
0 0.377500 0.520408 0.037500 0.059184
0 0.356875 0.456122 0.037500 0.057143
0 0.667188 0.515816 0.036875 0.058163
0 0.750313 0.514286 0.036875 0.057143
0 0.492188 0.648469 0.036875 0.058163
0 0.791562 0.514286 0.038125 0.059184
0 0.331562 0.585714 0.069375 0.057143
0 0.699063 0.645918 0.036875 0.057143
0 0.446562 0.719898 0.048125 0.066327
0 0.595313 0.582143 0.036875 0.056122
0 0.596562 0.555612 0.625625 0.437755
0 0.700937 0.715306 0.048125 0.067347
0 0.584688 0.517857 0.036875 0.058163
0 0.573438 0.717347 0.196875 0.069388
0 0.480625 0.454082 0.036250 0.057143
0 0.321250 0.651531 0.048750 0.058163
0 0.870938 0.544898 0.046875 0.124490
0 0.543438 0.518367 0.036875 0.059184
0 0.533438 0.647959 0.036875 0.057143
0 0.769375 0.448469 0.036250 0.056122
0 0.501875 0.519388 0.036250 0.057143
0 0.782188 0.644898 0.038125 0.057143
0 0.388437 0.585714 0.036875 0.057143
0 0.314688 0.456633 0.036875 0.056122
0 0.828750 0.512245 0.030000 0.059184
0 0.575000 0.647449 0.037500 0.056122
0 0.325313 0.520408 0.059375 0.059184
0 0.740938 0.645408 0.036875 0.056122
0 0.686875 0.450510 0.037500 0.056122
0 0.728437 0.449490 0.036875 0.056122
0 0.521875 0.453061 0.036250 0.057143
0 0.864375 0.446939 0.058750 0.057143
0 0.657813 0.647449 0.036875 0.058163
