0 0.048875 0.670263 0.048523 0.059099
0 0.557314 0.228893 0.086498 0.084428
0 0.131153 0.817073 0.052743 0.073171
0 0.402954 0.575985 0.057665 0.063790
0 0.357595 0.612101 0.055556 0.064728
0 0.500703 0.500938 1.000000 1.000000
0 0.393460 0.438086 0.049930 0.058161
0 0.482419 0.500938 0.053446 0.060038
0 0.521097 0.469043 0.053446 0.058161
0 0.498242 0.277674 0.047117 0.060038
0 0.225387 0.820356 0.068214 0.092871
0 0.183896 0.621951 0.052743 0.069418
0 0.433193 0.404784 0.052039 0.055347
0 0.353376 0.473265 0.052743 0.059099
0 0.269339 0.544090 0.049226 0.061914
0 0.221167 0.733583 0.049930 0.069418
0 0.263010 0.481707 0.052039 0.060976
0 0.311181 0.507974 0.049930 0.059099
0 0.094233 0.628518 0.049226 0.067542
0 0.083333 0.869606 0.075246 0.095685
0 0.463432 0.313321 0.049226 0.054409
0 0.136779 0.657129 0.047117 0.062852
0 0.635724 0.367730 0.115331 0.118199
0 0.221519 0.516417 0.046414 0.064728
0 0.587904 0.335835 0.054852 0.052533
0 0.550281 0.524859 0.068214 0.072233
0 0.035162 0.750000 0.068917 0.089118
0 0.103024 0.928236 0.068214 0.092871
0 0.136076 0.589118 0.048523 0.065666
0 0.093882 0.698874 0.052743 0.069418
0 0.013361 0.706379 0.025316 0.071295
0 0.178270 0.549719 0.047117 0.065666
0 0.695499 0.388837 0.070323 0.072233
0 0.175457 0.702627 0.052743 0.069418
0 0.127637 0.745779 0.052743 0.069418
0 0.348805 0.546904 0.050633 0.061914
0 0.390295 0.510319 0.049226 0.060038
0 0.311533 0.651970 0.054852 0.067542
0 0.176864 0.774390 0.051336 0.070356
0 0.221167 0.660413 0.052743 0.069418
0 0.611111 0.280957 0.098453 0.107880
0 0.548523 0.304878 0.046414 0.056285
0 0.305204 0.445591 0.047820 0.060038
0 0.385724 0.377580 0.047117 0.059099
0 0.346343 0.411351 0.047117 0.062852
0 0.392053 0.671670 0.289030 0.287054
0 0.507384 0.335366 0.056962 0.053471
0 0.261252 0.620075 0.049930 0.063790
0 0.471519 0.439024 0.049930 0.056285
0 0.560478 0.434334 0.053446 0.058161
0 0.306259 0.583959 0.052743 0.062852
0 0.064346 0.803940 0.082278 0.106942
0 0.269339 0.691839 0.054852 0.064728
0 0.441280 0.539400 0.052743 0.063790
0 0.226793 0.581144 0.051336 0.060976
0 0.547820 0.371013 0.053446 0.057223
0 0.424754 0.346154 0.049226 0.060038
0 0.468003 0.376173 0.041491 0.046904
0 0.512658 0.406660 0.053446 0.057223
0 0.430028 0.475141 0.049930 0.059099
