0 0.341981 0.629455 0.039308 0.051363
0 0.152516 0.561845 0.039308 0.052411
0 0.443789 0.522013 0.038522 0.050314
0 0.287736 0.569706 0.039308 0.051363
0 0.637186 0.532495 0.080975 0.050314
0 0.267689 0.510482 0.040094 0.050314
0 0.549528 0.583857 0.037736 0.050314
0 0.472484 0.635744 0.037736 0.051363
0 0.316038 0.686059 0.040881 0.051363
0 0.490959 0.693920 0.038522 0.050314
0 0.601808 0.643082 0.038522 0.051363
0 0.181997 0.679769 0.040094 0.051363
0 0.356918 0.516247 0.039308 0.051363
0 0.091195 0.674004 0.040881 0.052411
0 0.404088 0.689727 0.039308 0.052411
0 0.332547 0.571803 0.039308 0.051363
0 0.529874 0.526205 0.037736 0.050314
0 0.420204 0.575996 0.038522 0.051363
0 0.516116 0.638365 0.038522 0.050314
0 0.302280 0.742662 0.238208 0.059748
0 0.177673 0.505765 0.040881 0.051363
0 0.455975 0.750000 0.061321 0.051363
0 0.132075 0.503145 0.040881 0.052411
0 0.500786 0.593291 1.000000 0.463312
0 0.242925 0.567610 0.039308 0.051363
0 0.117531 0.617925 0.040094 0.053459
0 0.226808 0.681866 0.040094 0.051363
0 0.463443 0.579140 0.036950 0.049266
0 0.041274 0.671384 0.051101 0.053459
0 0.137186 0.677149 0.040094 0.052411
0 0.252358 0.624738 0.039308 0.052411
0 0.153302 0.736373 0.055031 0.053459
0 0.360456 0.688155 0.040094 0.051363
0 0.385613 0.631551 0.038522 0.051363
0 0.449292 0.693920 0.038522 0.050314
0 0.400550 0.518868 0.038522 0.050314
0 0.086871 0.500524 0.040094 0.051363
0 0.162343 0.620545 0.040094 0.052411
0 0.312500 0.513627 0.038522 0.050314
0 0.050708 0.556080 0.062107 0.053459
0 0.376572 0.574423 0.039308 0.050314
0 0.044811 0.729560 0.064465 0.054507
0 0.506682 0.581237 0.036950 0.049266
0 0.645833 0.617925 0.058962 0.110063
0 0.615566 0.700734 0.114780 0.053459
0 0.207940 0.622642 0.040094 0.052411
0 0.054638 0.614780 0.074686 0.053459
0 0.429638 0.633648 0.038522 0.051363
0 0.297170 0.627358 0.039308 0.051363
0 0.198506 0.564990 0.040094 0.052411
0 0.222484 0.508386 0.039308 0.050314
0 0.591981 0.585954 0.037736 0.050314
0 0.534198 0.696541 0.038522 0.049266
0 0.271226 0.683438 0.040881 0.050314
0 0.572720 0.528826 0.036950 0.049266
0 0.487421 0.524109 0.039308 0.050314
0 0.640723 0.758910 0.061321 0.050314
0 0.107311 0.559748 0.041667 0.052411
0 0.558962 0.640985 0.037736 0.051363
0 0.042060 0.496855 0.040094 0.052411
