0 0.059000 0.487685 0.047333 0.072250
0 0.578667 0.321018 0.084000 0.083744
0 0.264667 0.280788 0.037333 0.068966
0 0.523000 0.495895 0.042000 0.085386
0 0.441333 0.481938 0.040000 0.080460
0 0.086333 0.409688 0.060667 0.077176
0 0.127000 0.501642 0.039333 0.073892
0 0.200667 0.270936 0.036000 0.068966
0 0.232333 0.276683 0.036667 0.067323
0 0.158333 0.511494 0.038000 0.073892
0 0.294000 0.451560 0.038667 0.075534
0 0.371000 0.377668 0.039333 0.075534
0 0.191667 0.518062 0.039333 0.073892
0 0.200333 0.350575 0.036667 0.073892
0 0.484667 0.397373 0.041333 0.082102
0 0.445667 0.389163 0.039333 0.082102
0 0.379000 0.663383 0.054000 0.101806
0 0.251000 0.632184 0.216667 0.137931
0 0.481667 0.488506 0.042000 0.083744
0 0.332000 0.288177 0.037333 0.073892
0 0.297667 0.284893 0.038000 0.070608
0 0.526000 0.594417 0.118667 0.105090
0 0.137667 0.339080 0.035333 0.070608
0 0.169667 0.268473 0.035333 0.064039
0 0.232667 0.355501 0.037333 0.073892
0 0.225333 0.524631 0.040000 0.077176
0 0.478333 0.308703 0.039333 0.075534
0 0.128000 0.596880 0.050667 0.093596
0 0.335667 0.372742 0.039333 0.075534
0 0.517000 0.313629 0.040667 0.078818
0 0.259667 0.532841 0.040667 0.080460
0 0.169333 0.344828 0.036000 0.072250
0 0.407333 0.384236 0.040000 0.078818
0 0.525000 0.403120 0.042000 0.083744
0 0.295667 0.541051 0.039333 0.080460
0 0.403000 0.298030 0.039333 0.073892
0 0.139333 0.264368 0.036000 0.062397
0 0.331667 0.549261 0.039333 0.083744
0 0.046000 0.573892 0.060000 0.090312
0 0.129333 0.418719 0.037333 0.068966
0 0.192667 0.432677 0.037333 0.073892
0 0.576333 0.459770 0.064667 0.180624
0 0.095333 0.494253 0.037333 0.072250
0 0.407667 0.566502 0.042000 0.082102
0 0.099667 0.333333 0.051333 0.068966
0 0.300000 0.366174 0.038667 0.072250
0 0.369000 0.558292 0.040667 0.082102
0 0.366000 0.466338 0.038667 0.078818
0 0.329667 0.458949 0.039333 0.077176
0 0.367000 0.293924 0.038000 0.075534
0 0.499333 0.549261 0.994667 0.858785
0 0.258667 0.445813 0.037333 0.073892
0 0.403333 0.472906 0.038667 0.078818
0 0.225333 0.439245 0.037333 0.073892
0 0.538333 0.706076 0.075333 0.118227
0 0.159667 0.426108 0.035333 0.073892
0 0.447333 0.576355 0.044000 0.085386
0 0.439333 0.302956 0.040000 0.073892
0 0.107667 0.257800 0.036667 0.065681
0 0.266333 0.361248 0.038000 0.072250
