0 0.151917 0.560904 0.054572 0.070727
0 0.344764 0.633595 0.261799 0.078585
0 0.183628 0.487721 0.053097 0.069745
0 0.507006 0.627701 0.052360 0.072692
0 0.205383 0.349214 0.052360 0.065815
0 0.524705 0.351179 0.049410 0.063851
0 0.230088 0.417976 0.051622 0.067780
0 0.646755 0.550589 0.050147 0.065815
0 0.127581 0.488703 0.053097 0.069745
0 0.500737 0.480354 1.000000 0.632613
0 0.095870 0.350688 0.053097 0.064833
0 0.035767 0.350196 0.061209 0.063851
0 0.432153 0.555010 0.050147 0.070727
0 0.602139 0.414538 0.047935 0.064833
0 0.405605 0.485756 0.050147 0.065815
0 0.513643 0.484283 0.049410 0.066798
0 0.393068 0.416503 0.050147 0.064833
0 0.626106 0.349214 0.048673 0.061886
0 0.350295 0.486248 0.050147 0.066798
0 0.539454 0.552554 0.050885 0.069745
0 0.472345 0.351179 0.047935 0.065815
0 0.420354 0.350196 0.048673 0.063851
0 0.706121 0.413556 0.050885 0.066798
0 0.498894 0.415521 0.047935 0.062868
0 0.446165 0.416012 0.048673 0.063851
0 0.459071 0.484774 0.049410 0.065815
0 0.486726 0.555010 0.051622 0.070727
0 0.260324 0.349705 0.050147 0.064833
0 0.709440 0.551081 0.070796 0.068762
0 0.654499 0.414047 0.049410 0.065815
0 0.761431 0.415521 0.053835 0.066798
0 0.575590 0.350688 0.049410 0.062868
0 0.593289 0.551572 0.050885 0.065815
0 0.060841 0.562868 0.120206 0.074656
0 0.239676 0.486248 0.051622 0.066798
0 0.048304 0.490177 0.095133 0.070727
0 0.565265 0.482318 0.047935 0.064833
0 0.118363 0.418468 0.055310 0.066798
0 0.618363 0.482809 0.049410 0.067780
0 0.367625 0.350688 0.049410 0.064833
0 0.295354 0.486248 0.050885 0.066798
0 0.745206 0.481336 0.095133 0.066798
0 0.338864 0.416503 0.049410 0.064833
0 0.743363 0.347741 0.079646 0.062868
0 0.550516 0.415521 0.049410 0.064833
0 0.265118 0.558939 0.053835 0.070727
0 0.182153 0.636542 0.056047 0.076621
0 0.671091 0.481827 0.050147 0.067780
0 0.207965 0.559430 0.053097 0.069745
0 0.018068 0.640963 0.034661 0.077603
0 0.321165 0.557466 0.052360 0.069745
0 0.284292 0.416994 0.050885 0.065815
0 0.376844 0.556483 0.051622 0.069745
0 0.044248 0.418959 0.087021 0.069745
0 0.313791 0.351179 0.050885 0.063851
0 0.174041 0.417976 0.051622 0.067780
0 0.676991 0.349214 0.047198 0.061886
0 0.151549 0.349705 0.052360 0.064833
