0 0.014416 0.700207 0.027314 0.118257
0 0.228376 0.698133 0.045524 0.122407
0 0.205615 0.563278 0.045524 0.118257
0 0.523900 0.695021 0.044765 0.120332
0 0.500759 0.502075 1.000000 1.000000
0 0.635812 0.290456 0.092564 0.116183
0 0.501138 0.564315 0.044765 0.120332
0 0.179059 0.699170 0.045524 0.120332
0 0.044765 0.430498 0.045524 0.118257
0 0.426783 0.696058 0.044765 0.122407
0 0.353945 0.562241 0.044765 0.120332
0 0.268589 0.296680 0.044006 0.120332
0 0.403263 0.563278 0.044765 0.122407
0 0.023141 0.296680 0.044765 0.120332
0 0.072458 0.298755 0.044765 0.120332
0 0.561836 0.295643 0.043247 0.118257
0 0.328149 0.699170 0.044765 0.120332
0 0.304628 0.564315 0.044765 0.120332
0 0.193854 0.431535 0.044765 0.120332
0 0.095220 0.431535 0.044765 0.116183
0 0.020486 0.563278 0.039454 0.118257
0 0.452580 0.563278 0.044765 0.122407
0 0.599393 0.561203 0.044006 0.122407
0 0.649090 0.495851 0.069044 0.257261
0 0.649848 0.839212 0.073596 0.143154
0 0.438923 0.429461 0.044765 0.120332
0 0.255311 0.563278 0.044765 0.118257
0 0.550455 0.563278 0.044765 0.122407
0 0.029590 0.698133 0.045524 0.126556
0 0.018589 0.842324 0.035660 0.145228
0 0.488240 0.429461 0.043247 0.120332
0 0.156297 0.565353 0.045524 0.118257
0 0.292489 0.429461 0.044765 0.120332
0 0.106601 0.565353 0.044765 0.118257
0 0.011381 0.298755 0.021244 0.116183
0 0.109256 0.843361 0.059181 0.143154
0 0.144158 0.429461 0.045524 0.124481
0 0.463961 0.296680 0.044765 0.120332
0 0.475721 0.697095 0.045524 0.120332
0 0.016692 0.430498 0.031866 0.118257
0 0.415023 0.296680 0.044006 0.120332
0 0.341047 0.430498 0.044765 0.122407
0 0.130121 0.700207 0.044765 0.118257
0 0.284143 0.843361 0.284522 0.143154
0 0.586115 0.426349 0.044765 0.122407
0 0.169575 0.296680 0.044765 0.116183
0 0.390364 0.429461 0.043247 0.120332
0 0.080046 0.700207 0.044765 0.118257
0 0.278073 0.698133 0.046282 0.122407
0 0.120637 0.296680 0.044006 0.120332
0 0.366464 0.297718 0.044006 0.122407
0 0.536798 0.429461 0.044765 0.124481
0 0.056904 0.565353 0.044006 0.118257
0 0.377466 0.698133 0.044765 0.122407
0 0.459029 0.839212 0.057663 0.139004
0 0.317906 0.296680 0.044006 0.120332
0 0.219272 0.296680 0.044006 0.116183
0 0.618741 0.692946 0.132777 0.116183
0 0.243171 0.429461 0.044765 0.120332
0 0.512898 0.295643 0.044006 0.118257
