0 0.496250 0.750417 0.026250 0.039167
0 0.335625 0.667083 0.026250 0.035833
0 0.469062 0.660417 0.024375 0.035833
0 0.659375 0.794167 0.040000 0.051667
0 0.419063 0.619583 0.025625 0.037500
0 0.324688 0.758333 0.026875 0.038333
0 0.359063 0.756667 0.026875 0.038333
0 0.484687 0.615833 0.025625 0.038333
0 0.220625 0.629583 0.026250 0.037500
0 0.511563 0.702917 0.025625 0.037500
0 0.564688 0.747083 0.025625 0.039167
0 0.569063 0.655833 0.025625 0.036667
0 0.583125 0.611250 0.026250 0.037500
0 0.550000 0.707083 0.803750 0.360833
0 0.386250 0.621250 0.026250 0.037500
0 0.633125 0.608333 0.058750 0.036667
0 0.290312 0.760000 0.026875 0.038333
0 0.549687 0.612083 0.025625 0.037500
0 0.301563 0.669167 0.025625 0.036667
0 0.579063 0.699583 0.026875 0.039167
0 0.353125 0.622500 0.026250 0.038333
0 0.397188 0.817500 0.210625 0.078333
0 0.179063 0.816250 0.039375 0.049167
0 0.410000 0.707917 0.025000 0.037500
0 0.266562 0.819167 0.038125 0.061667
0 0.402187 0.662917 0.025625 0.035833
0 0.308125 0.713750 0.025000 0.037500
0 0.516875 0.614583 0.025000 0.037500
0 0.274062 0.715000 0.025625 0.036667
0 0.255625 0.762083 0.026250 0.037500
0 0.601875 0.654167 0.026250 0.038333
0 0.535937 0.657083 0.025625 0.035833
0 0.220625 0.763333 0.026250 0.040000
0 0.286562 0.626250 0.025625 0.037500
0 0.531250 0.748333 0.026250 0.038333
0 0.320000 0.624167 0.026250 0.038333
0 0.427812 0.753750 0.025625 0.037500
0 0.240313 0.717083 0.025625 0.037500
0 0.527188 0.810417 0.038125 0.069167
0 0.451250 0.617917 0.025000 0.037500
0 0.461875 0.752083 0.026250 0.039167
0 0.376250 0.709583 0.026250 0.037500
0 0.613125 0.698333 0.026250 0.038333
0 0.435937 0.661250 0.024375 0.035833
0 0.193125 0.674583 0.043750 0.035833
0 0.181875 0.765417 0.037500 0.039167
0 0.545312 0.701250 0.025625 0.039167
0 0.187188 0.630000 0.025625 0.036667
0 0.268125 0.670417 0.025000 0.035833
0 0.234687 0.672500 0.025625 0.036667
0 0.369063 0.665417 0.024375 0.035833
0 0.478125 0.704167 0.025000 0.036667
0 0.253437 0.627917 0.025625 0.037500
0 0.443750 0.706250 0.025000 0.037500
0 0.645625 0.675417 0.046250 0.085833
0 0.629687 0.744167 0.086875 0.038333
0 0.191250 0.719583 0.046250 0.037500
0 0.393125 0.754583 0.027500 0.039167
0 0.502812 0.658750 0.025625 0.035833
0 0.342187 0.712500 0.025625 0.038333
