0 0.521041 0.444901 0.066334 0.152961
0 0.655492 0.936678 0.087019 0.129934
0 0.282810 0.783717 0.066334 0.152961
0 0.082739 0.459704 0.067047 0.149671
0 0.318474 0.616776 0.064907 0.148026
0 0.030670 0.624178 0.059914 0.149671
0 0.500713 0.501645 1.000000 1.000000
0 0.100214 0.623355 0.063481 0.148026
0 0.209344 0.785362 0.064907 0.149671
0 0.745720 0.439145 0.069187 0.154605
0 0.045649 0.296053 0.064194 0.144737
0 0.820613 0.437500 0.070613 0.157895
0 0.446862 0.448191 0.066334 0.152961
0 0.614479 0.610197 0.067760 0.154605
0 0.154422 0.456414 0.064907 0.152961
0 0.690086 0.608553 0.067760 0.151316
0 0.670471 0.441612 0.068474 0.152961
0 0.465763 0.613487 0.067047 0.151316
0 0.923324 0.772204 0.154779 0.156250
0 0.858417 0.266447 0.067760 0.151316
0 0.539586 0.610197 0.067760 0.151316
0 0.373395 0.449013 0.063481 0.151316
0 0.595578 0.441612 0.067047 0.152961
0 0.016762 0.300164 0.032097 0.146382
0 0.483238 0.282072 0.066334 0.152961
0 0.172967 0.620888 0.066334 0.149671
0 0.409058 0.283717 0.064907 0.149671
0 0.706847 0.273026 0.068474 0.151316
0 0.245364 0.619243 0.067047 0.149671
0 0.391583 0.615132 0.065621 0.151316
0 0.804208 0.776316 0.070613 0.151316
0 0.064551 0.787007 0.064907 0.152961
0 0.263552 0.287829 0.064907 0.148026
0 0.631598 0.276316 0.067760 0.154605
0 0.842011 0.606086 0.069187 0.152961
0 0.577746 0.779605 0.068474 0.154605
0 0.300285 0.453125 0.067047 0.149671
0 0.200785 0.939145 0.084879 0.125000
0 0.652996 0.777961 0.067760 0.151316
0 0.429743 0.780428 0.067760 0.152961
0 0.503210 0.779605 0.067760 0.151316
0 0.017475 0.939145 0.033524 0.125000
0 0.427603 0.935855 0.358773 0.131579
0 0.951141 0.265625 0.099144 0.152961
0 0.190442 0.292763 0.065621 0.148026
0 0.907989 0.604441 0.048502 0.152961
0 0.227175 0.453947 0.066334 0.151316
0 0.118759 0.293586 0.066334 0.146382
0 0.356277 0.781250 0.066334 0.154605
0 0.556705 0.278783 0.066334 0.149671
0 0.888374 0.435033 0.050642 0.156250
0 0.765692 0.607730 0.069187 0.152961
0 0.021398 0.789474 0.041369 0.151316
0 0.960414 0.518092 0.080599 0.328947
0 0.137304 0.786184 0.064907 0.151316
0 0.026034 0.461349 0.050642 0.149671
0 0.335592 0.285362 0.064907 0.149671
0 0.728602 0.776316 0.067760 0.148026
0 0.782097 0.270559 0.067760 0.152961
