0 0.472581 0.549053 0.027742 0.036145
0 0.416774 0.468158 0.027097 0.036145
0 0.579677 0.504303 0.027742 0.037866
0 0.230968 0.474613 0.028387 0.037005
0 0.616774 0.484940 0.052903 0.081756
0 0.363226 0.511188 0.027097 0.036145
0 0.424839 0.509036 0.027742 0.037005
0 0.400968 0.427281 0.026452 0.037005
0 0.286129 0.555077 0.027742 0.036145
0 0.246452 0.432874 0.028387 0.036145
0 0.605806 0.419535 0.067097 0.037005
0 0.461935 0.425129 0.027097 0.036145
0 0.492903 0.424269 0.027097 0.036145
0 0.261935 0.473322 0.027097 0.036145
0 0.554839 0.421687 0.027097 0.036145
0 0.189677 0.604991 0.037419 0.049914
0 0.478710 0.466007 0.027097 0.037005
0 0.613871 0.592083 0.061290 0.049914
0 0.534194 0.547332 0.028387 0.037866
0 0.215806 0.434165 0.027742 0.035284
0 0.379355 0.552065 0.027097 0.037005
0 0.301290 0.513339 0.027097 0.037005
0 0.196452 0.516351 0.050968 0.036145
0 0.308065 0.431153 0.027742 0.036145
0 0.394194 0.510327 0.027097 0.036145
0 0.509677 0.465577 0.027097 0.036145
0 0.255806 0.556368 0.027742 0.037005
0 0.324516 0.471170 0.027097 0.037005
0 0.524194 0.423408 0.027742 0.036145
0 0.239032 0.515491 0.027742 0.036145
0 0.410323 0.551635 0.028387 0.036145
0 0.206774 0.559811 0.069032 0.038726
0 0.549032 0.504733 0.028387 0.037005
0 0.540323 0.464286 0.027742 0.037005
0 0.370323 0.428571 0.027097 0.036145
0 0.290323 0.601549 0.036129 0.048193
0 0.191935 0.475473 0.043226 0.037005
0 0.355161 0.470310 0.026452 0.037005
0 0.440968 0.549914 0.027742 0.036145
0 0.529032 0.498709 0.736774 0.298623
0 0.486774 0.507315 0.026452 0.037005
0 0.571290 0.462565 0.027742 0.037005
0 0.277097 0.431583 0.027742 0.035284
0 0.448065 0.467298 0.026452 0.036145
0 0.431613 0.426850 0.027097 0.036145
0 0.503226 0.548193 0.028387 0.036145
0 0.317419 0.553787 0.028387 0.037005
0 0.339032 0.429432 0.027742 0.036145
0 0.385806 0.469019 0.027097 0.036145
0 0.332581 0.512478 0.027742 0.037005
0 0.270000 0.514200 0.027742 0.037005
0 0.293226 0.472031 0.027742 0.037005
0 0.456129 0.508606 0.027097 0.036145
0 0.183548 0.435026 0.029032 0.035284
0 0.597742 0.544750 0.090968 0.036145
0 0.348065 0.552926 0.027742 0.037005
0 0.395806 0.598537 0.167097 0.050775
0 0.517742 0.506024 0.027742 0.036145
0 0.497419 0.595955 0.028387 0.047332
