0 0.375183 0.313550 0.034407 0.057773
0 0.522328 0.512605 0.037335 0.052521
0 0.610542 0.516282 0.120059 0.051471
0 0.126281 0.435399 0.035871 0.057773
0 0.069912 0.368697 0.035871 0.056723
0 0.240849 0.504202 0.036603 0.054622
0 0.210469 0.372374 0.034407 0.055672
0 0.146047 0.502101 0.035871 0.054622
0 0.583089 0.384979 0.035871 0.053571
0 0.468887 0.316702 0.034407 0.055672
0 0.288433 0.506828 0.039531 0.055672
0 0.304539 0.375525 0.035139 0.055672
0 0.219619 0.437500 0.033675 0.055672
0 0.190337 0.305147 0.032211 0.057773
0 0.267570 0.439076 0.037335 0.056723
0 0.640190 0.419118 0.059297 0.121849
0 0.500732 0.403887 1.000000 0.517857
0 0.329063 0.311450 0.034407 0.057773
0 0.095900 0.301471 0.032211 0.054622
0 0.078331 0.432773 0.035139 0.054622
0 0.422035 0.313550 0.035871 0.057773
0 0.546120 0.449580 0.036603 0.054622
0 0.117496 0.369223 0.034407 0.055672
0 0.644217 0.587185 0.055637 0.067227
0 0.283309 0.308824 0.035139 0.058824
0 0.351757 0.377626 0.035871 0.055672
0 0.049048 0.299895 0.032211 0.055672
0 0.236823 0.307248 0.034407 0.061975
0 0.314422 0.440651 0.034407 0.055672
0 0.489751 0.382353 0.035139 0.052521
0 0.476208 0.511029 0.035871 0.049370
0 0.020498 0.365546 0.039531 0.054622
0 0.025622 0.430672 0.049780 0.056723
0 0.561493 0.317752 0.035139 0.053571
0 0.193631 0.502626 0.037335 0.055672
0 0.143119 0.304097 0.032943 0.057773
0 0.406296 0.443803 0.035139 0.053571
0 0.288799 0.576155 0.286237 0.070378
0 0.428624 0.508929 0.034407 0.051471
0 0.515739 0.318277 0.032943 0.052521
0 0.453514 0.445903 0.034407 0.053571
0 0.112372 0.567752 0.049048 0.057773
0 0.361640 0.442752 0.035139 0.053571
0 0.629575 0.318803 0.080527 0.057773
0 0.163616 0.370273 0.034407 0.057773
0 0.013177 0.494223 0.024890 0.057773
0 0.536969 0.384979 0.035871 0.053571
0 0.257687 0.372899 0.035139 0.054622
0 0.173499 0.435924 0.035139 0.058824
0 0.467423 0.578782 0.049048 0.056723
0 0.592240 0.450630 0.036603 0.054622
0 0.443631 0.381828 0.036603 0.053571
0 0.051245 0.497899 0.038067 0.056723
0 0.012811 0.563025 0.024158 0.056723
0 0.396413 0.378151 0.035871 0.052521
0 0.501098 0.448004 0.034407 0.051471
0 0.010249 0.297794 0.019034 0.053571
0 0.099561 0.498950 0.036603 0.054622
0 0.335652 0.507353 0.038799 0.054622
0 0.382138 0.509454 0.038067 0.056723
