0 0.520918 0.430755 0.032389 0.043165
0 0.405870 0.437500 0.031714 0.044065
0 0.182186 0.602968 0.029690 0.044065
0 0.304318 0.654676 0.240216 0.061151
0 0.590418 0.504047 0.055331 0.099820
0 0.452767 0.645234 0.044534 0.051259
0 0.419028 0.590827 0.032389 0.044964
0 0.388327 0.489209 0.029015 0.041367
0 0.212551 0.447392 0.028340 0.042266
0 0.174089 0.449640 0.028340 0.043165
0 0.281039 0.546763 0.029015 0.043165
0 0.444669 0.435252 0.032389 0.044964
0 0.489204 0.514838 0.921727 0.398381
0 0.124831 0.555306 0.028340 0.044065
0 0.578947 0.427158 0.070175 0.043165
0 0.426113 0.487860 0.031714 0.044065
0 0.464912 0.485162 0.031039 0.042266
0 0.495951 0.587230 0.032389 0.044964
0 0.116397 0.504047 0.029015 0.044065
0 0.068826 0.506745 0.047233 0.042266
0 0.163630 0.553058 0.027665 0.044964
0 0.232456 0.497752 0.029015 0.044065
0 0.103914 0.607914 0.029690 0.044964
0 0.514845 0.534173 0.032389 0.044964
0 0.483468 0.433453 0.033063 0.044964
0 0.241903 0.548561 0.027665 0.043165
0 0.072537 0.557104 0.058704 0.044065
0 0.476383 0.536421 0.031039 0.044065
0 0.271592 0.495504 0.029015 0.043165
0 0.260121 0.599820 0.030364 0.043165
0 0.059042 0.455036 0.026316 0.039568
0 0.220985 0.602068 0.030364 0.044065
0 0.202092 0.550809 0.029015 0.044065
0 0.541835 0.481565 0.032389 0.045863
0 0.290148 0.443345 0.029690 0.043165
0 0.154858 0.502698 0.029015 0.043165
0 0.398448 0.540018 0.030364 0.044065
0 0.061066 0.608813 0.042510 0.044964
0 0.251350 0.445594 0.029015 0.044065
0 0.096491 0.454137 0.026991 0.041367
0 0.057018 0.665018 0.039811 0.047662
0 0.367072 0.439748 0.031039 0.044964
0 0.601889 0.638040 0.049933 0.053058
0 0.359987 0.542266 0.030364 0.044964
0 0.457827 0.589029 0.031714 0.043165
0 0.156883 0.660072 0.042510 0.050360
0 0.340418 0.595324 0.031714 0.044964
0 0.320850 0.544065 0.030364 0.043165
0 0.436910 0.538219 0.030364 0.044065
0 0.349865 0.491906 0.030364 0.043165
0 0.193657 0.500450 0.029690 0.044065
0 0.311066 0.493255 0.029690 0.042266
0 0.569838 0.583633 0.103239 0.048561
0 0.300607 0.598022 0.031714 0.044964
0 0.143050 0.605665 0.029690 0.044065
0 0.329285 0.440647 0.029690 0.043165
0 0.503374 0.484263 0.032389 0.045863
0 0.134953 0.451439 0.026991 0.043165
0 0.379892 0.593525 0.032389 0.046763
0 0.553306 0.531924 0.032389 0.045863
