0 0.374827 0.487179 0.030429 0.061538
0 0.169087 0.309615 0.024205 0.047436
0 0.392116 0.418590 0.029046 0.057692
0 0.410443 0.483974 0.031120 0.060256
0 0.516252 0.476923 0.031120 0.058974
0 0.417704 0.353205 0.029046 0.055128
0 0.618603 0.273718 0.064315 0.062821
0 0.634855 0.369872 0.058091 0.129487
0 0.248617 0.364744 0.025588 0.050000
0 0.460927 0.412821 0.029737 0.056410
0 0.321923 0.424359 0.025588 0.053846
0 0.281812 0.364103 0.024205 0.053846
0 0.399723 0.291667 0.027663 0.057692
0 0.499654 0.283974 0.029737 0.055128
0 0.348893 0.355128 0.024205 0.051282
0 0.303596 0.491026 0.026279 0.056410
0 0.568465 0.277564 0.029046 0.057692
0 0.445367 0.482692 0.031812 0.062821
0 0.451591 0.349359 0.029046 0.052564
0 0.533541 0.281410 0.029737 0.057692
0 0.239972 0.571154 0.037344 0.075641
0 0.366874 0.296795 0.026971 0.052564
0 0.553942 0.343590 0.030429 0.058974
0 0.480290 0.479487 0.029737 0.061538
0 0.300830 0.301282 0.024896 0.053846
0 0.234440 0.305128 0.024896 0.051282
0 0.426349 0.416667 0.029737 0.058974
0 0.550830 0.473718 0.032503 0.060256
0 0.588520 0.340385 0.031812 0.060256
0 0.218534 0.432051 0.023513 0.053846
0 0.431881 0.290385 0.028354 0.057692
0 0.519710 0.345513 0.029737 0.055128
0 0.495505 0.410256 0.031120 0.058974
0 0.566044 0.407051 0.032503 0.060256
0 0.168050 0.437179 0.044260 0.053846
0 0.466113 0.286538 0.029046 0.060256
0 0.356846 0.420513 0.026279 0.056410
0 0.619640 0.472436 0.096819 0.065385
0 0.267635 0.302564 0.024896 0.056410
0 0.377939 0.580128 0.217842 0.121795
0 0.288382 0.426923 0.024896 0.056410
0 0.334025 0.297436 0.027663 0.056410
0 0.514869 0.556410 0.043568 0.082051
0 0.485131 0.348077 0.029737 0.055128
0 0.200899 0.306410 0.024205 0.048718
0 0.383472 0.354487 0.028354 0.052564
0 0.158714 0.501282 0.035270 0.053846
0 0.152490 0.576923 0.036653 0.074359
0 0.656985 0.548718 0.041494 0.082051
0 0.172545 0.370513 0.042185 0.053846
0 0.527317 0.399359 0.914938 0.503846
0 0.339212 0.487821 0.026971 0.057692
0 0.233748 0.494872 0.024896 0.053846
0 0.530429 0.409615 0.031812 0.060256
0 0.213693 0.368590 0.024896 0.052564
0 0.197441 0.498718 0.025588 0.053846
0 0.314661 0.360897 0.024896 0.052564
0 0.600622 0.405128 0.035270 0.061538
0 0.267635 0.492949 0.024896 0.055128
0 0.253458 0.428846 0.024205 0.055128
