0 0.417285 0.672185 0.043769 0.076159
0 0.400593 0.484272 0.029674 0.074503
0 0.011869 0.684603 0.022255 0.077815
0 0.203264 0.579470 0.032641 0.072848
0 0.153561 0.299669 0.032641 0.086093
0 0.023368 0.300497 0.031899 0.081126
0 0.011869 0.586093 0.022255 0.072848
0 0.250000 0.675497 0.271513 0.079470
0 0.529674 0.480132 0.031157 0.076159
0 0.305267 0.391556 0.031899 0.074503
0 0.582715 0.671358 0.048220 0.077815
0 0.066766 0.303808 0.032641 0.081126
0 0.336053 0.582781 0.031157 0.076159
0 0.571588 0.432119 0.054154 0.175497
0 0.368323 0.297185 0.031899 0.081126
0 0.159125 0.581126 0.031899 0.072848
0 0.014095 0.395695 0.026706 0.072848
0 0.465875 0.579470 0.029674 0.072848
0 0.017062 0.491722 0.032641 0.076159
0 0.454006 0.298013 0.032641 0.079470
0 0.130193 0.394040 0.030415 0.076159
0 0.432864 0.389073 0.030415 0.076159
0 0.218101 0.390728 0.031157 0.072848
0 0.196588 0.302152 0.034125 0.084437
0 0.109792 0.301325 0.032641 0.082781
0 0.390950 0.390728 0.031157 0.076159
0 0.518175 0.388245 0.031899 0.077815
0 0.227745 0.485927 0.031157 0.074503
0 0.559347 0.292219 0.072700 0.074503
0 0.495920 0.293046 0.031899 0.076159
0 0.096068 0.487583 0.030415 0.074503
0 0.443620 0.485099 0.031157 0.076159
0 0.547107 0.575331 0.110534 0.077815
0 0.008531 0.302980 0.015579 0.072848
0 0.422849 0.576987 0.029674 0.071192
0 0.051558 0.491722 0.030415 0.076159
0 0.292285 0.581126 0.029674 0.072848
0 0.026706 0.587748 0.031157 0.072848
0 0.411350 0.297185 0.033383 0.077815
0 0.239614 0.298841 0.034125 0.084437
0 0.087537 0.394040 0.031157 0.072848
0 0.379080 0.579470 0.029674 0.072848
0 0.261499 0.389073 0.031899 0.072848
0 0.271142 0.487583 0.030415 0.074503
0 0.475890 0.389073 0.031899 0.079470
0 0.043398 0.395695 0.031899 0.076159
0 0.348294 0.389901 0.030415 0.074503
0 0.114985 0.583609 0.029674 0.074503
0 0.139466 0.489238 0.031157 0.074503
0 0.174703 0.390728 0.031899 0.072848
0 0.314169 0.485927 0.030415 0.074503
0 0.487389 0.483444 0.032641 0.076159
0 0.070475 0.584437 0.031157 0.072848
0 0.248145 0.580298 0.031899 0.074503
0 0.084199 0.681291 0.045252 0.077815
0 0.357938 0.485927 0.030415 0.074503
0 0.476632 0.463576 0.951780 0.658940
0 0.282641 0.301325 0.032641 0.079470
0 0.326039 0.298013 0.031899 0.079470
0 0.182864 0.488411 0.030415 0.076159
