0 0.383309 0.666322 0.036850 0.117769
0 0.344292 0.392562 0.036850 0.115702
0 0.039379 0.691116 0.036850 0.117769
0 0.465318 0.250000 0.036127 0.115702
0 0.476156 0.800620 0.049133 0.121901
0 0.022399 0.276860 0.036127 0.119835
0 0.072616 0.274793 0.036850 0.119835
0 0.009393 0.277893 0.017341 0.109504
0 0.220014 0.265496 0.038295 0.121901
0 0.334538 0.667355 0.036127 0.115702
0 0.236272 0.674587 0.034682 0.113636
0 0.619942 0.644628 0.121387 0.115702
0 0.171604 0.269628 0.036850 0.121901
0 0.163295 0.545455 0.034682 0.119835
0 0.012645 0.841942 0.023844 0.121901
0 0.309971 0.532025 0.034682 0.117769
0 0.441835 0.384298 0.036850 0.111570
0 0.100434 0.410124 0.036127 0.117769
0 0.528179 0.653926 0.036127 0.113636
0 0.260477 0.533058 0.035405 0.119835
0 0.139090 0.681818 0.035405 0.115702
0 0.148844 0.402893 0.036127 0.115702
0 0.416546 0.252066 0.036850 0.119835
0 0.586344 0.371901 0.035405 0.115702
0 0.015896 0.416322 0.030347 0.113636
0 0.513367 0.246901 0.036850 0.117769
0 0.393786 0.387397 0.034682 0.109504
0 0.285405 0.671488 0.036127 0.115702
0 0.538656 0.378099 0.035405 0.119835
0 0.247832 0.397727 0.034682 0.113636
0 0.012645 0.695248 0.023844 0.113636
0 0.647760 0.433884 0.061416 0.260331
0 0.122471 0.273760 0.036850 0.126033
0 0.089595 0.685950 0.036127 0.115702
0 0.018786 0.550620 0.036127 0.121901
0 0.479769 0.655992 0.034682 0.109504
0 0.063945 0.548554 0.035405 0.121901
0 0.455202 0.521694 0.036127 0.113636
0 0.406792 0.527893 0.036127 0.117769
0 0.490246 0.383264 0.035405 0.109504
0 0.050578 0.415289 0.036127 0.115702
0 0.295520 0.391529 0.034682 0.113636
0 0.269870 0.261364 0.038295 0.121901
0 0.199422 0.400826 0.036127 0.115702
0 0.560332 0.240702 0.035405 0.117769
0 0.212066 0.537190 0.033960 0.119835
0 0.552384 0.511364 0.035405 0.113636
0 0.357659 0.529959 0.036127 0.113636
0 0.658960 0.785124 0.050578 0.123967
0 0.599711 0.510331 0.034682 0.115702
0 0.503613 0.517562 0.034682 0.117769
0 0.318642 0.258264 0.037572 0.119835
0 0.500723 0.481405 1.000000 0.958678
0 0.108020 0.828512 0.049855 0.123967
0 0.634393 0.229339 0.083815 0.115702
0 0.291185 0.814050 0.296243 0.132231
0 0.188223 0.677686 0.036850 0.115702
0 0.367413 0.255165 0.036850 0.113636
0 0.114523 0.546488 0.036850 0.121901
0 0.431720 0.662190 0.035405 0.113636
