0 0.582187 0.524481 0.036875 0.051452
0 0.409375 0.589627 0.038750 0.053942
0 0.775000 0.493361 0.063750 0.118672
0 0.591875 0.397925 0.037500 0.052282
0 0.665625 0.461411 0.036250 0.053112
0 0.373125 0.459751 0.035000 0.051452
0 0.483750 0.524481 0.036250 0.053112
0 0.349687 0.396266 0.038125 0.053942
0 0.098437 0.394191 0.036875 0.053112
0 0.172187 0.460166 0.039375 0.053942
0 0.533125 0.524896 0.037500 0.052282
0 0.199687 0.394606 0.038125 0.053942
0 0.250000 0.395021 0.038750 0.054772
0 0.307500 0.590871 0.038750 0.054772
0 0.471875 0.460581 0.036250 0.051452
0 0.495000 0.397510 0.037500 0.053112
0 0.273125 0.459751 0.037500 0.053112
0 0.791250 0.655602 0.052500 0.056432
0 0.713125 0.460581 0.036250 0.053112
0 0.300000 0.395436 0.037500 0.053942
0 0.617812 0.460166 0.035625 0.052282
0 0.223125 0.459751 0.037500 0.053112
0 0.108125 0.459336 0.065000 0.053942
0 0.150938 0.592531 0.041875 0.058091
0 0.728750 0.524481 0.037500 0.051452
0 0.510000 0.590041 0.038750 0.054772
0 0.283438 0.524896 0.038125 0.053942
0 0.759062 0.397925 0.083125 0.052282
0 0.093750 0.592946 0.053750 0.055602
0 0.323125 0.460166 0.036250 0.052282
0 0.631563 0.524896 0.038125 0.052282
0 0.568438 0.460996 0.035625 0.052282
0 0.447188 0.396680 0.036875 0.053112
0 0.543438 0.397510 0.038125 0.053112
0 0.460000 0.589627 0.037500 0.053942
0 0.658125 0.589627 0.037500 0.052282
0 0.204063 0.591701 0.039375 0.056432
0 0.604688 0.657261 0.053125 0.056432
0 0.233125 0.660166 0.055000 0.057261
0 0.181875 0.525311 0.038750 0.053112
0 0.111875 0.526971 0.080000 0.054772
0 0.358438 0.590456 0.038125 0.053942
0 0.255625 0.590871 0.038750 0.054772
0 0.418750 0.659751 0.298750 0.058091
0 0.688125 0.397925 0.036250 0.052282
0 0.749375 0.589212 0.122500 0.054772
0 0.149375 0.393776 0.038750 0.053942
0 0.520000 0.459751 0.035000 0.049793
0 0.640625 0.398340 0.037500 0.053112
0 0.608750 0.589212 0.037500 0.051452
0 0.398750 0.396680 0.037500 0.053112
0 0.334375 0.524896 0.037500 0.052282
0 0.680000 0.524896 0.037500 0.052282
0 0.558750 0.589627 0.037500 0.053942
0 0.435000 0.524896 0.037500 0.052282
0 0.519687 0.499585 0.924375 0.443154
0 0.095625 0.662241 0.070000 0.058091
0 0.384688 0.524481 0.036875 0.053112
0 0.422812 0.460996 0.035625 0.052282
0 0.232813 0.524896 0.039375 0.053942
