0 0.229063 0.487110 0.023125 0.048847
0 0.163750 0.668250 0.032500 0.055631
0 0.169375 0.493216 0.037500 0.052917
0 0.360938 0.478290 0.023125 0.050204
0 0.216250 0.433514 0.023750 0.050204
0 0.432500 0.643148 0.030000 0.051560
0 0.460313 0.583446 0.023125 0.048847
0 0.275313 0.597693 0.023125 0.050204
0 0.321250 0.426052 0.023750 0.051560
0 0.438750 0.473541 0.023750 0.048847
0 0.342187 0.535278 0.023125 0.050204
0 0.408125 0.588874 0.023750 0.051560
0 0.420312 0.529851 0.023125 0.052917
0 0.381875 0.590231 0.022500 0.048847
0 0.190625 0.435550 0.022500 0.046133
0 0.433437 0.586160 0.024375 0.048847
0 0.516250 0.523745 0.056250 0.051560
0 0.222188 0.601764 0.021875 0.050204
0 0.295312 0.428087 0.024375 0.050204
0 0.172500 0.549525 0.045000 0.051560
0 0.329062 0.594301 0.023125 0.051560
0 0.387500 0.476255 0.022500 0.048847
0 0.268750 0.428765 0.023750 0.048847
0 0.516875 0.412483 0.050000 0.051560
0 0.488750 0.581411 0.030000 0.050204
0 0.195937 0.604478 0.023125 0.050204
0 0.446250 0.527137 0.022500 0.050204
0 0.472813 0.525102 0.023125 0.051560
0 0.412813 0.474220 0.021875 0.047490
0 0.262188 0.542062 0.023125 0.050204
0 0.399375 0.419946 0.023750 0.050204
0 0.315312 0.538670 0.023125 0.051560
0 0.394688 0.531886 0.023125 0.051560
0 0.243125 0.431479 0.023750 0.051560
0 0.450937 0.417232 0.023125 0.050204
0 0.288750 0.540027 0.023750 0.051560
0 0.163438 0.438263 0.024375 0.051560
0 0.302500 0.595658 0.023750 0.048847
0 0.446562 0.517639 0.618125 0.440977
0 0.332188 0.653324 0.164375 0.061058
0 0.490938 0.468792 0.024375 0.050204
0 0.255625 0.485753 0.022500 0.054274
0 0.464375 0.471506 0.023750 0.050204
0 0.347813 0.424016 0.023125 0.050204
0 0.281875 0.483718 0.023750 0.050204
0 0.477500 0.415197 0.022500 0.048847
0 0.424687 0.417910 0.023125 0.051560
0 0.373750 0.423338 0.022500 0.051560
0 0.368125 0.533921 0.022500 0.050204
0 0.202813 0.489824 0.023125 0.051560
0 0.335313 0.480326 0.023125 0.051560
0 0.235937 0.544098 0.023125 0.051560
0 0.232500 0.660109 0.031250 0.052917
0 0.249062 0.599729 0.023125 0.048847
0 0.308437 0.482361 0.023125 0.050204
0 0.165000 0.608548 0.031250 0.050204
0 0.355938 0.592266 0.023125 0.047490
0 0.210000 0.546133 0.022500 0.050204
