0 0.466235 0.422414 0.034789 0.079937
0 0.222033 0.232759 0.030696 0.079937
0 0.487040 0.328370 0.034106 0.083072
0 0.420532 0.521944 0.044338 0.084639
0 0.259891 0.525078 0.261937 0.090909
0 0.569236 0.278997 0.055252 0.181818
0 0.037858 0.430251 0.030696 0.083072
0 0.068895 0.137931 0.032742 0.084639
0 0.286153 0.134796 0.032060 0.081505
0 0.425648 0.423981 0.032742 0.083072
0 0.297749 0.427900 0.032060 0.081505
0 0.243179 0.134013 0.032060 0.083072
0 0.576398 0.518025 0.046385 0.083072
0 0.092087 0.234326 0.032742 0.079937
0 0.179400 0.235110 0.032742 0.081505
0 0.013984 0.234326 0.026603 0.083072
0 0.318554 0.329154 0.030014 0.081505
0 0.383697 0.426332 0.033424 0.084639
0 0.124829 0.429467 0.031378 0.081505
0 0.232606 0.329937 0.030014 0.079937
0 0.340382 0.427116 0.034106 0.083072
0 0.497271 0.135580 0.032742 0.079937
0 0.416098 0.138715 0.032742 0.079937
0 0.445771 0.329154 0.033424 0.081505
0 0.081514 0.430251 0.032060 0.079937
0 0.011255 0.529781 0.021146 0.084639
0 0.254434 0.427116 0.031378 0.083072
0 0.189973 0.330721 0.029332 0.081505
0 0.372442 0.135580 0.031378 0.079937
0 0.351296 0.232759 0.031378 0.079937
0 0.543656 0.420846 0.106412 0.083072
0 0.435198 0.232759 0.031378 0.079937
0 0.211119 0.428683 0.032060 0.079937
0 0.060027 0.332288 0.031378 0.084639
0 0.135402 0.234326 0.030696 0.083072
0 0.199523 0.136364 0.032060 0.084639
0 0.156548 0.134796 0.032060 0.084639
0 0.097885 0.528997 0.042974 0.083072
0 0.527285 0.328370 0.032742 0.083072
0 0.008527 0.136364 0.015689 0.081505
0 0.456344 0.134013 0.032742 0.079937
0 0.146658 0.332288 0.030014 0.084639
0 0.276262 0.329937 0.030014 0.079937
0 0.560368 0.132445 0.074352 0.079937
0 0.103342 0.333856 0.030696 0.084639
0 0.517053 0.229624 0.032742 0.079937
0 0.393588 0.232759 0.031378 0.079937
0 0.361528 0.332288 0.031378 0.084639
0 0.476467 0.231975 0.032060 0.078370
0 0.329468 0.137147 0.032742 0.083072
0 0.112210 0.134796 0.032060 0.084639
0 0.308322 0.234326 0.031378 0.079937
0 0.465553 0.314263 0.929741 0.625392
0 0.011596 0.430251 0.021828 0.079937
0 0.265007 0.232759 0.030696 0.079937
0 0.167804 0.429467 0.031378 0.081505
0 0.025921 0.136364 0.032742 0.087774
0 0.017394 0.333856 0.033424 0.084639
0 0.403479 0.329154 0.032060 0.084639
0 0.048772 0.233542 0.030696 0.078370
