0 0.337762 0.542444 0.032168 0.043843
0 0.491958 0.381996 0.030070 0.043843
0 0.472028 0.436101 0.029371 0.043843
0 0.014336 0.428638 0.027273 0.045709
0 0.247552 0.377799 0.032168 0.042910
0 0.482517 0.490205 0.029371 0.041978
0 0.224476 0.430504 0.032168 0.043843
0 0.012238 0.598881 0.023077 0.050373
0 0.350000 0.432836 0.030070 0.042910
0 0.551399 0.384795 0.067832 0.043843
0 0.089860 0.597948 0.045455 0.050373
0 0.252448 0.601679 0.264336 0.054104
0 0.121329 0.541045 0.034266 0.044776
0 0.017483 0.484142 0.033566 0.048507
0 0.077273 0.540112 0.035664 0.044776
0 0.032517 0.371735 0.032867 0.043843
0 0.359091 0.486940 0.031469 0.042910
0 0.289161 0.377332 0.031469 0.045709
0 0.390909 0.434235 0.030769 0.041978
0 0.452098 0.381996 0.030070 0.043843
0 0.164685 0.541045 0.034266 0.044776
0 0.252098 0.541511 0.032867 0.043843
0 0.400699 0.488340 0.029371 0.041978
0 0.076573 0.374534 0.032867 0.043843
0 0.571678 0.600280 0.044056 0.047575
0 0.031818 0.538713 0.035664 0.045709
0 0.295105 0.541511 0.032168 0.043843
0 0.453846 0.451959 0.906294 0.418843
0 0.012937 0.541045 0.024476 0.050373
0 0.266783 0.431437 0.032867 0.043843
0 0.412587 0.381996 0.030769 0.041978
0 0.204895 0.376399 0.032168 0.043843
0 0.138462 0.430037 0.033566 0.046642
0 0.232867 0.486474 0.032168 0.043843
0 0.163287 0.375000 0.031469 0.044776
0 0.379720 0.541978 0.032168 0.042910
0 0.539510 0.545243 0.102797 0.043843
0 0.371329 0.380131 0.032168 0.043843
0 0.189510 0.485075 0.032168 0.042910
0 0.103147 0.485075 0.032867 0.046642
0 0.208042 0.540578 0.034266 0.043843
0 0.431818 0.434701 0.030070 0.042910
0 0.461888 0.542444 0.030070 0.041978
0 0.422028 0.542444 0.030070 0.041978
0 0.512238 0.436567 0.030070 0.042910
0 0.317483 0.486940 0.030769 0.042910
0 0.120280 0.375933 0.032168 0.044776
0 0.146503 0.485541 0.032867 0.045709
0 0.442308 0.489272 0.030070 0.041978
0 0.058741 0.484608 0.033566 0.047575
0 0.181469 0.430037 0.032867 0.044776
0 0.308741 0.433302 0.031469 0.043843
0 0.095455 0.429571 0.034266 0.045709
0 0.276224 0.486940 0.030769 0.042910
0 0.008392 0.372201 0.015385 0.044776
0 0.523077 0.490672 0.030769 0.042910
0 0.050699 0.428172 0.035664 0.046642
0 0.561538 0.465019 0.051748 0.097948
0 0.330070 0.380131 0.032168 0.043843
0 0.415734 0.599813 0.044056 0.046642
