0 0.498986 0.670270 0.033108 0.048649
0 0.145946 0.554505 0.032432 0.049550
0 0.131081 0.676126 0.033784 0.051351
0 0.177365 0.676126 0.033108 0.051351
0 0.500676 0.587838 1.000000 0.406306
0 0.465878 0.551351 0.033108 0.048649
0 0.352703 0.491441 0.033784 0.049550
0 0.202027 0.612613 0.033784 0.052252
0 0.041216 0.553604 0.056757 0.049550
0 0.655068 0.579730 0.056081 0.110811
0 0.214865 0.493243 0.033784 0.049550
0 0.543919 0.669369 0.033784 0.048649
0 0.330405 0.551802 0.032432 0.049550
0 0.046284 0.614865 0.069595 0.053153
0 0.453716 0.671171 0.033108 0.050450
0 0.030405 0.738739 0.048649 0.050450
0 0.248311 0.612162 0.033108 0.051351
0 0.341554 0.612613 0.034459 0.050450
0 0.408108 0.669820 0.033784 0.049550
0 0.565878 0.610360 0.033108 0.049550
0 0.397973 0.493243 0.032432 0.047748
0 0.610473 0.610811 0.033108 0.048649
0 0.191216 0.551351 0.032432 0.048649
0 0.362838 0.671622 0.033784 0.051351
0 0.319595 0.733784 0.282432 0.054955
0 0.575676 0.490541 0.033784 0.049550
0 0.260811 0.490541 0.033784 0.049550
0 0.493581 0.731532 0.045270 0.048649
0 0.075338 0.493243 0.034459 0.049550
0 0.532432 0.491441 0.033784 0.049550
0 0.120946 0.495045 0.033784 0.049550
0 0.643919 0.489189 0.077027 0.050450
0 0.420608 0.550450 0.033108 0.048649
0 0.431757 0.611261 0.033784 0.051351
0 0.168243 0.495045 0.033784 0.049550
0 0.664865 0.729730 0.047297 0.048649
0 0.031757 0.677928 0.047297 0.051351
0 0.238176 0.551351 0.033108 0.048649
0 0.224324 0.673874 0.033784 0.050450
0 0.510135 0.550901 0.032432 0.047748
0 0.521622 0.609910 0.032432 0.048649
0 0.156419 0.614865 0.033108 0.051351
0 0.385811 0.609459 0.032432 0.049550
0 0.628716 0.668919 0.111486 0.049550
0 0.284459 0.551802 0.032432 0.049550
0 0.294932 0.612162 0.033108 0.049550
0 0.554392 0.549550 0.031757 0.048649
0 0.598649 0.550901 0.032432 0.049550
0 0.084459 0.675676 0.035135 0.052252
0 0.306757 0.492793 0.033784 0.050450
0 0.270608 0.674775 0.033108 0.050450
0 0.029054 0.494595 0.032432 0.048649
0 0.375676 0.549550 0.032432 0.048649
0 0.476351 0.611712 0.032432 0.050450
0 0.109797 0.615766 0.033108 0.051351
0 0.146959 0.737838 0.046622 0.050450
0 0.487162 0.491892 0.033784 0.048649
0 0.316554 0.671622 0.034459 0.051351
0 0.441892 0.490991 0.033784 0.048649
0 0.099324 0.552252 0.033784 0.048649
