0 0.406021 0.448992 0.024410 0.032028
0 0.392189 0.400949 0.022783 0.035587
0 0.237592 0.484579 0.201790 0.048636
0 0.339707 0.444840 0.023596 0.035587
0 0.131408 0.383749 0.023596 0.036773
0 0.055330 0.290036 0.022783 0.034401
0 0.113507 0.474496 0.033360 0.040332
0 0.245728 0.302491 0.022783 0.035587
0 0.419447 0.357651 0.021969 0.036773
0 0.213588 0.297746 0.023596 0.040332
0 0.358828 0.399170 0.022783 0.036773
0 0.305940 0.441281 0.024410 0.037960
0 0.491863 0.384935 0.038242 0.086595
0 0.108625 0.427639 0.023596 0.034401
0 0.149308 0.295967 0.023596 0.039146
0 0.141172 0.430012 0.025224 0.034401
0 0.240033 0.436536 0.024410 0.037960
0 0.326688 0.397390 0.023596 0.037960
0 0.206672 0.434164 0.026037 0.035587
0 0.096827 0.336892 0.024410 0.035587
0 0.086249 0.291815 0.022783 0.035587
0 0.261595 0.392645 0.023596 0.035587
0 0.425142 0.403321 0.023596 0.035587
0 0.491050 0.502372 0.036615 0.046263
0 0.031733 0.469751 0.034174 0.042705
0 0.310008 0.309015 0.021155 0.036773
0 0.257933 0.347568 0.022783 0.035587
0 0.354760 0.353499 0.022783 0.035587
0 0.163548 0.386121 0.024410 0.036773
0 0.373068 0.445433 0.023596 0.034401
0 0.160700 0.340451 0.021969 0.037960
0 0.458096 0.406880 0.024410 0.035587
0 0.174125 0.431791 0.024410 0.035587
0 0.229048 0.391459 0.023596 0.035587
0 0.438161 0.312574 0.025224 0.043891
0 0.364117 0.494069 0.036615 0.041518
0 0.181855 0.296560 0.023596 0.037960
0 0.055736 0.379004 0.048007 0.036773
0 0.225386 0.344603 0.022783 0.034401
0 0.486168 0.314947 0.056143 0.043891
0 0.451993 0.360617 0.023596 0.035587
0 0.398698 0.383155 0.779496 0.365362
0 0.405614 0.310795 0.023596 0.042705
0 0.342555 0.309015 0.021155 0.036773
0 0.075671 0.425860 0.024410 0.033215
0 0.386900 0.355872 0.021969 0.035587
0 0.469081 0.451957 0.082181 0.037960
0 0.196094 0.387307 0.024410 0.034401
0 0.294142 0.394425 0.023596 0.036773
0 0.192433 0.342823 0.023596 0.035587
0 0.098454 0.381969 0.024410 0.035587
0 0.117575 0.293594 0.023596 0.039146
0 0.128560 0.339858 0.022783 0.036773
0 0.373881 0.309015 0.023596 0.039146
0 0.039056 0.422301 0.034174 0.035587
0 0.321806 0.351127 0.023596 0.035587
0 0.057771 0.335113 0.039056 0.036773
0 0.273393 0.440095 0.024410 0.035587
0 0.290073 0.349348 0.023596 0.036773
0 0.278275 0.306643 0.022783 0.036773
