0 0.438739 0.761830 0.041785 0.072555
0 0.422805 0.582808 0.028329 0.070978
0 0.019122 0.773659 0.036827 0.074132
0 0.234419 0.673502 0.031161 0.069401
0 0.186969 0.406940 0.031161 0.082019
0 0.062677 0.407729 0.030453 0.077287
0 0.020538 0.679811 0.039660 0.069401
0 0.279037 0.764984 0.259207 0.075710
0 0.546034 0.578864 0.029745 0.072555
0 0.331799 0.494479 0.030453 0.070978
0 0.596671 0.761041 0.046034 0.074132
0 0.104108 0.410883 0.031161 0.077287
0 0.361190 0.676656 0.029745 0.072555
0 0.586048 0.533123 0.051700 0.167192
0 0.391997 0.404574 0.030453 0.077287
0 0.192280 0.675079 0.030453 0.069401
0 0.030453 0.498423 0.050992 0.069401
0 0.485127 0.673502 0.028329 0.069401
0 0.032932 0.589905 0.063031 0.072555
0 0.473796 0.405363 0.031161 0.075710
0 0.164660 0.496845 0.029037 0.072555
0 0.453612 0.492114 0.029037 0.072555
0 0.248584 0.493691 0.029745 0.069401
0 0.228045 0.409306 0.032578 0.080442
0 0.145184 0.408517 0.031161 0.078864
0 0.413598 0.493691 0.029745 0.072555
0 0.535057 0.491325 0.030453 0.074132
0 0.257790 0.584385 0.029745 0.070978
0 0.574363 0.399842 0.069405 0.070978
0 0.513810 0.400631 0.030453 0.072555
0 0.132082 0.585962 0.029037 0.070978
0 0.463881 0.583596 0.029745 0.072555
0 0.562677 0.669558 0.105524 0.074132
0 0.021955 0.410095 0.029745 0.069401
0 0.444051 0.671136 0.028329 0.067823
0 0.089589 0.589905 0.029037 0.072555
0 0.319405 0.675079 0.028329 0.069401
0 0.065864 0.681388 0.029745 0.069401
0 0.433074 0.404574 0.031870 0.074132
0 0.269122 0.406151 0.032578 0.080442
0 0.123938 0.496845 0.029745 0.069401
0 0.402266 0.673502 0.028329 0.069401
0 0.290014 0.492114 0.030453 0.069401
0 0.299221 0.585962 0.029037 0.070978
0 0.494688 0.492114 0.030453 0.075710
0 0.081799 0.498423 0.030453 0.072555
0 0.372875 0.492902 0.029037 0.070978
0 0.150142 0.677445 0.028329 0.070978
0 0.173513 0.587539 0.029745 0.070978
0 0.207153 0.493691 0.030453 0.069401
0 0.340297 0.584385 0.029037 0.070978
0 0.505666 0.582019 0.031161 0.072555
0 0.107649 0.678233 0.029745 0.069401
0 0.277266 0.674290 0.030453 0.070978
0 0.120751 0.770505 0.043201 0.074132
0 0.382082 0.584385 0.029037 0.070978
0 0.475212 0.563091 0.949008 0.627760
0 0.310198 0.408517 0.031161 0.075710
0 0.351629 0.405363 0.030453 0.075710
0 0.214943 0.586751 0.029037 0.072555
