0 0.073264 0.474074 0.034028 0.050000
0 0.311806 0.473611 0.034722 0.049074
0 0.573611 0.596759 0.116667 0.049074
0 0.034375 0.536111 0.035417 0.051852
0 0.451736 0.473611 0.034028 0.049074
0 0.405556 0.474537 0.034722 0.049074
0 0.008681 0.411574 0.015972 0.049074
0 0.154167 0.598148 0.036111 0.051852
0 0.369097 0.537500 0.035417 0.052778
0 0.543056 0.473611 0.033333 0.049074
0 0.462847 0.535648 0.034028 0.050926
0 0.345486 0.596759 0.035417 0.050926
0 0.439583 0.596759 0.034722 0.049074
0 0.227778 0.536574 0.034722 0.050926
0 0.275694 0.536574 0.034722 0.050926
0 0.288542 0.412500 0.035417 0.050926
0 0.015625 0.474537 0.029861 0.050926
0 0.013194 0.599074 0.025000 0.051852
0 0.097917 0.411574 0.034722 0.050926
0 0.610069 0.659722 0.049306 0.050926
0 0.105556 0.599537 0.036111 0.052778
0 0.496875 0.474074 0.034028 0.050000
0 0.056597 0.599537 0.035417 0.052778
0 0.202083 0.598148 0.034722 0.051852
0 0.554167 0.536574 0.033333 0.050926
0 0.499306 0.512963 0.997222 0.414815
0 0.601042 0.504630 0.059028 0.112963
0 0.082986 0.537500 0.035417 0.052778
0 0.334722 0.412963 0.034722 0.050000
0 0.485417 0.597222 0.034722 0.050000
0 0.013542 0.599537 0.025694 0.052778
0 0.072569 0.663426 0.049306 0.052778
0 0.427431 0.413426 0.035417 0.049074
0 0.217361 0.473611 0.033333 0.049074
0 0.048611 0.411574 0.034722 0.050926
0 0.415972 0.536111 0.034722 0.051852
0 0.322569 0.534722 0.034028 0.050926
0 0.025000 0.474537 0.034722 0.050926
0 0.018750 0.536574 0.036111 0.052778
0 0.192708 0.411574 0.034028 0.050926
0 0.009375 0.412500 0.017361 0.050926
0 0.131944 0.537500 0.034722 0.052778
0 0.180208 0.536111 0.034028 0.051852
0 0.298264 0.598148 0.035417 0.051852
0 0.145833 0.411574 0.033333 0.050926
0 0.433333 0.660185 0.047222 0.051852
0 0.358333 0.473148 0.033333 0.048148
0 0.588542 0.412500 0.078472 0.049074
0 0.169097 0.474074 0.034028 0.050000
0 0.392361 0.597685 0.034722 0.050926
0 0.012847 0.662500 0.024306 0.050926
0 0.380903 0.412500 0.035417 0.049074
0 0.240625 0.412500 0.034028 0.050926
0 0.253125 0.661574 0.296528 0.056481
0 0.509028 0.535648 0.033333 0.050926
0 0.250000 0.597685 0.036111 0.050926
0 0.474306 0.412963 0.034722 0.050000
0 0.519444 0.412037 0.034722 0.050000
0 0.120833 0.473611 0.034722 0.050926
0 0.264236 0.474074 0.034028 0.050000
