0 0.419618 0.458333 0.030453 0.043651
0 0.126416 0.632440 0.044618 0.048611
0 0.182720 0.515873 0.031161 0.045635
0 0.320467 0.402778 0.029037 0.045635
0 0.239377 0.405258 0.029745 0.044643
0 0.115439 0.572917 0.031161 0.044643
0 0.580028 0.398810 0.067989 0.047619
0 0.589943 0.484127 0.052408 0.101190
0 0.324008 0.570933 0.030453 0.044643
0 0.135269 0.461310 0.031161 0.045635
0 0.216006 0.459821 0.031161 0.044643
0 0.280099 0.405258 0.030453 0.044643
0 0.519830 0.401786 0.028329 0.041667
0 0.379249 0.458333 0.030453 0.041667
0 0.027620 0.575893 0.043909 0.046627
0 0.460340 0.457837 0.029745 0.042659
0 0.157224 0.572421 0.032578 0.045635
0 0.100567 0.517857 0.031161 0.045635
0 0.175283 0.460813 0.030453 0.046627
0 0.258144 0.459325 0.030453 0.045635
0 0.223088 0.515377 0.029745 0.044643
0 0.478754 0.486111 0.956091 0.416667
0 0.366147 0.570933 0.031161 0.044643
0 0.550637 0.511905 0.030453 0.043651
0 0.298513 0.459821 0.030453 0.044643
0 0.198654 0.572917 0.031870 0.044643
0 0.360482 0.403770 0.029745 0.045635
0 0.540368 0.456349 0.029745 0.043651
0 0.265227 0.515873 0.029037 0.045635
0 0.469547 0.512897 0.029745 0.043651
0 0.305949 0.514385 0.029745 0.044643
0 0.240439 0.571429 0.031870 0.043651
0 0.441218 0.403274 0.029745 0.042659
0 0.141643 0.517361 0.031161 0.046627
0 0.480878 0.403770 0.029745 0.041667
0 0.510269 0.512401 0.030453 0.044643
0 0.199363 0.404266 0.029037 0.044643
0 0.407578 0.568948 0.030453 0.044643
0 0.339235 0.459821 0.031161 0.044643
0 0.158640 0.406746 0.029745 0.043651
0 0.043909 0.519345 0.063739 0.046627
0 0.021601 0.634425 0.041785 0.046627
0 0.282578 0.631944 0.256374 0.051587
0 0.597380 0.625992 0.044618 0.049603
0 0.565864 0.567956 0.100567 0.044643
0 0.500354 0.457341 0.030453 0.043651
0 0.043909 0.464286 0.052408 0.045635
0 0.448654 0.568948 0.030453 0.042659
0 0.073654 0.574405 0.032578 0.045635
0 0.428824 0.513393 0.029037 0.044643
0 0.347380 0.514385 0.030453 0.044643
0 0.077550 0.406746 0.029037 0.043651
0 0.388102 0.513393 0.031161 0.044643
0 0.281870 0.571925 0.031161 0.046627
0 0.037890 0.407738 0.029037 0.043651
0 0.094193 0.462302 0.031161 0.047619
0 0.489023 0.568452 0.030453 0.043651
0 0.400850 0.402778 0.029745 0.045635
0 0.117918 0.406746 0.029037 0.043651
0 0.441218 0.626984 0.042493 0.047619
