0 0.530387 0.837224 0.026243 0.052826
0 0.279696 0.853808 0.024862 0.051597
0 0.210290 0.736486 0.028315 0.050369
0 0.474793 0.963759 0.036602 0.047912
0 0.304903 0.789926 0.025552 0.051597
0 0.357044 0.726658 0.027624 0.050369
0 0.580110 0.897420 0.089779 0.055283
0 0.377072 0.785012 0.026243 0.051597
0 0.493785 0.781941 0.823204 0.438575
0 0.243785 0.856265 0.024862 0.054054
0 0.299378 0.914619 0.025552 0.052826
0 0.591160 0.710688 0.062155 0.050369
0 0.123964 0.863022 0.053177 0.055283
0 0.478246 0.902948 0.026934 0.051597
0 0.513122 0.900491 0.026243 0.051597
0 0.501036 0.716830 0.026934 0.050369
0 0.120166 0.980958 0.034530 0.040541
0 0.208218 0.858108 0.025552 0.052826
0 0.228246 0.920762 0.025552 0.052826
0 0.283494 0.730344 0.026934 0.052826
0 0.208218 0.978501 0.035221 0.045455
0 0.341160 0.973587 0.216851 0.055283
0 0.428867 0.720516 0.026243 0.050369
0 0.269337 0.792998 0.026243 0.050369
0 0.555939 0.772727 0.026243 0.051597
0 0.263812 0.917076 0.026243 0.052826
0 0.102901 0.742015 0.024862 0.049140
0 0.319751 0.727887 0.027624 0.052826
0 0.495511 0.840295 0.025552 0.054054
0 0.484461 0.777641 0.025552 0.051597
0 0.351519 0.848894 0.026243 0.051597
0 0.335290 0.913391 0.026934 0.052826
0 0.519682 0.775799 0.025552 0.052826
0 0.387086 0.847666 0.025552 0.051597
0 0.137776 0.742015 0.026934 0.051597
0 0.315608 0.851966 0.026243 0.052826
0 0.412983 0.782555 0.026243 0.049140
0 0.116367 0.802826 0.044890 0.052826
0 0.174378 0.736486 0.026934 0.052826
0 0.565608 0.835995 0.026243 0.052826
0 0.393992 0.724201 0.026934 0.050369
0 0.423343 0.844595 0.026243 0.052826
0 0.192334 0.920762 0.025552 0.052826
0 0.600829 0.803440 0.045580 0.115479
0 0.247583 0.732801 0.026934 0.050369
0 0.449240 0.780098 0.026934 0.051597
0 0.117403 0.925061 0.034530 0.054054
0 0.160221 0.800983 0.026243 0.051597
0 0.459254 0.842138 0.026243 0.052826
0 0.172652 0.860565 0.024862 0.052826
0 0.232735 0.794840 0.026243 0.051597
0 0.465815 0.719287 0.026934 0.050369
0 0.370856 0.910319 0.026243 0.051597
0 0.340470 0.788084 0.026243 0.050369
0 0.196823 0.798526 0.026243 0.051597
0 0.607735 0.955774 0.037293 0.046683
0 0.536257 0.713759 0.026934 0.051597
0 0.442334 0.904791 0.025552 0.052826
0 0.406768 0.907862 0.026243 0.051597
0 0.156768 0.923219 0.026243 0.052826
