0 0.299494 0.488921 0.039740 0.051060
0 0.522399 0.552505 0.047688 0.051060
0 0.596821 0.492293 0.109827 0.050096
0 0.532514 0.376686 0.036127 0.055877
0 0.072616 0.487958 0.045520 0.054913
0 0.302746 0.550096 0.271676 0.057803
0 0.263006 0.371387 0.041908 0.052987
0 0.540462 0.434008 0.037572 0.051060
0 0.557803 0.318401 0.039017 0.054913
0 0.627168 0.317437 0.080925 0.054913
0 0.399205 0.374759 0.039740 0.052023
0 0.409321 0.433044 0.036850 0.051060
0 0.255058 0.488439 0.041908 0.052023
0 0.143425 0.310212 0.046965 0.059730
0 0.238801 0.311657 0.045520 0.058767
0 0.138728 0.429191 0.043353 0.054913
0 0.092847 0.429672 0.045520 0.052023
0 0.496387 0.434971 0.037572 0.051060
0 0.576590 0.376686 0.039017 0.053950
0 0.285405 0.314066 0.043353 0.057803
0 0.026012 0.548170 0.050578 0.050096
0 0.170520 0.371387 0.046243 0.054913
0 0.330564 0.314066 0.041185 0.055877
0 0.488078 0.376204 0.038295 0.052987
0 0.444003 0.376686 0.038295 0.052023
0 0.633671 0.407996 0.053468 0.110790
0 0.027095 0.370906 0.052746 0.055877
0 0.123194 0.370906 0.045520 0.055877
0 0.230130 0.430154 0.039740 0.054913
0 0.045882 0.308767 0.044075 0.056840
0 0.011922 0.309730 0.022399 0.056840
0 0.627890 0.548651 0.047688 0.051060
0 0.209176 0.488439 0.041185 0.053950
0 0.468569 0.316956 0.039740 0.055877
0 0.191835 0.310694 0.045520 0.058767
0 0.430636 0.488439 0.036127 0.050096
0 0.474711 0.489884 0.036127 0.049133
0 0.377168 0.316474 0.040462 0.056840
0 0.033960 0.429672 0.066474 0.052023
0 0.025650 0.487958 0.049855 0.054913
0 0.308887 0.373314 0.041185 0.054913
0 0.584176 0.434008 0.041185 0.051060
0 0.513367 0.317437 0.038295 0.054913
0 0.387283 0.489403 0.037572 0.050096
0 0.453035 0.433044 0.037572 0.051060
0 0.515896 0.489403 0.037572 0.050096
0 0.320448 0.432081 0.038295 0.051060
0 0.184610 0.429191 0.041185 0.054913
0 0.076951 0.370424 0.048410 0.056840
0 0.093931 0.310212 0.044798 0.057803
0 0.274928 0.431599 0.038295 0.052023
0 0.343569 0.489884 0.039740 0.051060
0 0.365607 0.433044 0.037572 0.051060
0 0.423772 0.317437 0.039740 0.054913
0 0.217124 0.371387 0.044075 0.054913
0 0.139090 0.545761 0.058526 0.054913
0 0.498555 0.394509 0.995665 0.457611
0 0.118497 0.487958 0.044798 0.054913
0 0.353685 0.374759 0.041185 0.055877
0 0.164740 0.487958 0.043353 0.054913
