0 0.200528 0.480871 0.042216 0.042216
0 0.744063 0.553760 0.069921 0.090369
0 0.722625 0.627639 0.125989 0.038918
0 0.649077 0.578496 0.036939 0.040897
0 0.424472 0.629947 0.040237 0.040897
0 0.375000 0.691623 0.335752 0.061346
0 0.599604 0.578826 0.036939 0.040237
0 0.263852 0.633245 0.043536 0.042216
0 0.486807 0.575198 0.972296 0.358839
0 0.253958 0.480871 0.040897 0.040897
0 0.654354 0.481860 0.035620 0.040237
0 0.628628 0.627968 0.039578 0.039578
0 0.306069 0.481530 0.039578 0.040897
0 0.766821 0.677770 0.053430 0.040237
0 0.633245 0.530343 0.036939 0.040897
0 0.475923 0.629947 0.041557 0.042216
0 0.408311 0.482190 0.038259 0.040897
0 0.448549 0.579815 0.038259 0.042216
0 0.146438 0.480871 0.042216 0.042216
0 0.318602 0.632256 0.042216 0.041557
0 0.500000 0.579815 0.038259 0.040897
0 0.279354 0.531992 0.040237 0.041557
0 0.534960 0.530673 0.036939 0.040237
0 0.549802 0.579156 0.037599 0.040897
0 0.171504 0.690633 0.056728 0.046174
0 0.091689 0.480871 0.040897 0.042216
0 0.127968 0.585092 0.043536 0.043536
0 0.358179 0.480541 0.039578 0.040237
0 0.047493 0.531992 0.071240 0.042876
0 0.372032 0.631266 0.040897 0.040897
0 0.037599 0.479881 0.040897 0.041557
0 0.345646 0.581464 0.040897 0.041557
0 0.032652 0.638522 0.060026 0.042216
0 0.118074 0.532982 0.044855 0.043536
0 0.225923 0.531662 0.041557 0.042216
0 0.153034 0.636214 0.043536 0.041557
0 0.183707 0.583773 0.041557 0.042216
0 0.484828 0.529354 0.036939 0.038918
0 0.172164 0.531332 0.040897 0.042876
0 0.383905 0.530673 0.038259 0.040237
0 0.697889 0.578826 0.036939 0.040237
0 0.029354 0.694921 0.057388 0.044195
0 0.527045 0.628958 0.038259 0.040237
0 0.727573 0.481201 0.083113 0.041557
0 0.208443 0.634565 0.042216 0.042216
0 0.605541 0.481860 0.035620 0.040237
0 0.332124 0.531332 0.038918 0.041557
0 0.584433 0.529683 0.035620 0.039578
0 0.237797 0.582784 0.041557 0.042876
0 0.397098 0.580475 0.039578 0.040897
0 0.557718 0.481860 0.037599 0.040237
0 0.050462 0.586412 0.086412 0.043536
0 0.458443 0.482520 0.038259 0.041557
0 0.435356 0.530673 0.038259 0.040237
0 0.576847 0.681069 0.052111 0.041557
0 0.578826 0.628628 0.037599 0.039578
0 0.681398 0.529354 0.035620 0.040237
0 0.508245 0.481530 0.037599 0.040897
0 0.097625 0.637863 0.047493 0.043536
0 0.292216 0.582124 0.040897 0.041557
