0 0.491150 0.320236 0.036873 0.049116
0 0.394912 0.317289 0.036136 0.049116
0 0.453540 0.383595 0.038348 0.050098
0 0.665560 0.449902 0.124631 0.051081
0 0.108407 0.377210 0.035398 0.055010
0 0.127950 0.440079 0.036136 0.053045
0 0.141962 0.502947 0.052360 0.053045
0 0.586283 0.322200 0.035398 0.051081
0 0.372050 0.254420 0.034661 0.049116
0 0.199115 0.312868 0.036873 0.052063
0 0.518437 0.511788 0.050147 0.053045
0 0.500737 0.363458 1.000000 0.436149
0 0.207227 0.379175 0.033923 0.051081
0 0.539086 0.320727 0.036873 0.050098
0 0.248525 0.314342 0.035398 0.051081
0 0.029499 0.247544 0.036873 0.045187
0 0.610251 0.261297 0.039086 0.053045
0 0.305678 0.379666 0.034661 0.050098
0 0.524705 0.447937 0.036136 0.049116
0 0.328171 0.441552 0.036873 0.050098
0 0.278024 0.441061 0.035398 0.049116
0 0.296829 0.313360 0.034661 0.051081
0 0.682153 0.259823 0.081121 0.052063
0 0.696534 0.356582 0.058260 0.117878
0 0.025442 0.437132 0.049410 0.051081
0 0.023230 0.498527 0.044985 0.050098
0 0.100295 0.311395 0.038348 0.051081
0 0.377950 0.444008 0.036136 0.049116
0 0.443215 0.318271 0.035398 0.049116
0 0.128319 0.250491 0.035398 0.049116
0 0.275074 0.255403 0.036873 0.051081
0 0.256637 0.378684 0.033923 0.050098
0 0.322640 0.255403 0.036136 0.049116
0 0.467552 0.258350 0.036873 0.051081
0 0.176991 0.251473 0.036873 0.055010
0 0.038348 0.309430 0.063422 0.051081
0 0.226770 0.253438 0.037611 0.053045
0 0.227876 0.440079 0.036873 0.049116
0 0.345870 0.315324 0.035398 0.049116
0 0.704277 0.516208 0.051622 0.054028
0 0.040929 0.375246 0.077434 0.053045
0 0.078540 0.438114 0.039086 0.049116
0 0.426622 0.446955 0.037611 0.051081
0 0.158186 0.378684 0.036136 0.052063
0 0.355088 0.382122 0.036136 0.051081
0 0.176991 0.440570 0.036873 0.050098
0 0.501844 0.384086 0.036136 0.051081
0 0.330383 0.508350 0.306785 0.052063
0 0.550147 0.386051 0.035398 0.051081
0 0.573378 0.447937 0.037611 0.049116
0 0.599189 0.386051 0.037611 0.051081
0 0.516224 0.261297 0.038348 0.051081
0 0.563053 0.263261 0.036136 0.053045
0 0.419617 0.256385 0.038348 0.053045
0 0.403392 0.382122 0.035398 0.051081
0 0.646755 0.389489 0.036873 0.050098
0 0.634218 0.324165 0.038348 0.051081
0 0.476770 0.446955 0.037611 0.049116
0 0.078909 0.249018 0.035398 0.052063
0 0.150074 0.312377 0.037611 0.051081
