0 0.121795 0.080592 0.091575 0.092105
0 0.293040 0.143092 0.062271 0.088816
0 0.175824 0.214638 0.058608 0.064145
0 0.340201 0.171875 0.061355 0.077303
0 0.415293 0.314145 0.059524 0.065789
0 0.706502 0.726974 0.066850 0.085526
0 0.329212 0.448191 0.315934 0.307566
0 0.312729 0.325658 0.065018 0.072368
0 0.576465 0.356086 0.065018 0.083882
0 0.673993 0.431743 0.062271 0.077303
0 0.274725 0.208882 0.058608 0.069079
0 0.505037 0.476974 0.063187 0.062500
0 0.043498 0.194901 0.070513 0.067434
0 0.229396 0.171053 0.057692 0.065789
0 0.454670 0.441612 0.065018 0.074013
0 0.679029 0.329770 0.059524 0.080592
0 0.385989 0.211349 0.063187 0.087171
0 0.147894 0.032895 0.079670 0.062500
0 0.249084 0.101151 0.060440 0.077303
0 0.158883 0.286184 0.072344 0.069079
0 0.780678 0.541118 0.108974 0.171053
0 0.441392 0.148849 0.058608 0.077303
0 0.553571 0.512336 0.057692 0.064145
0 0.722985 0.473684 0.065018 0.092105
0 0.625000 0.390625 0.063187 0.077303
0 0.406593 0.401316 0.064103 0.069079
0 0.728480 0.368421 0.059524 0.082237
0 0.367216 0.282895 0.060440 0.069079
0 0.348443 0.078125 0.057692 0.074013
0 0.266026 0.290296 0.063187 0.064145
0 0.630952 0.292763 0.060440 0.088816
0 0.202839 0.069079 0.063187 0.085526
0 0.511905 0.390625 0.060440 0.074013
0 0.393773 0.115132 0.058608 0.075658
0 0.656593 0.506579 0.062271 0.065789
0 0.127289 0.184211 0.064103 0.082237
0 0.516941 0.569079 0.072344 0.075658
0 0.167125 0.024671 0.057692 0.046053
0 0.707875 0.537829 0.065934 0.072368
0 0.302656 0.045230 0.057692 0.077303
0 0.487637 0.184211 0.061355 0.082237
0 0.433150 0.244243 0.062271 0.074013
0 0.500916 0.499178 1.000000 0.995066
0 0.212912 0.018914 0.055861 0.034539
0 0.527930 0.315789 0.063187 0.075658
0 0.698718 0.624178 0.148352 0.139803
0 0.256410 0.024671 0.058608 0.046053
0 0.221154 0.251645 0.061355 0.065789
0 0.534799 0.220395 0.062271 0.085526
0 0.804029 0.423520 0.109890 0.123355
0 0.559066 0.430921 0.063187 0.072368
0 0.183608 0.137336 0.059524 0.067434
0 0.080128 0.130757 0.070513 0.067434
0 0.360348 0.362664 0.063187 0.067434
0 0.462454 0.354441 0.060440 0.074013
0 0.602106 0.560855 0.065018 0.075658
0 0.582418 0.256579 0.062271 0.085526
0 0.320971 0.245066 0.059524 0.065789
0 0.608059 0.476151 0.062271 0.087171
0 0.480311 0.283717 0.061355 0.087171
