0 0.360158 0.239850 0.031662 0.058761
0 0.433047 0.376603 0.029683 0.056624
0 0.191953 0.237179 0.031662 0.057692
0 0.442282 0.240385 0.031003 0.057692
0 0.120712 0.438568 0.030343 0.054487
0 0.349934 0.375000 0.029683 0.055556
0 0.298813 0.307158 0.027704 0.056624
0 0.178430 0.513355 0.042876 0.071581
0 0.204485 0.439637 0.029024 0.054487
0 0.074538 0.512821 0.042216 0.072650
0 0.637863 0.345620 0.051451 0.125000
0 0.130607 0.305021 0.030343 0.056624
0 0.080475 0.372329 0.052770 0.056624
0 0.484169 0.241453 0.031662 0.057692
0 0.225923 0.373932 0.028364 0.057692
0 0.318602 0.239850 0.030343 0.056624
0 0.504617 0.309829 0.029024 0.055556
0 0.066623 0.233974 0.027704 0.055556
0 0.141821 0.373397 0.029024 0.056624
0 0.525396 0.241987 0.029683 0.056624
0 0.473285 0.376068 0.029683 0.055556
0 0.534301 0.442842 0.029024 0.054487
0 0.381266 0.308761 0.029024 0.055556
0 0.078496 0.304487 0.051451 0.057692
0 0.150396 0.236111 0.030343 0.057692
0 0.074208 0.440171 0.041557 0.055556
0 0.333443 0.537927 0.248681 0.125000
0 0.401055 0.240385 0.031662 0.057692
0 0.422493 0.308226 0.029683 0.054487
0 0.566953 0.240919 0.029683 0.056624
0 0.585752 0.310363 0.030343 0.056624
0 0.329815 0.441239 0.030343 0.055556
0 0.555409 0.377671 0.029024 0.056624
0 0.163588 0.439637 0.029024 0.054487
0 0.452836 0.441774 0.029683 0.054487
0 0.277045 0.239316 0.030343 0.057692
0 0.611807 0.444444 0.102243 0.055556
0 0.214380 0.306090 0.029024 0.056624
0 0.246042 0.439637 0.030343 0.054487
0 0.545185 0.310897 0.028364 0.055556
0 0.487797 0.516026 0.041557 0.070513
0 0.641821 0.518697 0.044855 0.073718
0 0.596306 0.377137 0.029024 0.055556
0 0.494393 0.356303 0.987467 0.477564
0 0.235158 0.238248 0.029683 0.057692
0 0.173153 0.305021 0.029683 0.056624
0 0.287929 0.440705 0.029683 0.054487
0 0.308377 0.375000 0.029683 0.055556
0 0.256596 0.307692 0.029024 0.055556
0 0.109499 0.235577 0.030343 0.056624
0 0.514182 0.378205 0.028364 0.055556
0 0.391821 0.376603 0.029024 0.056624
0 0.494723 0.442842 0.029024 0.052350
0 0.412269 0.442308 0.030343 0.055556
0 0.339710 0.308226 0.029024 0.054487
0 0.371042 0.441774 0.029683 0.054487
0 0.463391 0.310363 0.029683 0.056624
0 0.183707 0.374466 0.029683 0.056624
0 0.267480 0.375000 0.029683 0.055556
0 0.629617 0.242521 0.070580 0.057692
