0 0.379063 0.396861 0.029375 0.049327
0 0.504687 0.566816 0.031875 0.044843
0 0.580000 0.569955 0.102500 0.043946
0 0.166563 0.500897 0.030625 0.049327
0 0.118438 0.443946 0.030625 0.048430
0 0.264375 0.559641 0.031250 0.046637
0 0.238437 0.447085 0.029375 0.047534
0 0.183438 0.557848 0.030625 0.046637
0 0.556562 0.457848 0.030625 0.045740
0 0.459062 0.399552 0.029375 0.047534
0 0.305000 0.561883 0.033750 0.047534
0 0.318750 0.449776 0.030000 0.047534
0 0.246250 0.502691 0.028750 0.047534
0 0.221250 0.389686 0.027500 0.049327
0 0.287187 0.504036 0.031875 0.048430
0 0.605313 0.486996 0.050625 0.104036
0 0.493437 0.473991 0.948125 0.442152
0 0.339687 0.395067 0.029375 0.049327
0 0.140625 0.386547 0.027500 0.046637
0 0.125625 0.498655 0.030000 0.046637
0 0.419063 0.396861 0.030625 0.049327
0 0.525000 0.513004 0.031250 0.046637
0 0.159062 0.444395 0.029375 0.047534
0 0.608750 0.630493 0.047500 0.057399
0 0.300625 0.392825 0.030000 0.050224
0 0.359063 0.451570 0.030625 0.047534
0 0.100625 0.385202 0.027500 0.047534
0 0.260937 0.391480 0.029375 0.052915
0 0.327188 0.505381 0.029375 0.047534
0 0.476875 0.455605 0.030000 0.044843
0 0.465313 0.565471 0.030625 0.042152
0 0.068437 0.441256 0.049375 0.046637
0 0.070938 0.496861 0.061875 0.048430
0 0.538125 0.400448 0.030000 0.045740
0 0.224062 0.558296 0.031875 0.047534
0 0.180938 0.388789 0.028125 0.049327
0 0.405625 0.508072 0.030000 0.045740
0 0.305312 0.621076 0.244375 0.060090
0 0.424687 0.563677 0.029375 0.043946
0 0.499063 0.400897 0.028125 0.044843
0 0.445937 0.509865 0.029375 0.045740
0 0.154688 0.613901 0.041875 0.049327
0 0.367500 0.507175 0.030000 0.045740
0 0.596250 0.401345 0.068750 0.049327
0 0.198437 0.445291 0.029375 0.049327
0 0.057188 0.551121 0.043125 0.049327
0 0.517188 0.457848 0.030625 0.045740
0 0.278750 0.447534 0.030000 0.046637
0 0.206875 0.501345 0.030000 0.050224
0 0.457813 0.623318 0.041875 0.048430
0 0.564375 0.513901 0.031250 0.046637
0 0.437500 0.455157 0.031250 0.045740
0 0.102500 0.554260 0.032500 0.048430
0 0.053125 0.609865 0.041250 0.048430
0 0.397188 0.452018 0.030625 0.044843
0 0.486563 0.511659 0.029375 0.043946
0 0.061875 0.383408 0.027500 0.045740
0 0.143750 0.555157 0.031250 0.046637
0 0.345313 0.562332 0.033125 0.046637
0 0.385000 0.564126 0.032500 0.048430
