0 0.145183 0.632458 0.032564 0.066826
0 0.249661 0.479714 0.033921 0.066826
0 0.499661 0.569809 0.031886 0.065632
0 0.203189 0.476730 0.035957 0.068019
0 0.350746 0.720167 0.033921 0.065632
0 0.396879 0.719570 0.033921 0.066826
0 0.157056 0.476730 0.034600 0.068019
0 0.343284 0.483890 0.033921 0.065632
0 0.553935 0.649761 0.031886 0.065632
0 0.486431 0.724940 0.032564 0.065632
0 0.014925 0.546539 0.028494 0.069212
0 0.121438 0.711814 0.033921 0.065632
0 0.214043 0.714200 0.034600 0.065632
0 0.305631 0.717780 0.034600 0.065632
0 0.191655 0.634845 0.033243 0.066826
0 0.590909 0.492840 0.077341 0.066826
0 0.523745 0.491050 0.033921 0.068019
0 0.509498 0.646778 0.032564 0.066826
0 0.602442 0.807279 0.044776 0.063246
0 0.544437 0.569809 0.031886 0.065632
0 0.009159 0.468377 0.016961 0.065632
0 0.074627 0.708234 0.033921 0.065632
0 0.087517 0.549523 0.032564 0.065632
0 0.092944 0.789379 0.046133 0.065632
0 0.420624 0.642601 0.032564 0.065632
0 0.040706 0.548329 0.033921 0.065632
0 0.297151 0.482100 0.033921 0.066826
0 0.375170 0.641408 0.033921 0.068019
0 0.434532 0.800119 0.044098 0.063246
0 0.052578 0.630668 0.031886 0.065632
0 0.364993 0.560859 0.032564 0.064439
0 0.109566 0.471957 0.035957 0.068019
0 0.099050 0.630072 0.032564 0.064439
0 0.262890 0.794153 0.278833 0.068019
0 0.441995 0.720764 0.033243 0.064439
0 0.012551 0.706444 0.023745 0.066826
0 0.410787 0.563842 0.033243 0.065632
0 0.319199 0.559666 0.033243 0.064439
0 0.237449 0.636635 0.032564 0.065632
0 0.016282 0.471360 0.031208 0.069212
0 0.478969 0.491050 0.033921 0.065632
0 0.434532 0.486874 0.034600 0.066826
0 0.132972 0.551909 0.032564 0.065632
0 0.018318 0.625895 0.035278 0.068019
0 0.568521 0.727924 0.109905 0.066826
0 0.388399 0.485084 0.034600 0.065632
0 0.180461 0.554296 0.033921 0.065632
0 0.062076 0.469570 0.034600 0.065632
0 0.012212 0.785203 0.023066 0.064439
0 0.329715 0.640811 0.032564 0.066826
0 0.226934 0.555489 0.031886 0.065632
0 0.028833 0.708234 0.034600 0.068019
0 0.465400 0.644988 0.032564 0.065632
0 0.167571 0.713007 0.033921 0.065632
0 0.284261 0.637828 0.032564 0.065632
0 0.600068 0.612172 0.053596 0.147971
0 0.259837 0.715394 0.033921 0.065632
0 0.272727 0.559069 0.032564 0.065632
0 0.489145 0.594272 0.976934 0.536993
0 0.455224 0.566229 0.031208 0.065632
