0 0.373750 0.234312 0.030000 0.055668
0 0.442812 0.363866 0.028125 0.053644
0 0.214375 0.231781 0.030000 0.054656
0 0.451562 0.234818 0.029375 0.054656
0 0.146875 0.422571 0.028750 0.051619
0 0.364063 0.362348 0.028125 0.052632
0 0.315625 0.298077 0.026250 0.053644
0 0.201563 0.493421 0.040625 0.067814
0 0.226250 0.423583 0.027500 0.051619
0 0.103125 0.492915 0.040000 0.068826
0 0.636875 0.334514 0.048750 0.118421
0 0.156250 0.296053 0.028750 0.053644
0 0.108750 0.359818 0.050000 0.053644
0 0.491250 0.235830 0.030000 0.054656
0 0.246562 0.361336 0.026875 0.054656
0 0.334375 0.234312 0.028750 0.053644
0 0.510625 0.300607 0.027500 0.052632
0 0.095625 0.228745 0.026250 0.052632
0 0.166875 0.360830 0.027500 0.053644
0 0.530312 0.236336 0.028125 0.053644
0 0.480938 0.363360 0.028125 0.052632
0 0.538750 0.426619 0.027500 0.051619
0 0.393750 0.299595 0.027500 0.052632
0 0.106875 0.295547 0.048750 0.054656
0 0.175000 0.230769 0.028750 0.054656
0 0.102813 0.424089 0.039375 0.052632
0 0.348438 0.516700 0.235625 0.118421
0 0.412500 0.234818 0.030000 0.054656
0 0.432812 0.299089 0.028125 0.051619
0 0.569688 0.235324 0.028125 0.053644
0 0.587500 0.301113 0.028750 0.053644
0 0.345000 0.425101 0.028750 0.052632
0 0.558750 0.364879 0.027500 0.053644
0 0.187500 0.423583 0.027500 0.051619
0 0.461562 0.425607 0.028125 0.051619
0 0.295000 0.233806 0.028750 0.054656
0 0.612187 0.428138 0.096875 0.052632
0 0.235625 0.297065 0.027500 0.053644
0 0.265625 0.423583 0.028750 0.051619
0 0.549063 0.301619 0.026875 0.052632
0 0.494688 0.495951 0.039375 0.066802
0 0.640625 0.498482 0.042500 0.069838
0 0.597500 0.364372 0.027500 0.052632
0 0.494063 0.344636 0.949375 0.452429
0 0.255312 0.232794 0.028125 0.054656
0 0.196563 0.296053 0.028125 0.053644
0 0.305312 0.424595 0.028125 0.051619
0 0.324688 0.362348 0.028125 0.052632
0 0.275625 0.298583 0.027500 0.052632
0 0.136250 0.230263 0.028750 0.053644
0 0.519687 0.365385 0.026875 0.052632
0 0.403750 0.363866 0.027500 0.053644
0 0.501250 0.426619 0.027500 0.049595
0 0.423125 0.426113 0.028750 0.052632
0 0.354375 0.299089 0.027500 0.051619
0 0.384062 0.425607 0.028125 0.051619
0 0.471562 0.301113 0.028125 0.053644
0 0.206563 0.361842 0.028125 0.053644
0 0.285938 0.362348 0.028125 0.052632
0 0.629062 0.236842 0.066875 0.054656
