0 0.512900 0.511000 0.401246 0.979333
0 0.671263 0.980667 0.052491 0.040000
0 0.666370 0.873333 0.053381 0.049333
0 0.608986 0.933333 0.052491 0.037333
0 0.612100 0.980333 0.053381 0.040667
0 0.552491 0.968000 0.055160 0.065333
0 0.495996 0.972333 0.054270 0.056667
0 0.437722 0.983333 0.048043 0.032000
0 0.435943 0.940667 0.049822 0.033333
0 0.435498 0.898333 0.048932 0.035333
0 0.493772 0.919333 0.049822 0.036000
0 0.550267 0.909333 0.050712 0.036000
0 0.606762 0.888000 0.055160 0.037333
0 0.433274 0.854333 0.044484 0.032667
0 0.430605 0.811000 0.049822 0.034000
0 0.428826 0.767000 0.049822 0.035333
0 0.426601 0.724000 0.047153 0.034667
0 0.425267 0.680333 0.049822 0.032667
0 0.484431 0.700000 0.050712 0.037333
0 0.487989 0.744000 0.052491 0.036000
0 0.487989 0.785667 0.050712 0.038000
0 0.490214 0.833000 0.049822 0.036667
0 0.491993 0.874667 0.051601 0.033333
0 0.548488 0.865000 0.047153 0.034000
0 0.604982 0.845333 0.051601 0.036000
0 0.603203 0.800667 0.051601 0.037333
0 0.547598 0.821667 0.052491 0.034000
0 0.544484 0.777333 0.046263 0.033333
0 0.601423 0.755667 0.048043 0.032667
0 0.543594 0.733333 0.049822 0.036000
0 0.598310 0.711333 0.054270 0.036000
0 0.540480 0.688333 0.048932 0.034000
0 0.596975 0.666000 0.049822 0.036000
0 0.595196 0.623333 0.053381 0.034667
0 0.539146 0.645333 0.048043 0.036000
0 0.482651 0.656000 0.050712 0.032000
0 0.423043 0.636667 0.052491 0.030667
0 0.422598 0.593000 0.048043 0.031333
0 0.422153 0.551333 0.048932 0.030667
0 0.479093 0.570000 0.050712 0.033333
0 0.480427 0.611667 0.049822 0.031333
0 0.536477 0.601667 0.048043 0.031333
0 0.534253 0.558667 0.048932 0.032000
0 0.592527 0.578667 0.048043 0.034667
0 0.650356 0.540667 0.053381 0.046667
0 0.662367 0.706000 0.072064 0.269333
0 0.589858 0.535667 0.051601 0.035333
0 0.586744 0.493000 0.050712 0.030000
0 0.641014 0.377000 0.057829 0.047333
0 0.585854 0.413333 0.056050 0.109333
0 0.528470 0.430000 0.049822 0.034667
0 0.530249 0.473000 0.053381 0.036667
0 0.532918 0.516667 0.053381 0.036000
0 0.476423 0.527667 0.050712 0.034000
0 0.475089 0.485333 0.048043 0.032000
0 0.473310 0.443333 0.051601 0.036000
0 0.417705 0.464667 0.048932 0.033333
0 0.419484 0.508333 0.047153 0.030000
0 0.415480 0.401667 0.049822 0.078000
0 0.500000 0.390333 0.106762 0.055333
