0 0.369947 0.458333 0.026362 0.034615
0 0.355009 0.406410 0.024605 0.038462
0 0.188049 0.496795 0.217926 0.052564
0 0.298330 0.453846 0.025483 0.038462
0 0.073374 0.387821 0.025483 0.039744
0 0.007030 0.286538 0.012302 0.037179
0 0.054042 0.485897 0.036028 0.043590
0 0.196837 0.300000 0.024605 0.038462
0 0.384446 0.359615 0.023726 0.039744
0 0.162127 0.294872 0.025483 0.043590
0 0.318981 0.404487 0.024605 0.039744
0 0.261863 0.450000 0.026362 0.041026
0 0.462654 0.389103 0.041301 0.093590
0 0.048770 0.435256 0.025483 0.037179
0 0.092707 0.292949 0.025483 0.042308
0 0.083919 0.437821 0.027241 0.037179
0 0.190685 0.444872 0.026362 0.041026
0 0.284271 0.402564 0.025483 0.041026
0 0.154657 0.442308 0.028120 0.038462
0 0.036028 0.337179 0.026362 0.038462
0 0.024605 0.288462 0.024605 0.038462
0 0.213972 0.397436 0.025483 0.038462
0 0.390598 0.408974 0.025483 0.038462
0 0.461775 0.516026 0.039543 0.050000
0 0.010105 0.480769 0.018453 0.046154
0 0.266257 0.307051 0.022847 0.039744
0 0.210018 0.348718 0.024605 0.038462
0 0.314587 0.355128 0.024605 0.038462
0 0.108084 0.390385 0.026362 0.039744
0 0.334359 0.454487 0.025483 0.037179
0 0.105009 0.341026 0.023726 0.041026
0 0.426186 0.412821 0.026362 0.038462
0 0.119508 0.439744 0.026362 0.038462
0 0.178822 0.396154 0.025483 0.038462
0 0.404657 0.310897 0.027241 0.047436
0 0.324692 0.507051 0.039543 0.044872
0 0.127856 0.293590 0.025483 0.041026
0 0.013620 0.382692 0.025483 0.039744
0 0.174868 0.345513 0.024605 0.037179
0 0.456503 0.313462 0.060633 0.047436
0 0.419596 0.362821 0.025483 0.038462
0 0.391916 0.387179 0.782074 0.394872
0 0.369508 0.308974 0.025483 0.046154
0 0.301406 0.307051 0.022847 0.039744
0 0.013620 0.433333 0.025483 0.035897
0 0.349297 0.357692 0.023726 0.038462
0 0.438049 0.461538 0.088752 0.041026
0 0.143234 0.391667 0.026362 0.037179
0 0.249121 0.399359 0.025483 0.039744
0 0.139279 0.343590 0.025483 0.038462
0 0.037786 0.385897 0.026362 0.038462
0 0.058436 0.290385 0.025483 0.042308
0 0.070299 0.340385 0.024605 0.039744
0 0.335237 0.307051 0.025483 0.042308
0 0.010105 0.429487 0.018453 0.038462
0 0.278998 0.352564 0.025483 0.038462
0 0.011424 0.335256 0.021090 0.039744
0 0.226714 0.448718 0.026362 0.038462
0 0.244728 0.350641 0.025483 0.039744
0 0.231986 0.304487 0.024605 0.039744
