0 0.446530 0.745951 0.036119 0.115385
0 0.408286 0.477733 0.036119 0.113360
0 0.109419 0.770243 0.036119 0.115385
0 0.526912 0.338057 0.035411 0.113360
0 0.537535 0.877530 0.048159 0.119433
0 0.092776 0.364372 0.035411 0.117409
0 0.141997 0.362348 0.036119 0.117409
0 0.044263 0.365385 0.034703 0.107287
0 0.286473 0.353239 0.037535 0.119433
0 0.398725 0.746964 0.035411 0.113360
0 0.302408 0.754049 0.033994 0.111336
0 0.678470 0.724696 0.118980 0.113360
0 0.239023 0.357287 0.036119 0.119433
0 0.230878 0.627530 0.033994 0.117409
0 0.054887 0.918016 0.047450 0.119433
0 0.374646 0.614372 0.033994 0.115385
0 0.503895 0.469636 0.036119 0.109312
0 0.169263 0.494939 0.035411 0.115385
0 0.588527 0.733806 0.035411 0.111336
0 0.326133 0.615385 0.034703 0.117409
0 0.207153 0.761134 0.034703 0.113360
0 0.216714 0.487854 0.035411 0.113360
0 0.479108 0.340081 0.036119 0.117409
0 0.645538 0.457490 0.034703 0.113360
0 0.060198 0.501012 0.059490 0.111336
0 0.574008 0.335020 0.036119 0.115385
0 0.456799 0.472672 0.033994 0.107287
0 0.350567 0.751012 0.035411 0.113360
0 0.598796 0.463563 0.034703 0.117409
0 0.313739 0.482794 0.033994 0.111336
0 0.055595 0.774291 0.047450 0.111336
0 0.705737 0.518219 0.060198 0.255061
0 0.190864 0.361336 0.036119 0.123482
0 0.158640 0.765182 0.035411 0.113360
0 0.068697 0.632591 0.070822 0.119433
0 0.541076 0.735830 0.033994 0.107287
0 0.133499 0.630567 0.034703 0.119433
0 0.516997 0.604251 0.035411 0.111336
0 0.469547 0.610324 0.035411 0.115385
0 0.551346 0.468623 0.034703 0.107287
0 0.120397 0.500000 0.035411 0.113360
0 0.360482 0.476721 0.033994 0.111336
0 0.335340 0.349190 0.037535 0.119433
0 0.266289 0.485830 0.035411 0.113360
0 0.620042 0.328947 0.034703 0.115385
0 0.278683 0.619433 0.033286 0.117409
0 0.612252 0.594130 0.034703 0.111336
0 0.421388 0.612348 0.035411 0.111336
0 0.716714 0.862348 0.049575 0.121457
0 0.658640 0.593117 0.033994 0.113360
0 0.564448 0.600202 0.033994 0.115385
0 0.383144 0.346154 0.036827 0.117409
0 0.509561 0.532389 0.982295 0.939271
0 0.176700 0.904858 0.048867 0.121457
0 0.692635 0.317814 0.082153 0.113360
0 0.356232 0.890688 0.290368 0.129555
0 0.255312 0.757085 0.036119 0.113360
0 0.430949 0.343117 0.036119 0.111336
0 0.183074 0.628543 0.036119 0.119433
0 0.493980 0.741903 0.034703 0.111336
