0 0.481563 0.524219 0.039823 0.092188
0 0.330752 0.520312 0.037611 0.090625
0 0.013274 0.617188 0.025074 0.087500
0 0.026917 0.510156 0.037611 0.089063
0 0.394174 0.841406 0.036136 0.085938
0 0.178835 0.516406 0.039086 0.089063
0 0.319690 0.733594 0.036136 0.089063
0 0.009956 0.505469 0.018437 0.089063
0 0.356932 0.626563 0.036873 0.087500
0 0.012906 0.825000 0.024336 0.087500
0 0.500737 0.660156 1.000000 0.682813
0 0.456490 0.630469 0.036873 0.089063
0 0.407448 0.628906 0.037611 0.089063
0 0.608407 0.522656 0.089971 0.092188
0 0.619100 0.685937 0.062684 0.196875
0 0.532448 0.525000 0.039823 0.093750
0 0.128687 0.512500 0.037611 0.090625
0 0.432522 0.519531 0.039086 0.089063
0 0.369838 0.736719 0.036136 0.089063
0 0.047198 0.830469 0.035398 0.085938
0 0.146018 0.830469 0.036873 0.085938
0 0.021018 0.722656 0.036136 0.089063
0 0.119838 0.725781 0.036136 0.089063
0 0.195428 0.832812 0.036873 0.087500
0 0.070796 0.722656 0.035398 0.089063
0 0.380162 0.520312 0.039086 0.090625
0 0.056785 0.617969 0.036873 0.089063
0 0.156342 0.621094 0.036873 0.089063
0 0.019174 0.720313 0.036873 0.090625
0 0.169617 0.726562 0.035398 0.087500
0 0.517330 0.739844 0.037611 0.089063
0 0.009587 0.826562 0.017699 0.087500
0 0.095870 0.831250 0.035398 0.087500
0 0.295723 0.835938 0.036873 0.087500
0 0.219395 0.731250 0.036136 0.090625
0 0.245206 0.834375 0.037611 0.087500
0 0.556047 0.631250 0.036873 0.087500
0 0.418879 0.735156 0.036873 0.089063
0 0.009956 0.506250 0.018437 0.090625
0 0.567109 0.739844 0.036873 0.085938
0 0.468289 0.739062 0.036873 0.087500
0 0.016224 0.617188 0.030973 0.090625
0 0.105826 0.618750 0.036136 0.087500
0 0.013274 0.927344 0.025074 0.085938
0 0.257375 0.624219 0.036873 0.089063
0 0.436947 0.942187 0.049410 0.084375
0 0.621681 0.948438 0.051622 0.084375
0 0.206490 0.623437 0.036873 0.087500
0 0.229720 0.515625 0.037611 0.090625
0 0.506637 0.633594 0.036873 0.089063
0 0.066740 0.932031 0.049410 0.085938
0 0.250369 0.939063 0.301622 0.090625
0 0.491888 0.841406 0.036873 0.082812
0 0.270280 0.731250 0.036136 0.087500
0 0.077065 0.510938 0.037611 0.090625
0 0.280236 0.517188 0.038348 0.090625
0 0.584808 0.842969 0.123894 0.085938
0 0.344764 0.836719 0.037611 0.085938
0 0.443584 0.839063 0.036136 0.084375
0 0.306785 0.629687 0.036873 0.090625
