0 0.237229 0.382027 0.028736 0.041738
0 0.397190 0.370528 0.030651 0.042589
0 0.596105 0.435264 0.055556 0.098807
0 0.083972 0.393101 0.030013 0.041738
0 0.459132 0.417802 0.030651 0.041738
0 0.404215 0.526831 0.030651 0.041738
0 0.319604 0.531942 0.031290 0.041738
0 0.101852 0.493612 0.030013 0.041738
0 0.180715 0.488501 0.030651 0.041738
0 0.261814 0.482112 0.029374 0.040886
0 0.215837 0.433986 0.029374 0.041738
0 0.294700 0.428024 0.028736 0.040034
0 0.499681 0.416099 0.030013 0.043441
0 0.520434 0.361584 0.031928 0.043441
0 0.221584 0.485945 0.029374 0.041738
0 0.098020 0.442078 0.028736 0.040886
0 0.121328 0.596678 0.045977 0.043441
0 0.141443 0.489779 0.030013 0.040886
0 0.236909 0.535349 0.031928 0.040034
0 0.343550 0.477428 0.029374 0.041738
0 0.511175 0.468058 0.031290 0.043441
0 0.446679 0.524276 0.031290 0.040034
0 0.255109 0.430579 0.028736 0.041738
0 0.440613 0.580068 0.044700 0.044293
0 0.356641 0.375213 0.030013 0.043441
0 0.469029 0.471465 0.030013 0.043441
0 0.198276 0.384583 0.028736 0.041738
0 0.438059 0.369250 0.031928 0.043441
0 0.030332 0.548126 0.040230 0.040034
0 0.316411 0.377342 0.030013 0.042589
0 0.541507 0.412692 0.030651 0.043441
0 0.384738 0.475724 0.030013 0.041738
0 0.049808 0.495315 0.058748 0.041738
0 0.426564 0.474020 0.029374 0.043441
0 0.277139 0.380750 0.029374 0.042589
0 0.376437 0.423339 0.028736 0.040886
0 0.022669 0.602641 0.041507 0.040034
0 0.279055 0.590290 0.261814 0.051107
0 0.553321 0.465503 0.031290 0.043441
0 0.418263 0.421635 0.030651 0.042589
0 0.277778 0.535349 0.031928 0.041738
0 0.159642 0.387138 0.029374 0.041738
0 0.154215 0.541312 0.032567 0.040034
0 0.046616 0.396934 0.025543 0.039182
0 0.336526 0.425894 0.029374 0.040886
0 0.303001 0.479983 0.030013 0.041738
0 0.500639 0.458262 1.000000 0.396934
0 0.571839 0.518739 0.110473 0.044293
0 0.480524 0.365843 0.031290 0.043441
0 0.051086 0.446763 0.045977 0.040034
0 0.137612 0.438671 0.028736 0.040886
0 0.489783 0.522572 0.031928 0.041738
0 0.175926 0.436116 0.028736 0.040886
0 0.195402 0.538756 0.033206 0.040034
0 0.075032 0.545571 0.032567 0.040034
0 0.120690 0.390545 0.029374 0.041738
0 0.583333 0.356474 0.072158 0.043441
0 0.608238 0.571976 0.047893 0.045145
0 0.362069 0.529813 0.031928 0.042589
0 0.113985 0.542589 0.032567 0.040886
