0 0.450613 0.568182 0.049770 0.116162
0 0.098009 0.700337 0.049005 0.117845
0 0.633997 0.568182 0.050536 0.116162
0 0.543262 0.436869 0.051302 0.119529
0 0.153522 0.960438 0.060490 0.082492
0 0.767994 0.702020 0.052067 0.121212
0 0.266462 0.568182 0.049005 0.116162
0 0.495406 0.835859 0.053599 0.119529
0 0.298239 0.434343 0.049770 0.117845
0 0.694104 0.569024 0.051302 0.117845
0 0.554747 0.834175 0.052833 0.116162
0 0.113706 0.436027 0.049770 0.121212
0 0.403139 0.702020 0.049770 0.121212
0 0.677259 0.834175 0.054364 0.116162
0 0.311256 0.835017 0.051302 0.114478
0 0.220521 0.700337 0.049005 0.117845
0 0.175345 0.436869 0.052067 0.122896
0 0.145100 0.568182 0.049770 0.116162
0 0.189127 0.835859 0.050536 0.116162
0 0.647397 0.702020 0.051302 0.121212
0 0.840735 0.959596 0.064319 0.084175
0 0.083461 0.569865 0.053599 0.119529
0 0.500766 0.581650 1.000000 0.840067
0 0.250000 0.834175 0.051302 0.116162
0 0.755360 0.569865 0.052833 0.119529
0 0.665391 0.437710 0.050536 0.121212
0 0.280628 0.699495 0.048239 0.116162
0 0.360260 0.434343 0.049770 0.117845
0 0.611026 0.959596 0.061256 0.084175
0 0.463629 0.701178 0.049770 0.119529
0 0.052450 0.433502 0.048239 0.116162
0 0.818530 0.440236 0.105666 0.116162
0 0.013400 0.436027 0.025268 0.117845
0 0.571593 0.566498 0.051302 0.116162
0 0.725498 0.432660 0.048239 0.117845
0 0.388974 0.568182 0.050536 0.116162
0 0.420368 0.437710 0.050536 0.121212
0 0.526034 0.702020 0.050536 0.121212
0 0.604900 0.438552 0.053599 0.122896
0 0.794793 0.839226 0.153139 0.109428
0 0.016845 0.960438 0.032159 0.082492
0 0.433384 0.835017 0.052067 0.117845
0 0.016462 0.840067 0.031394 0.111111
0 0.511485 0.566498 0.049005 0.112795
0 0.023354 0.570707 0.045176 0.114478
0 0.833461 0.638047 0.084992 0.259259
0 0.480475 0.438552 0.052833 0.122896
0 0.237749 0.436869 0.049770 0.119529
0 0.031394 0.704545 0.061256 0.112795
0 0.617152 0.835017 0.052067 0.114478
0 0.128637 0.835017 0.049005 0.114478
0 0.341501 0.701178 0.050536 0.119529
0 0.158499 0.702862 0.050536 0.119529
0 0.585758 0.701178 0.050536 0.119529
0 0.709035 0.702020 0.052067 0.121212
0 0.326953 0.568182 0.049005 0.116162
0 0.381317 0.958754 0.378254 0.085859
0 0.372894 0.835017 0.052067 0.117845
0 0.205972 0.568182 0.050536 0.119529
0 0.067764 0.835017 0.052833 0.117845
