0 0.322433 0.576190 0.263713 0.047619
0 0.246132 0.352910 0.030942 0.043386
0 0.220816 0.407407 0.030942 0.044444
0 0.521449 0.349206 0.031646 0.044444
0 0.057665 0.580952 0.047820 0.044444
0 0.510549 0.457143 0.029536 0.042328
0 0.348453 0.459788 0.030239 0.043386
0 0.265471 0.461376 0.031646 0.042328
0 0.092827 0.409524 0.052039 0.044444
0 0.089311 0.353968 0.029536 0.041270
0 0.113572 0.520635 0.035865 0.046561
0 0.619902 0.347090 0.071027 0.044444
0 0.381857 0.404762 0.029536 0.043386
0 0.322433 0.515873 0.033052 0.043386
0 0.580872 0.401587 0.029536 0.043386
0 0.447609 0.513757 0.030239 0.041270
0 0.561533 0.347619 0.031646 0.043386
0 0.207103 0.353439 0.031646 0.042328
0 0.630450 0.428571 0.054149 0.099471
0 0.590717 0.455556 0.029536 0.043386
0 0.470113 0.458201 0.028833 0.042328
0 0.608650 0.510053 0.103376 0.042328
0 0.280591 0.516402 0.032349 0.042328
0 0.404008 0.351323 0.031646 0.044444
0 0.168776 0.352910 0.032349 0.043386
0 0.364979 0.350794 0.030942 0.045503
0 0.529887 0.511640 0.028833 0.041270
0 0.238748 0.518519 0.034459 0.044444
0 0.128340 0.355026 0.031646 0.045503
0 0.088608 0.464550 0.064698 0.044444
0 0.406118 0.514815 0.031646 0.043386
0 0.341772 0.404762 0.030942 0.043386
0 0.642053 0.569312 0.045007 0.044444
0 0.483122 0.570370 0.042194 0.044444
0 0.461674 0.403175 0.030239 0.044444
0 0.541491 0.402646 0.029536 0.043386
0 0.430028 0.458730 0.030239 0.043386
0 0.156118 0.519577 0.033755 0.044444
0 0.513361 0.440741 0.966245 0.407407
0 0.301336 0.405291 0.030239 0.042328
0 0.224684 0.462434 0.031646 0.044444
0 0.421589 0.404233 0.030239 0.042328
0 0.324895 0.351852 0.030942 0.041270
0 0.551336 0.456085 0.029536 0.042328
0 0.444093 0.350265 0.031646 0.044444
0 0.184248 0.462963 0.032349 0.045503
0 0.181435 0.407937 0.030942 0.043386
0 0.066807 0.521164 0.046414 0.043386
0 0.260900 0.406349 0.030942 0.042328
0 0.307314 0.460847 0.030942 0.043386
0 0.142053 0.408466 0.032349 0.044444
0 0.285513 0.352381 0.030942 0.044444
0 0.489100 0.512169 0.028833 0.040212
0 0.162799 0.578307 0.047117 0.045503
0 0.197257 0.517989 0.034459 0.043386
0 0.364627 0.515344 0.031646 0.042328
0 0.143812 0.464021 0.033052 0.043386
0 0.484529 0.351852 0.035162 0.043386
0 0.501406 0.402646 0.029536 0.043386
0 0.388889 0.459788 0.029536 0.043386
