0 0.707841 0.511062 0.044688 0.025917
0 0.314924 0.574905 0.046374 0.029709
0 0.290472 0.489570 0.043002 0.024652
0 0.403035 0.463654 0.040472 0.022124
0 0.489882 0.462705 0.040472 0.022756
0 0.690978 0.539191 0.044688 0.026549
0 0.166105 0.576802 0.055649 0.029709
0 0.572513 0.512958 0.043845 0.025917
0 0.645025 0.539823 0.045531 0.026549
0 0.574621 0.461757 0.041315 0.023388
0 0.318718 0.544880 0.045531 0.027813
0 0.552277 0.540771 0.043845 0.027181
0 0.599073 0.540455 0.044688 0.026549
0 0.188449 0.465866 0.034570 0.022756
0 0.390809 0.514855 0.043002 0.025917
0 0.315346 0.463970 0.042159 0.022756
0 0.527403 0.513590 0.041315 0.025917
0 0.616779 0.461441 0.041315 0.022756
0 0.469224 0.487674 0.043002 0.024652
0 0.703626 0.460177 0.041315 0.022756
0 0.299325 0.516751 0.043845 0.025917
0 0.224283 0.546144 0.047218 0.027813
0 0.688870 0.485145 0.042159 0.024652
0 0.271501 0.545196 0.045531 0.027181
0 0.751265 0.510430 0.045531 0.025917
0 0.228078 0.465234 0.043002 0.024020
0 0.380270 0.488938 0.042159 0.024652
0 0.436762 0.514855 0.042159 0.025917
0 0.271922 0.464286 0.041315 0.023388
0 0.359612 0.463970 0.041315 0.022756
0 0.532462 0.462705 0.039629 0.022756
0 0.785835 0.497155 0.067454 0.051201
0 0.644604 0.485461 0.043002 0.024020
0 0.760118 0.459545 0.071669 0.022756
0 0.193086 0.491150 0.059022 0.025284
0 0.252951 0.517067 0.043845 0.026549
0 0.506324 0.542035 0.044688 0.027181
0 0.193086 0.517383 0.072513 0.025917
0 0.344857 0.515803 0.043845 0.026549
0 0.173693 0.546776 0.052277 0.026549
0 0.446037 0.463338 0.040472 0.022756
0 0.513069 0.487674 0.041315 0.024652
0 0.601180 0.486410 0.042159 0.024652
0 0.245363 0.489886 0.043845 0.025284
0 0.623103 0.570164 0.047218 0.029077
0 0.770658 0.537927 0.112985 0.026549
0 0.663153 0.511694 0.044688 0.025917
0 0.556914 0.486726 0.041315 0.024020
0 0.424115 0.487990 0.040472 0.025284
0 0.731450 0.484513 0.043002 0.024652
0 0.335582 0.489254 0.042159 0.025284
0 0.459949 0.542668 0.044688 0.027181
0 0.413153 0.543300 0.043845 0.027181
0 0.659781 0.460493 0.041315 0.022124
0 0.365514 0.544248 0.044688 0.027813
0 0.482715 0.514223 0.043002 0.025917
0 0.617622 0.511694 0.043002 0.025917
0 0.469224 0.572693 0.260540 0.030341
0 0.672850 0.569216 0.052277 0.029709
0 0.493676 0.513590 0.714165 0.172566
