0 0.444556 0.655242 0.034274 0.038978
0 0.417339 0.698925 0.034274 0.043011
0 0.392641 0.614919 0.033266 0.038978
0 0.695060 0.739247 0.037298 0.043011
0 0.671875 0.692876 0.035282 0.041667
0 0.561996 0.694892 0.033266 0.043011
0 0.433972 0.744624 0.035282 0.045699
0 0.656754 0.650538 0.033266 0.040323
0 0.681452 0.788306 0.042339 0.047043
0 0.641633 0.788978 0.037298 0.048387
0 0.381048 0.700269 0.034274 0.043011
0 0.585181 0.651210 0.033266 0.038978
0 0.427923 0.614247 0.031250 0.037634
0 0.462702 0.614247 0.032258 0.037634
0 0.408770 0.655242 0.033266 0.041667
0 0.564516 0.611559 0.032258 0.037634
0 0.583669 0.740591 0.036290 0.045699
0 0.358367 0.616263 0.033266 0.038978
0 0.296371 0.701613 0.056452 0.043011
0 0.668851 0.610887 0.035282 0.036290
0 0.495968 0.612903 0.030242 0.037634
0 0.373488 0.656586 0.033266 0.041667
0 0.772177 0.671371 0.056452 0.084677
0 0.471270 0.743280 0.035282 0.043011
0 0.761593 0.737903 0.093750 0.045699
0 0.321069 0.746640 0.037298 0.044355
0 0.358367 0.745968 0.035282 0.045699
0 0.692036 0.649866 0.035282 0.041667
0 0.599294 0.611559 0.033266 0.037634
0 0.274698 0.797715 0.043347 0.047043
0 0.479335 0.653898 0.033266 0.038978
0 0.295363 0.658602 0.046371 0.040323
0 0.598790 0.694220 0.034274 0.041667
0 0.727319 0.649194 0.035282 0.040323
0 0.620968 0.651882 0.034274 0.040323
0 0.280746 0.747984 0.041331 0.044355
0 0.540323 0.698925 0.576613 0.266129
0 0.703629 0.609543 0.032258 0.036290
0 0.343750 0.700269 0.034274 0.043011
0 0.323085 0.616935 0.033266 0.037634
0 0.291835 0.617608 0.027218 0.036290
0 0.751008 0.609543 0.060484 0.036290
0 0.514617 0.653226 0.033266 0.040323
0 0.635081 0.692876 0.034274 0.041667
0 0.489415 0.697581 0.033266 0.043011
0 0.530242 0.612231 0.032258 0.036290
0 0.549899 0.653226 0.033266 0.040323
0 0.707661 0.692204 0.036290 0.043011
0 0.453125 0.698253 0.033266 0.041667
0 0.517641 0.791667 0.206653 0.051075
0 0.508065 0.742608 0.036290 0.044355
0 0.393649 0.795699 0.037298 0.048387
0 0.620968 0.740591 0.036290 0.045699
0 0.658266 0.739919 0.036290 0.044355
0 0.633569 0.611559 0.033266 0.037634
0 0.337702 0.657258 0.036290 0.040323
0 0.744456 0.691532 0.037298 0.041667
0 0.526210 0.695565 0.034274 0.041667
0 0.395665 0.745968 0.035282 0.045699
0 0.545867 0.741935 0.037298 0.045699
