0 0.616407 0.386167 0.022698 0.040346
0 0.589494 0.525216 0.142672 0.053314
0 0.597601 0.428674 0.022698 0.041787
0 0.692607 0.384726 0.024643 0.037464
0 0.440337 0.388329 0.031128 0.038905
0 0.430934 0.474784 0.026589 0.041787
0 0.459468 0.347262 0.022698 0.037464
0 0.507458 0.474063 0.023995 0.043228
0 0.608625 0.427954 0.404021 0.273775
0 0.472438 0.430115 0.022698 0.041787
0 0.571984 0.429395 0.023346 0.040346
0 0.755512 0.427954 0.025940 0.043228
0 0.604086 0.345821 0.022698 0.037464
0 0.628729 0.345821 0.022698 0.037464
0 0.777237 0.407781 0.036965 0.080692
0 0.591115 0.385447 0.022698 0.038905
0 0.482166 0.474063 0.023995 0.043228
0 0.678016 0.345101 0.022698 0.036023
0 0.505512 0.520173 0.025292 0.043228
0 0.765564 0.473343 0.068093 0.044669
0 0.703307 0.344380 0.022698 0.037464
0 0.468223 0.387608 0.023346 0.037464
0 0.437419 0.349424 0.018807 0.036023
0 0.729896 0.343660 0.023995 0.036023
0 0.705253 0.523775 0.029183 0.047550
0 0.427043 0.520173 0.029183 0.043228
0 0.584306 0.474063 0.024643 0.043228
0 0.506485 0.347262 0.023346 0.037464
0 0.566148 0.386167 0.022049 0.037464
0 0.610246 0.474063 0.024643 0.043228
0 0.558690 0.475504 0.023995 0.043228
0 0.554799 0.347983 0.022698 0.036023
0 0.483139 0.348703 0.020752 0.034582
0 0.636187 0.474063 0.024643 0.043228
0 0.716602 0.473343 0.025940 0.041787
0 0.719196 0.384726 0.024643 0.040346
0 0.701362 0.427954 0.023995 0.040346
0 0.641699 0.385447 0.022698 0.038905
0 0.516537 0.386888 0.022698 0.038905
0 0.547017 0.428674 0.022698 0.038905
0 0.440661 0.430836 0.038262 0.040346
0 0.666342 0.384726 0.022698 0.037464
0 0.649157 0.428674 0.024643 0.041787
0 0.541829 0.386167 0.022698 0.037464
0 0.492218 0.386888 0.022049 0.036023
0 0.623217 0.428674 0.023346 0.041787
0 0.675097 0.427954 0.024643 0.040346
0 0.662776 0.473343 0.024643 0.044669
0 0.745460 0.384726 0.025292 0.040346
0 0.767185 0.344380 0.046693 0.037464
0 0.531128 0.347983 0.022049 0.036023
0 0.521725 0.429395 0.022698 0.040346
0 0.727951 0.428674 0.025292 0.041787
0 0.675097 0.520893 0.025940 0.047550
0 0.533074 0.474784 0.023346 0.044669
0 0.690013 0.472622 0.025940 0.043228
0 0.497406 0.429395 0.023346 0.040346
0 0.457523 0.473343 0.023995 0.041787
0 0.578794 0.346542 0.022698 0.036023
0 0.653048 0.344380 0.023346 0.037464
