0 0.130605 0.429293 0.063901 0.074074
0 0.327915 0.578283 0.048206 0.072391
0 0.600336 0.651515 0.048206 0.070707
0 0.640135 0.423401 0.047085 0.072391
0 0.453475 0.500842 0.048206 0.072391
0 0.202915 0.503367 0.047085 0.070707
0 0.288677 0.427609 0.048206 0.074074
0 0.705157 0.499158 0.047085 0.072391
0 0.467489 0.484848 0.760090 0.447811
0 0.363229 0.352694 0.047085 0.072391
0 0.654148 0.650673 0.052691 0.072391
0 0.277466 0.656566 0.045964 0.070707
0 0.403027 0.501684 0.045964 0.070707
0 0.227578 0.579125 0.047085 0.074074
0 0.252803 0.503367 0.045964 0.070707
0 0.741031 0.421717 0.047085 0.072391
0 0.769058 0.573232 0.123318 0.072391
0 0.137892 0.503367 0.076233 0.070707
0 0.489350 0.425926 0.048206 0.074074
0 0.539238 0.423401 0.047085 0.072391
0 0.629484 0.574074 0.048206 0.070707
0 0.463565 0.351010 0.045964 0.072391
0 0.238789 0.427609 0.047085 0.074074
0 0.125000 0.655724 0.052691 0.072391
0 0.377803 0.577441 0.049327 0.074074
0 0.604260 0.499158 0.047085 0.072391
0 0.690022 0.422559 0.048206 0.074074
0 0.613789 0.349327 0.048206 0.072391
0 0.513453 0.351010 0.047085 0.072391
0 0.479260 0.576599 0.048206 0.072391
0 0.553812 0.500000 0.047085 0.074074
0 0.389013 0.425926 0.047085 0.074074
0 0.563901 0.349327 0.047085 0.072391
0 0.503363 0.499158 0.047085 0.072391
0 0.784753 0.347643 0.087444 0.072391
0 0.163117 0.354377 0.045964 0.072391
0 0.212444 0.352694 0.045964 0.072391
0 0.176570 0.577441 0.048206 0.074074
0 0.262332 0.351852 0.047085 0.070707
0 0.302691 0.502525 0.047085 0.072391
0 0.799327 0.461279 0.060538 0.148148
0 0.428251 0.576599 0.047085 0.072391
0 0.313901 0.353535 0.047085 0.070707
0 0.413677 0.352694 0.047085 0.072391
0 0.438901 0.425926 0.048206 0.070707
0 0.438901 0.653199 0.272422 0.070707
0 0.755045 0.499158 0.048206 0.072391
0 0.714126 0.347643 0.047085 0.072391
0 0.589686 0.423401 0.047085 0.072391
0 0.352578 0.501684 0.045964 0.070707
0 0.528587 0.575758 0.048206 0.074074
0 0.276906 0.579125 0.047085 0.074074
0 0.188901 0.427609 0.048206 0.074074
0 0.679372 0.574074 0.047085 0.070707
0 0.654709 0.499158 0.047085 0.072391
0 0.338565 0.426768 0.047085 0.072391
0 0.123879 0.579966 0.052691 0.072391
0 0.579036 0.574916 0.048206 0.072391
0 0.663677 0.348485 0.047085 0.070707
0 0.118274 0.353535 0.036996 0.070707
