0 0.445312 0.664714 0.033203 0.037760
0 0.418945 0.707031 0.033203 0.041667
0 0.395020 0.625651 0.032227 0.037760
0 0.687988 0.746094 0.036133 0.041667
0 0.665527 0.701172 0.034180 0.040365
0 0.559082 0.703125 0.032227 0.041667
0 0.435059 0.751302 0.034180 0.044271
0 0.650879 0.660156 0.032227 0.039062
0 0.674805 0.793620 0.041016 0.045573
0 0.636230 0.794271 0.036133 0.046875
0 0.383789 0.708333 0.033203 0.041667
0 0.581543 0.660807 0.032227 0.037760
0 0.429199 0.625000 0.030273 0.036458
0 0.462891 0.625000 0.031250 0.036458
0 0.410645 0.664714 0.032227 0.040365
0 0.561523 0.622396 0.031250 0.036458
0 0.580078 0.747396 0.035156 0.044271
0 0.361816 0.626953 0.032227 0.037760
0 0.301758 0.709635 0.054688 0.041667
0 0.662598 0.621745 0.034180 0.035156
0 0.495117 0.623698 0.029297 0.036458
0 0.376465 0.666016 0.032227 0.040365
0 0.762695 0.680339 0.054688 0.082031
0 0.471191 0.750000 0.034180 0.041667
0 0.752441 0.744792 0.090820 0.044271
0 0.325684 0.753255 0.036133 0.042969
0 0.361816 0.752604 0.034180 0.044271
0 0.685059 0.659505 0.034180 0.040365
0 0.595215 0.622396 0.032227 0.036458
0 0.280762 0.802734 0.041992 0.045573
0 0.479004 0.663411 0.032227 0.037760
0 0.300781 0.667969 0.044922 0.039062
0 0.594727 0.702474 0.033203 0.040365
0 0.719238 0.658854 0.034180 0.039062
0 0.616211 0.661458 0.033203 0.039062
0 0.286621 0.754557 0.040039 0.042969
0 0.538086 0.707031 0.558594 0.257812
0 0.696289 0.620443 0.031250 0.035156
0 0.347656 0.708333 0.033203 0.041667
0 0.327637 0.627604 0.032227 0.036458
0 0.297363 0.628255 0.026367 0.035156
0 0.742188 0.620443 0.058594 0.035156
0 0.513184 0.662760 0.032227 0.039062
0 0.629883 0.701172 0.033203 0.040365
0 0.488770 0.705729 0.032227 0.041667
0 0.528320 0.623047 0.031250 0.035156
0 0.547363 0.662760 0.032227 0.039062
0 0.700195 0.700521 0.035156 0.041667
0 0.453613 0.706380 0.032227 0.040365
0 0.516113 0.796875 0.200195 0.049479
0 0.506836 0.749349 0.035156 0.042969
0 0.395996 0.800781 0.036133 0.046875
0 0.616211 0.747396 0.035156 0.044271
0 0.652344 0.746745 0.035156 0.042969
0 0.628418 0.622396 0.032227 0.036458
0 0.341797 0.666667 0.035156 0.039062
0 0.735840 0.699870 0.036133 0.040365
0 0.524414 0.703776 0.033203 0.040365
0 0.397949 0.752604 0.034180 0.044271
0 0.543457 0.748698 0.036133 0.044271
