0 0.658529 0.449219 0.033203 0.044271
0 0.701823 0.494792 0.083333 0.043403
0 0.585612 0.542535 0.033203 0.043403
0 0.420898 0.357205 0.031901 0.042535
0 0.456055 0.356771 0.033203 0.043403
0 0.665690 0.355903 0.031901 0.043403
0 0.379557 0.449653 0.032552 0.043403
0 0.404622 0.403212 0.031901 0.044271
0 0.396810 0.496094 0.033203 0.044271
0 0.491536 0.356771 0.032552 0.043403
0 0.309896 0.449653 0.032552 0.043403
0 0.622396 0.542101 0.036458 0.044271
0 0.361979 0.543403 0.032552 0.043403
0 0.369466 0.403212 0.033203 0.044271
0 0.518880 0.448785 0.031250 0.043403
0 0.431641 0.495660 0.032552 0.043403
0 0.326823 0.496094 0.032552 0.044271
0 0.264323 0.449219 0.053385 0.042535
0 0.291992 0.496094 0.033203 0.044271
0 0.256185 0.496094 0.035807 0.042535
0 0.474609 0.402778 0.032552 0.043403
0 0.714193 0.356337 0.058594 0.044271
0 0.693034 0.448785 0.033203 0.043403
0 0.335286 0.402344 0.032552 0.044271
0 0.250977 0.356337 0.025391 0.042535
0 0.281901 0.356771 0.032552 0.043403
0 0.648438 0.402778 0.032552 0.045139
0 0.640625 0.495226 0.032552 0.042535
0 0.256185 0.543837 0.037109 0.044271
0 0.387044 0.356771 0.031901 0.043403
0 0.484375 0.449219 0.032552 0.044271
0 0.588867 0.448785 0.031901 0.043403
0 0.560547 0.356337 0.032552 0.042535
0 0.466471 0.495660 0.033203 0.043403
0 0.723307 0.426215 0.041667 0.090278
0 0.613607 0.402344 0.031901 0.044271
0 0.316406 0.356337 0.032552 0.042535
0 0.571289 0.494792 0.031901 0.043403
0 0.526042 0.357205 0.031250 0.042535
0 0.259440 0.403212 0.043620 0.044271
0 0.509440 0.403212 0.033203 0.044271
0 0.473958 0.543403 0.186198 0.045139
0 0.361654 0.496094 0.031901 0.044271
0 0.536133 0.495660 0.033203 0.043403
0 0.595052 0.356337 0.032552 0.042535
0 0.501302 0.495660 0.033854 0.043403
0 0.449219 0.449219 0.032552 0.042535
0 0.300456 0.402778 0.033203 0.043403
0 0.543945 0.401910 0.031901 0.043403
0 0.606120 0.495226 0.032552 0.042535
0 0.578776 0.402778 0.032552 0.043403
0 0.414388 0.449219 0.031901 0.042535
0 0.630208 0.356337 0.032552 0.042535
0 0.623698 0.449653 0.032552 0.043403
0 0.344401 0.449653 0.032552 0.043403
0 0.351237 0.356337 0.033203 0.042535
0 0.553385 0.448785 0.032552 0.043403
0 0.491536 0.441406 0.611979 0.276910
0 0.439453 0.402344 0.031250 0.044271
0 0.683594 0.402344 0.032552 0.044271
