0 0.573670 0.369763 0.042292 0.045537
0 0.645293 0.533698 0.047749 0.056466
0 0.744884 0.535519 0.050477 0.056466
0 0.671555 0.596995 0.051160 0.061020
0 0.617326 0.475410 0.046385 0.052823
0 0.714870 0.476776 0.047749 0.053734
0 0.546385 0.533242 0.047749 0.057377
0 0.300136 0.365209 0.045020 0.047359
0 0.245225 0.530965 0.051160 0.058288
0 0.507503 0.420310 0.043656 0.050091
0 0.811392 0.478142 0.049795 0.052823
0 0.820600 0.371585 0.079127 0.047359
0 0.271146 0.417122 0.048431 0.051002
0 0.346521 0.365209 0.043656 0.047359
0 0.460778 0.419399 0.042974 0.050091
0 0.528990 0.369308 0.041610 0.044627
0 0.711460 0.370219 0.045020 0.046448
0 0.211119 0.364754 0.036153 0.046448
0 0.483629 0.368852 0.042292 0.045537
0 0.695430 0.421676 0.045703 0.051002
0 0.413711 0.419399 0.044338 0.050091
0 0.647681 0.421220 0.045703 0.050091
0 0.447476 0.532332 0.046385 0.057377
0 0.277967 0.472222 0.048431 0.053734
0 0.342769 0.595173 0.049795 0.062842
0 0.215553 0.416211 0.064120 0.051002
0 0.742156 0.421676 0.046385 0.051002
0 0.535471 0.478597 0.787176 0.346995
0 0.437926 0.367942 0.042292 0.045537
0 0.848568 0.451275 0.073670 0.108379
0 0.757503 0.370219 0.044338 0.046448
0 0.347544 0.531876 0.048431 0.056466
0 0.521146 0.475410 0.045020 0.052823
0 0.214188 0.471767 0.077763 0.054645
0 0.762619 0.477687 0.049113 0.053734
0 0.253411 0.364754 0.045703 0.048270
0 0.619372 0.369763 0.043656 0.047359
0 0.472715 0.474954 0.045020 0.053734
0 0.192360 0.531876 0.057299 0.058288
0 0.831514 0.536430 0.121419 0.058288
0 0.182810 0.595173 0.058663 0.062842
0 0.506821 0.595173 0.276944 0.061020
0 0.554229 0.420765 0.044338 0.049180
0 0.600955 0.419854 0.043656 0.049180
0 0.695430 0.534608 0.048431 0.056466
0 0.327763 0.473133 0.047067 0.053734
0 0.788199 0.422131 0.047067 0.050091
0 0.496930 0.532787 0.047067 0.056466
0 0.726467 0.597905 0.055935 0.062842
0 0.376194 0.474044 0.047067 0.053734
0 0.424966 0.473588 0.045020 0.052823
0 0.397681 0.532332 0.047749 0.057377
0 0.318895 0.417122 0.045703 0.051002
0 0.392565 0.366576 0.041610 0.046448
0 0.366985 0.417577 0.045020 0.050091
0 0.568895 0.474499 0.043656 0.052823
0 0.665757 0.475410 0.046385 0.052823
0 0.595839 0.533242 0.048431 0.057377
0 0.297067 0.531421 0.049795 0.057377
0 0.665075 0.370219 0.045020 0.046448
