0 0.188965 0.377745 0.055664 0.064422
0 0.360840 0.507321 0.041992 0.062958
0 0.598145 0.571010 0.041992 0.061493
0 0.632812 0.372621 0.041016 0.062958
0 0.470215 0.439971 0.041992 0.062958
0 0.251953 0.442167 0.041016 0.061493
0 0.326660 0.376281 0.041992 0.064422
0 0.689453 0.438507 0.041016 0.062958
0 0.482422 0.426061 0.662109 0.389458
0 0.391602 0.311127 0.041016 0.062958
0 0.645020 0.570278 0.045898 0.062958
0 0.316895 0.575403 0.040039 0.061493
0 0.426270 0.440703 0.040039 0.061493
0 0.273438 0.508053 0.041016 0.064422
0 0.295410 0.442167 0.040039 0.061493
0 0.720703 0.371157 0.041016 0.062958
0 0.745117 0.502928 0.107422 0.062958
0 0.195312 0.442167 0.066406 0.061493
0 0.501465 0.374817 0.041992 0.064422
0 0.544922 0.372621 0.041016 0.062958
0 0.623535 0.503660 0.041992 0.061493
0 0.479004 0.309663 0.040039 0.062958
0 0.283203 0.376281 0.041016 0.064422
0 0.184082 0.574671 0.045898 0.062958
0 0.404297 0.506589 0.042969 0.064422
0 0.601562 0.438507 0.041016 0.062958
0 0.676270 0.371889 0.041992 0.064422
0 0.609863 0.308199 0.041992 0.062958
0 0.522461 0.309663 0.041016 0.062958
0 0.492676 0.505857 0.041992 0.062958
0 0.557617 0.439239 0.041016 0.064422
0 0.414062 0.374817 0.041016 0.064422
0 0.566406 0.308199 0.041016 0.062958
0 0.513672 0.438507 0.041016 0.062958
0 0.758789 0.306735 0.076172 0.062958
0 0.217285 0.312592 0.040039 0.062958
0 0.260254 0.311127 0.040039 0.062958
0 0.229004 0.506589 0.041992 0.064422
0 0.303711 0.310395 0.041016 0.061493
0 0.338867 0.441435 0.041016 0.062958
0 0.771484 0.405564 0.052734 0.128843
0 0.448242 0.505857 0.041016 0.062958
0 0.348633 0.311859 0.041016 0.061493
0 0.435547 0.311127 0.041016 0.062958
0 0.457520 0.374817 0.041992 0.061493
0 0.457520 0.572474 0.237305 0.061493
0 0.732910 0.438507 0.041992 0.062958
0 0.697266 0.306735 0.041016 0.062958
0 0.588867 0.372621 0.041016 0.062958
0 0.382324 0.440703 0.040039 0.061493
0 0.535645 0.505124 0.041992 0.064422
0 0.316406 0.508053 0.041016 0.064422
0 0.239746 0.376281 0.041992 0.064422
0 0.666992 0.503660 0.041016 0.061493
0 0.645508 0.438507 0.041016 0.062958
0 0.370117 0.375549 0.041016 0.062958
0 0.183105 0.508785 0.045898 0.062958
0 0.579590 0.504392 0.041992 0.062958
0 0.653320 0.307467 0.041016 0.061493
0 0.178223 0.311859 0.032227 0.061493
