0 0.580491 0.636270 0.165075 0.194672
0 0.692019 0.494877 0.154843 0.153689
0 0.031719 0.361168 0.062074 0.146516
0 0.925648 0.273566 0.136426 0.149590
0 0.796385 0.230020 0.133015 0.142418
0 0.575716 0.294057 0.139154 0.141393
0 0.446112 0.576332 0.162347 0.181352
0 0.651774 0.822746 0.697817 0.356557
0 0.091405 0.247439 0.181446 0.150615
0 0.460095 0.249488 0.134379 0.132172
0 0.212142 0.298668 0.137790 0.136270
0 0.560368 0.148053 0.124829 0.123975
0 0.559686 0.446209 0.153479 0.169057
0 0.351978 0.206967 0.129604 0.127049
0 0.255457 0.686988 0.168486 0.201844
0 0.500682 0.501025 1.000000 1.000000
0 0.723397 0.711578 0.169850 0.222336
0 0.881992 0.779201 0.170532 0.232582
0 0.699181 0.338627 0.140518 0.148566
0 0.830491 0.390881 0.145293 0.162910
0 0.349932 0.077869 0.124147 0.110656
0 0.986016 0.837090 0.029332 0.206967
0 0.203956 0.461066 0.158254 0.155738
0 0.673602 0.187500 0.131651 0.135246
0 0.320600 0.514344 0.156889 0.170082
0 0.948158 0.444672 0.105048 0.176230
0 0.841746 0.561988 0.141883 0.189549
0 0.135061 0.128586 0.162347 0.128074
0 0.437926 0.393955 0.147340 0.156762
0 0.320259 0.346311 0.145293 0.147541
0 0.091064 0.409324 0.157572 0.144467
0 0.959072 0.625512 0.083220 0.191598
0 0.171555 0.035861 0.105730 0.069672
0 0.247613 0.172131 0.130969 0.125000
0 0.254093 0.049180 0.118008 0.096311
0 0.452592 0.113730 0.124829 0.120902
