0 0.216875 0.350000 0.032500 0.040000
0 0.502500 0.439167 0.713750 0.286667
0 0.630625 0.397083 0.032500 0.040833
0 0.328437 0.489583 0.034375 0.042500
0 0.522500 0.397500 0.032500 0.041667
0 0.450625 0.397500 0.032500 0.041667
0 0.410313 0.538333 0.184375 0.046667
0 0.469062 0.353333 0.031875 0.040000
0 0.575625 0.352917 0.031250 0.039167
0 0.527813 0.538333 0.044375 0.046667
0 0.175313 0.539167 0.034375 0.046667
0 0.558750 0.397500 0.032500 0.041667
0 0.586562 0.490000 0.033125 0.041667
0 0.231875 0.395833 0.035000 0.041667
0 0.377812 0.396250 0.031875 0.040833
0 0.311563 0.442083 0.033125 0.042500
0 0.292812 0.539167 0.045625 0.046667
0 0.611563 0.352083 0.031875 0.039167
0 0.458750 0.442500 0.031250 0.041667
0 0.504687 0.352500 0.031875 0.040000
0 0.289062 0.350833 0.033125 0.040000
0 0.290625 0.489583 0.033750 0.042500
0 0.341250 0.396250 0.032500 0.040833
0 0.365938 0.489583 0.034375 0.042500
0 0.640938 0.443333 0.033125 0.041667
0 0.486563 0.397083 0.031875 0.040833
0 0.304688 0.395417 0.033125 0.040833
0 0.385937 0.442917 0.033125 0.040833
0 0.569688 0.539167 0.034375 0.046667
0 0.414375 0.397083 0.032500 0.040833
0 0.184688 0.350000 0.024375 0.038333
0 0.237500 0.441667 0.033750 0.041667
0 0.361563 0.351250 0.031875 0.039167
0 0.674375 0.419167 0.047500 0.088333
0 0.440312 0.490000 0.033125 0.041667
0 0.604688 0.443333 0.033125 0.041667
0 0.403125 0.489583 0.033750 0.042500
0 0.190000 0.395417 0.043750 0.040833
0 0.513125 0.490000 0.032500 0.041667
0 0.215938 0.488750 0.034375 0.042500
0 0.550000 0.490000 0.032500 0.041667
0 0.253125 0.350417 0.032500 0.039167
0 0.433437 0.352500 0.031875 0.040000
0 0.325313 0.350833 0.031875 0.040000
0 0.494688 0.442917 0.033125 0.042500
0 0.268437 0.395417 0.033125 0.040833
0 0.348750 0.442500 0.032500 0.041667
0 0.397188 0.352500 0.031875 0.040000
0 0.177500 0.489167 0.033750 0.041667
0 0.567813 0.443333 0.033125 0.041667
0 0.594688 0.397500 0.033125 0.041667
0 0.476562 0.489583 0.033125 0.042500
0 0.662188 0.351667 0.059375 0.041667
0 0.191875 0.441667 0.051250 0.041667
0 0.651875 0.489167 0.090000 0.043333
0 0.274687 0.441667 0.033125 0.041667
0 0.531250 0.443333 0.032500 0.041667
0 0.422812 0.443333 0.031875 0.041667
0 0.540312 0.352917 0.031875 0.039167
0 0.253750 0.489583 0.033750 0.042500
