0 0.487305 0.652344 0.048828 0.065104
0 0.392090 0.509115 0.047852 0.065104
0 0.605957 0.507161 0.045898 0.063802
0 0.094727 0.439453 0.046875 0.063802
0 0.472656 0.438151 0.046875 0.063802
0 0.503906 0.566406 0.990234 0.432292
0 0.499512 0.507812 0.047852 0.065104
0 0.724609 0.577474 0.046875 0.063802
0 0.378906 0.653646 0.048828 0.065104
0 0.043945 0.656901 0.060547 0.063802
0 0.052246 0.511068 0.073242 0.063802
0 0.684082 0.436198 0.045898 0.065104
0 0.733887 0.646484 0.114258 0.063802
0 0.647461 0.725260 0.048828 0.070312
0 0.378418 0.729818 0.266602 0.074219
0 0.619141 0.578125 0.046875 0.065104
0 0.672363 0.577474 0.047852 0.063802
0 0.202637 0.438151 0.047852 0.063802
0 0.526855 0.436849 0.047852 0.063802
0 0.214355 0.655599 0.047852 0.063802
0 0.269531 0.654948 0.048828 0.065104
0 0.310547 0.438151 0.046875 0.063802
0 0.214355 0.731771 0.047852 0.070312
0 0.579590 0.436849 0.047852 0.063802
0 0.187500 0.583333 0.046875 0.065104
0 0.594238 0.650391 0.047852 0.063802
0 0.459961 0.580078 0.046875 0.063802
0 0.229492 0.509766 0.048828 0.066406
0 0.566895 0.579427 0.047852 0.065104
0 0.405762 0.581380 0.047852 0.063802
0 0.631836 0.437500 0.046875 0.062500
0 0.646484 0.648438 0.048828 0.062500
0 0.324707 0.654297 0.047852 0.063802
0 0.120605 0.510417 0.047852 0.065104
0 0.445801 0.509115 0.047852 0.065104
0 0.059082 0.583333 0.084961 0.062500
0 0.148926 0.438802 0.047852 0.062500
0 0.160645 0.656250 0.045898 0.065104
0 0.351562 0.581380 0.046875 0.063802
0 0.764160 0.541016 0.051758 0.134115
0 0.257324 0.438151 0.045898 0.063802
0 0.513672 0.580078 0.048828 0.066406
0 0.337891 0.509115 0.046875 0.065104
0 0.296875 0.581380 0.046875 0.063802
0 0.419434 0.438151 0.047852 0.063802
0 0.750000 0.436198 0.074219 0.062500
0 0.365234 0.438151 0.046875 0.063802
0 0.283691 0.509766 0.047852 0.066406
0 0.711426 0.505859 0.045898 0.063802
0 0.133301 0.582682 0.045898 0.063802
0 0.106445 0.656250 0.046875 0.065104
0 0.552246 0.507812 0.047852 0.065104
0 0.040527 0.439453 0.045898 0.061198
0 0.433105 0.652995 0.047852 0.063802
0 0.540527 0.650391 0.047852 0.063802
0 0.541016 0.727214 0.048828 0.069010
0 0.242676 0.582031 0.045898 0.065104
0 0.658691 0.507161 0.047852 0.066406
0 0.043945 0.733073 0.062500 0.072917
0 0.174805 0.509766 0.046875 0.066406
