0 0.339678 0.340332 0.045388 0.051758
0 0.665447 0.455566 0.120059 0.055664
0 0.500732 0.521973 0.048316 0.059570
0 0.578331 0.457520 0.046852 0.053711
0 0.538067 0.339355 0.043924 0.051758
0 0.078331 0.290527 0.042460 0.049805
0 0.400439 0.397949 0.043924 0.053711
0 0.316984 0.285645 0.042460 0.049805
0 0.199854 0.400879 0.045388 0.053711
0 0.475842 0.458008 0.045388 0.054688
0 0.602123 0.396973 0.046120 0.053711
0 0.240483 0.342285 0.044656 0.051758
0 0.463031 0.284180 0.044656 0.050781
0 0.552709 0.522949 0.049780 0.059570
0 0.289898 0.340820 0.043924 0.052734
0 0.035505 0.291992 0.034407 0.046875
0 0.322840 0.458496 0.046852 0.055664
0 0.473280 0.389160 0.945095 0.366211
0 0.527452 0.458496 0.046120 0.053711
0 0.414348 0.284180 0.043924 0.050781
0 0.674963 0.282227 0.076135 0.050781
0 0.101757 0.402344 0.045388 0.052734
0 0.587482 0.338867 0.044656 0.052734
0 0.268668 0.286621 0.043924 0.049805
0 0.271230 0.459473 0.046120 0.055664
0 0.501098 0.397949 0.044656 0.053711
0 0.172401 0.288086 0.044656 0.050781
0 0.040630 0.345703 0.059297 0.050781
0 0.690703 0.339355 0.054905 0.051758
0 0.374451 0.458496 0.047584 0.055664
0 0.438507 0.339355 0.043924 0.051758
0 0.450586 0.397949 0.046120 0.053711
0 0.125183 0.289551 0.043924 0.047852
0 0.121157 0.460938 0.046120 0.052734
0 0.424963 0.458496 0.047584 0.055664
0 0.192167 0.343262 0.044656 0.051758
0 0.047584 0.460449 0.093704 0.055664
0 0.299414 0.399902 0.045388 0.053711
0 0.143851 0.343262 0.044656 0.051758
0 0.636530 0.338379 0.044656 0.051758
0 0.609444 0.283203 0.043192 0.050781
0 0.366032 0.284668 0.042460 0.049805
0 0.150805 0.401855 0.045388 0.053711
0 0.221083 0.459961 0.046852 0.054688
0 0.488287 0.339844 0.045388 0.052734
0 0.249268 0.399414 0.044656 0.052734
0 0.512079 0.283691 0.044656 0.049805
0 0.020132 0.525391 0.038799 0.058594
0 0.676061 0.396484 0.092972 0.054688
0 0.095900 0.345215 0.045388 0.051758
0 0.389092 0.340820 0.044656 0.052734
0 0.551977 0.397949 0.045388 0.053711
0 0.170937 0.460449 0.046120 0.053711
0 0.165813 0.524902 0.047584 0.059570
0 0.349927 0.397949 0.045388 0.053711
0 0.560761 0.283203 0.043924 0.048828
0 0.039531 0.402832 0.071742 0.051758
0 0.220717 0.286621 0.043192 0.049805
0 0.331991 0.522949 0.278917 0.059570
