0 0.456492 0.382136 0.044199 0.057090
0 0.432320 0.443831 0.045580 0.057090
0 0.206146 0.322744 0.043508 0.054328
0 0.057666 0.323665 0.058702 0.054328
0 0.216160 0.383517 0.044199 0.056169
0 0.142610 0.444751 0.043508 0.057090
0 0.188191 0.510129 0.043508 0.058932
0 0.043508 0.509208 0.048343 0.060773
0 0.253798 0.322284 0.043508 0.055249
0 0.185083 0.263352 0.042818 0.053407
0 0.233771 0.267035 0.042127 0.053407
0 0.553522 0.382136 0.043508 0.055249
0 0.635704 0.320442 0.043508 0.055249
0 0.069751 0.443831 0.093923 0.057090
0 0.335635 0.444291 0.045580 0.056169
0 0.349102 0.321823 0.044890 0.054328
0 0.263812 0.382597 0.042818 0.054328
0 0.552486 0.509208 0.046961 0.060773
0 0.138467 0.263812 0.043508 0.052486
0 0.660912 0.441529 0.113260 0.056169
0 0.112569 0.323665 0.044199 0.054328
0 0.517956 0.264733 0.044199 0.052486
0 0.578039 0.443370 0.045580 0.054328
0 0.060083 0.383057 0.069061 0.055249
0 0.397099 0.322284 0.044199 0.055249
0 0.480663 0.443370 0.044199 0.056169
0 0.190608 0.444291 0.044199 0.056169
0 0.504144 0.382136 0.042818 0.055249
0 0.280041 0.266114 0.043508 0.053407
0 0.673688 0.261050 0.073895 0.054328
0 0.563191 0.261971 0.042127 0.052486
0 0.311464 0.383517 0.044199 0.056169
0 0.610497 0.261510 0.042818 0.053407
0 0.345304 0.508287 0.262431 0.060773
0 0.420235 0.262891 0.043508 0.054328
0 0.159185 0.322744 0.043508 0.054328
0 0.601519 0.382136 0.044199 0.055249
0 0.168508 0.383978 0.042818 0.055249
0 0.408149 0.381676 0.042818 0.056169
0 0.121202 0.383978 0.043508 0.055249
0 0.383978 0.444751 0.045580 0.057090
0 0.328384 0.266575 0.043508 0.054328
0 0.238260 0.444751 0.044199 0.057090
0 0.468232 0.262431 0.044199 0.053407
0 0.503798 0.508748 0.044890 0.059853
0 0.540401 0.321363 0.043508 0.055249
0 0.373619 0.262431 0.042818 0.053407
0 0.464088 0.370166 0.914365 0.370166
0 0.360497 0.382597 0.044199 0.056169
0 0.049724 0.265193 0.033149 0.051565
0 0.688191 0.320902 0.053177 0.054328
0 0.529696 0.443831 0.044199 0.055249
0 0.588052 0.321363 0.043508 0.055249
0 0.444406 0.320902 0.043508 0.054328
0 0.092196 0.264733 0.042127 0.052486
0 0.301105 0.321823 0.042818 0.054328
0 0.671961 0.380755 0.088398 0.056169
0 0.492403 0.321363 0.044199 0.055249
0 0.286948 0.444291 0.044890 0.056169
