0 0.025850 0.431947 0.050283 0.054820
0 0.088881 0.494329 0.046034 0.056711
0 0.576487 0.432892 0.043909 0.054820
0 0.015227 0.622873 0.029037 0.060491
0 0.452195 0.373346 0.044618 0.052930
0 0.415722 0.557183 0.046742 0.057656
0 0.516289 0.557183 0.045326 0.055766
0 0.465652 0.556711 0.044618 0.056711
0 0.263810 0.557183 0.046034 0.057656
0 0.490439 0.494329 0.044618 0.056711
0 0.030807 0.493856 0.060198 0.055766
0 0.566218 0.557183 0.046034 0.055766
0 0.428116 0.432420 0.043201 0.053875
0 0.489731 0.621928 0.047450 0.060491
0 0.323654 0.622401 0.276204 0.063327
0 0.207153 0.372873 0.043201 0.053875
0 0.501062 0.373346 0.044618 0.052930
0 0.665014 0.371928 0.077904 0.053875
0 0.290014 0.494802 0.046034 0.055766
0 0.179533 0.432892 0.044618 0.054820
0 0.440510 0.494329 0.045326 0.056711
0 0.229108 0.432892 0.044618 0.054820
0 0.111544 0.557656 0.046034 0.056711
0 0.314448 0.557656 0.046742 0.056711
0 0.653329 0.555293 0.119688 0.057656
0 0.664306 0.493856 0.092068 0.055766
0 0.465652 0.479679 0.929887 0.386578
0 0.477337 0.432892 0.045326 0.054820
0 0.390227 0.493856 0.043909 0.055766
0 0.239731 0.493856 0.044618 0.055766
0 0.364731 0.557656 0.046742 0.056711
0 0.015581 0.370983 0.029745 0.053875
0 0.378895 0.433365 0.045326 0.055766
0 0.540722 0.494802 0.044618 0.055766
0 0.540368 0.622873 0.048159 0.060491
0 0.129603 0.432420 0.045326 0.055766
0 0.058428 0.371928 0.044618 0.053875
0 0.108003 0.372401 0.044618 0.052930
0 0.328966 0.432892 0.044618 0.054820
0 0.159703 0.622873 0.046034 0.060491
0 0.279037 0.432420 0.043909 0.055766
0 0.304887 0.373346 0.043201 0.052930
0 0.042139 0.556238 0.082861 0.057656
0 0.162181 0.557656 0.045326 0.056711
0 0.527266 0.432892 0.044618 0.054820
0 0.354462 0.373346 0.043201 0.052930
0 0.189802 0.494329 0.045326 0.056711
0 0.626062 0.432892 0.043909 0.054820
0 0.680595 0.433365 0.055241 0.053875
0 0.550283 0.372873 0.043909 0.051985
0 0.138810 0.494802 0.045326 0.055766
0 0.157224 0.372873 0.045326 0.053875
0 0.599150 0.372873 0.042493 0.051985
0 0.255666 0.373819 0.043909 0.051985
0 0.590652 0.494802 0.045326 0.055766
0 0.079674 0.432420 0.047450 0.055766
0 0.340297 0.494329 0.044618 0.056711
0 0.212465 0.558129 0.046742 0.057656
0 0.402620 0.373819 0.044618 0.053875
