0 0.240927 0.614261 0.046371 0.077320
0 0.573085 0.526632 0.045363 0.077320
0 0.676411 0.525773 0.046371 0.079038
0 0.204637 0.443299 0.046371 0.079038
0 0.087198 0.615120 0.047379 0.079038
0 0.031754 0.359966 0.037298 0.070447
0 0.472278 0.526632 0.045363 0.077320
0 0.358367 0.442440 0.045363 0.077320
0 0.333165 0.359107 0.045363 0.075601
0 0.599294 0.611684 0.047379 0.075601
0 0.103327 0.444158 0.047379 0.077320
0 0.522681 0.526632 0.043347 0.077320
0 0.663306 0.440722 0.046371 0.077320
0 0.215726 0.528351 0.046371 0.077320
0 0.408770 0.442440 0.045363 0.077320
0 0.637097 0.355670 0.046371 0.075601
0 0.292339 0.613402 0.046371 0.079038
0 0.139113 0.614261 0.044355 0.077320
0 0.231351 0.359107 0.045363 0.075601
0 0.509577 0.441581 0.045363 0.079038
0 0.625000 0.525773 0.046371 0.079038
0 0.384577 0.359107 0.045363 0.075601
0 0.164819 0.529210 0.045363 0.075601
0 0.459173 0.440722 0.045363 0.077320
0 0.130040 0.359966 0.046371 0.073883
0 0.179940 0.359107 0.045363 0.075601
0 0.484879 0.515464 0.967742 0.525773
0 0.079637 0.360825 0.046371 0.075601
0 0.720262 0.483677 0.055444 0.163230
0 0.049899 0.530069 0.073589 0.077320
0 0.032762 0.616838 0.051411 0.079038
0 0.560484 0.441581 0.044355 0.079038
0 0.447077 0.611684 0.047379 0.079038
0 0.370464 0.527491 0.045363 0.075601
0 0.256048 0.443299 0.046371 0.075601
0 0.031250 0.702749 0.052419 0.082474
0 0.691028 0.611684 0.123992 0.079038
0 0.421371 0.526632 0.044355 0.077320
0 0.267641 0.527491 0.045363 0.075601
0 0.485383 0.358247 0.045363 0.073883
0 0.281754 0.359966 0.045363 0.073883
0 0.188508 0.701890 0.046371 0.080756
0 0.548891 0.611684 0.045363 0.075601
0 0.497984 0.699313 0.046371 0.079038
0 0.497480 0.610825 0.045363 0.077320
0 0.611391 0.441581 0.045363 0.079038
0 0.585181 0.356529 0.045363 0.077320
0 0.319052 0.529210 0.045363 0.075601
0 0.043347 0.445017 0.062500 0.075601
0 0.549899 0.700172 0.045363 0.080756
0 0.344254 0.612543 0.047379 0.077320
0 0.154234 0.442440 0.044355 0.077320
0 0.706653 0.354811 0.080645 0.077320
0 0.395665 0.612543 0.045363 0.077320
0 0.190020 0.614261 0.045363 0.077320
0 0.433972 0.359107 0.045363 0.075601
0 0.306452 0.442440 0.044355 0.077320
0 0.535282 0.358247 0.046371 0.077320
0 0.343750 0.701890 0.254032 0.084192
0 0.114919 0.528351 0.044355 0.077320
