0 0.762603 0.191023 0.071512 0.073069
0 0.177608 0.343946 0.065651 0.072025
0 0.429660 0.187891 0.042204 0.070981
0 0.270809 0.265136 0.041032 0.073069
0 0.293669 0.186326 0.041032 0.072025
0 0.642732 0.510438 0.042790 0.077244
0 0.645369 0.349165 0.041032 0.072025
0 0.560082 0.332463 0.855217 0.474948
0 0.166178 0.506263 0.043962 0.075157
0 0.203107 0.185282 0.040445 0.072025
0 0.339097 0.186326 0.040445 0.072025
0 0.326788 0.345511 0.040445 0.073069
0 0.497948 0.267223 0.041618 0.073069
0 0.407093 0.265658 0.040445 0.072025
0 0.371630 0.345511 0.039859 0.070981
0 0.161782 0.184238 0.031653 0.069937
0 0.303927 0.424843 0.040445 0.070981
0 0.520516 0.188935 0.041032 0.070981
0 0.774619 0.311065 0.047479 0.152401
0 0.394490 0.424843 0.041032 0.073069
0 0.417644 0.346555 0.041618 0.073069
0 0.508792 0.346033 0.039859 0.072025
0 0.452521 0.266180 0.041032 0.073069
0 0.361372 0.266180 0.040445 0.073069
0 0.303341 0.507829 0.041618 0.076200
0 0.724209 0.269311 0.040445 0.073069
0 0.735053 0.349687 0.039859 0.070981
0 0.166178 0.423800 0.043962 0.070981
0 0.588511 0.268267 0.041032 0.073069
0 0.611372 0.188935 0.041032 0.070981
0 0.553927 0.346555 0.042204 0.073069
0 0.235932 0.343946 0.040445 0.072025
0 0.634232 0.268267 0.041032 0.073069
0 0.281653 0.345511 0.041618 0.073069
0 0.440211 0.425887 0.042204 0.073069
0 0.745311 0.428497 0.106096 0.072025
0 0.530774 0.426409 0.042790 0.074113
0 0.225674 0.265136 0.042204 0.073069
0 0.543376 0.266701 0.041032 0.072025
0 0.678781 0.269311 0.041032 0.073069
0 0.701934 0.189979 0.040445 0.073069
0 0.656213 0.189979 0.040445 0.070981
0 0.463365 0.346033 0.041618 0.072025
0 0.621923 0.428497 0.041032 0.072025
0 0.690504 0.349165 0.041032 0.074113
0 0.485932 0.426409 0.042204 0.074113
0 0.576202 0.427453 0.041032 0.072025
0 0.599355 0.347599 0.040445 0.073069
0 0.597304 0.509916 0.042204 0.076200
0 0.316530 0.265136 0.041032 0.073069
0 0.349062 0.425887 0.041618 0.073069
0 0.450176 0.508873 0.246190 0.080376
0 0.248535 0.185804 0.041032 0.070981
0 0.171747 0.263570 0.055100 0.072025
0 0.258499 0.424843 0.041032 0.073069
0 0.565944 0.188413 0.041618 0.072025
0 0.213072 0.424322 0.040445 0.072025
0 0.475088 0.187370 0.040445 0.069937
0 0.667057 0.428497 0.041032 0.069937
0 0.384232 0.186848 0.041618 0.070981
