0 0.400844 0.469101 0.048523 0.073034
0 0.188819 0.324438 0.048523 0.070225
0 0.930907 0.424157 0.089662 0.151685
0 0.872363 0.462781 0.048523 0.071629
0 0.755802 0.464888 0.047468 0.073034
0 0.819093 0.313904 0.047468 0.068820
0 0.309599 0.547051 0.049578 0.071629
0 0.852848 0.386236 0.047468 0.070225
0 0.428797 0.545646 0.053797 0.074438
0 0.669831 0.623596 0.054852 0.075843
0 0.609177 0.545646 0.055907 0.074438
0 0.488924 0.626404 0.290084 0.081461
0 0.762131 0.316713 0.049578 0.071629
0 0.649262 0.320225 0.051688 0.070225
0 0.192511 0.549157 0.051688 0.078652
0 0.445148 0.392556 0.048523 0.071629
0 0.416667 0.320225 0.048523 0.070225
0 0.368671 0.547051 0.051688 0.074438
0 0.793776 0.389045 0.047468 0.073034
0 0.577532 0.467697 0.049578 0.073034
0 0.535338 0.320927 0.049578 0.071629
0 0.637131 0.467697 0.050633 0.073034
0 0.488924 0.544944 0.053797 0.075843
0 0.902426 0.542837 0.159283 0.080056
0 0.214662 0.396770 0.055907 0.074438
0 0.529536 0.448736 0.943038 0.568820
0 0.341772 0.469803 0.050633 0.071629
0 0.246835 0.322331 0.052743 0.071629
0 0.143460 0.396770 0.082278 0.074438
0 0.359705 0.320927 0.048523 0.071629
0 0.737869 0.389045 0.047468 0.067416
0 0.272152 0.396770 0.052743 0.074438
0 0.133966 0.323736 0.054852 0.068820
0 0.306962 0.625000 0.052743 0.073034
0 0.667194 0.542135 0.047468 0.073034
0 0.147152 0.472612 0.098101 0.074438
0 0.561709 0.393961 0.053797 0.071629
0 0.517405 0.468399 0.049578 0.071629
0 0.502637 0.392556 0.051688 0.071629
0 0.119198 0.626404 0.065401 0.070225
0 0.124473 0.549157 0.065401 0.070225
0 0.303797 0.321629 0.050633 0.070225
0 0.696730 0.466292 0.049578 0.073034
0 0.729430 0.541433 0.049578 0.071629
0 0.621308 0.391854 0.050633 0.070225
0 0.789557 0.621489 0.051688 0.074438
0 0.592300 0.320927 0.049578 0.071629
0 0.547996 0.544944 0.051688 0.075843
0 0.330696 0.395365 0.051688 0.074438
0 0.225738 0.471208 0.052743 0.071629
0 0.814346 0.463483 0.048523 0.070225
0 0.789557 0.540730 0.049578 0.073034
0 0.678797 0.392556 0.051688 0.071629
0 0.474684 0.320927 0.048523 0.071629
0 0.251055 0.547051 0.050633 0.071629
0 0.906118 0.315309 0.111814 0.071629
0 0.282700 0.469803 0.050633 0.071629
0 0.458333 0.468399 0.047468 0.071629
0 0.707806 0.318820 0.050633 0.070225
0 0.387658 0.394663 0.053797 0.070225
