0 0.610000 0.340361 0.045806 0.055938
0 0.707742 0.340361 0.043871 0.054217
0 0.648710 0.464716 0.045806 0.055077
0 0.474194 0.401033 0.045161 0.055077
0 0.244516 0.279260 0.043871 0.052496
0 0.196452 0.278830 0.043226 0.053356
0 0.266129 0.338640 0.044516 0.055938
0 0.292581 0.278830 0.044516 0.053356
0 0.275484 0.400602 0.045161 0.055938
0 0.560645 0.339501 0.045161 0.054217
0 0.622903 0.401463 0.044516 0.055938
0 0.152581 0.279690 0.034194 0.051635
0 0.298065 0.462565 0.045161 0.055938
0 0.438387 0.279690 0.044516 0.053356
0 0.659355 0.340361 0.043871 0.054217
0 0.324839 0.401033 0.045806 0.056799
0 0.794516 0.402324 0.090968 0.055938
0 0.248387 0.462995 0.045161 0.056799
0 0.389355 0.280120 0.044516 0.052496
0 0.573226 0.401463 0.045806 0.055938
0 0.364194 0.339071 0.044516 0.055077
0 0.632903 0.280551 0.045161 0.053356
0 0.681613 0.280120 0.043226 0.052496
0 0.448710 0.463425 0.047097 0.055938
0 0.511613 0.339931 0.045161 0.055077
0 0.226452 0.399742 0.045161 0.055938
0 0.783871 0.464716 0.117419 0.056799
0 0.314839 0.339071 0.045161 0.055077
0 0.794839 0.280981 0.076129 0.054217
0 0.308710 0.528830 0.072903 0.061102
0 0.172581 0.461704 0.097419 0.057659
0 0.483871 0.529690 0.273548 0.062823
0 0.721935 0.402324 0.045161 0.055938
0 0.524194 0.401033 0.044516 0.056799
0 0.398387 0.463425 0.045806 0.055938
0 0.698387 0.464716 0.045806 0.055077
0 0.510000 0.393287 0.803226 0.375215
0 0.462581 0.339071 0.045161 0.055077
0 0.413226 0.338640 0.043226 0.054217
0 0.548710 0.463855 0.047097 0.056799
0 0.424194 0.401463 0.045806 0.055938
0 0.217419 0.339071 0.046452 0.055077
0 0.660645 0.530120 0.073548 0.061962
0 0.374516 0.400172 0.044516 0.055077
0 0.160645 0.338210 0.059355 0.055077
0 0.672903 0.402754 0.045161 0.055077
0 0.729677 0.280551 0.043871 0.053356
0 0.584516 0.280120 0.043871 0.052496
0 0.499032 0.463855 0.047097 0.056799
0 0.598710 0.464286 0.045161 0.055938
0 0.348387 0.463855 0.046452 0.056799
0 0.162903 0.399312 0.071613 0.055077
0 0.535806 0.279690 0.044516 0.053356
0 0.810323 0.342083 0.054194 0.054217
0 0.487742 0.279690 0.043871 0.053356
0 0.144516 0.527539 0.050323 0.060241
0 0.341613 0.279260 0.043226 0.052496
0 0.756452 0.341222 0.044516 0.054217
