0 0.239240 0.486573 0.045194 0.075448
0 0.630560 0.241049 0.044476 0.072890
0 0.361191 0.403453 0.043759 0.072890
0 0.728838 0.243606 0.044476 0.075448
0 0.497489 0.322890 0.045194 0.075448
0 0.385940 0.486573 0.044476 0.075448
0 0.312410 0.404731 0.045194 0.075448
0 0.203730 0.321611 0.045911 0.075448
0 0.606528 0.406010 0.043759 0.075448
0 0.773314 0.407289 0.081779 0.075448
0 0.164993 0.484655 0.093257 0.076726
0 0.214849 0.403453 0.045194 0.075448
0 0.301291 0.321611 0.045911 0.075448
0 0.147776 0.321611 0.058824 0.075448
0 0.434003 0.574808 0.241033 0.085678
0 0.595768 0.322890 0.045194 0.075448
0 0.546270 0.322251 0.045194 0.074169
0 0.399211 0.321611 0.043759 0.075448
0 0.509326 0.404092 0.043042 0.074169
0 0.582496 0.576087 0.044476 0.083120
0 0.581779 0.487852 0.044476 0.075448
0 0.287661 0.486573 0.044476 0.075448
0 0.434720 0.487212 0.045911 0.074169
0 0.140961 0.239770 0.043759 0.072890
0 0.466643 0.392583 0.722382 0.511509
0 0.140603 0.574808 0.045911 0.085678
0 0.784433 0.243606 0.058106 0.072890
0 0.459828 0.404092 0.044476 0.074169
0 0.350430 0.322251 0.045194 0.074169
0 0.190818 0.239770 0.044476 0.075448
0 0.435079 0.240409 0.045194 0.074169
0 0.791607 0.326087 0.045194 0.074169
0 0.287303 0.575448 0.043759 0.084399
0 0.532999 0.241688 0.045911 0.074169
0 0.557389 0.405371 0.044476 0.074169
0 0.644189 0.324169 0.044476 0.075448
0 0.288379 0.239770 0.045911 0.075448
0 0.337518 0.240409 0.043759 0.074169
0 0.679340 0.242327 0.044476 0.072890
0 0.532640 0.487852 0.046628 0.075448
0 0.655667 0.406650 0.044476 0.074169
0 0.448709 0.322251 0.045194 0.074169
0 0.337159 0.487852 0.045911 0.075448
0 0.385940 0.240409 0.044476 0.074169
0 0.582138 0.241688 0.045194 0.074169
0 0.484577 0.240409 0.043759 0.074169
0 0.252511 0.320972 0.044476 0.076726
0 0.152798 0.402813 0.068867 0.076726
0 0.741750 0.324808 0.044476 0.074169
0 0.239240 0.239130 0.045194 0.074169
0 0.630560 0.487852 0.044476 0.072890
0 0.263989 0.404092 0.044476 0.074169
0 0.631277 0.578645 0.045911 0.085678
0 0.704806 0.407289 0.045194 0.075448
0 0.410689 0.405371 0.045194 0.074169
0 0.692970 0.324808 0.044476 0.076726
0 0.679340 0.489130 0.045911 0.072890
0 0.760402 0.489130 0.106169 0.075448
0 0.484218 0.486573 0.045911 0.075448
