0 0.269060 0.467760 0.040025 0.066742
0 0.615629 0.250566 0.039390 0.064480
0 0.377065 0.394231 0.038755 0.064480
0 0.702668 0.252828 0.039390 0.066742
0 0.497776 0.322964 0.040025 0.066742
0 0.398983 0.467760 0.039390 0.066742
0 0.333863 0.395362 0.040025 0.066742
0 0.237611 0.321833 0.040661 0.066742
0 0.594346 0.396493 0.038755 0.066742
0 0.742058 0.397624 0.072427 0.066742
0 0.203304 0.466063 0.082592 0.067873
0 0.247459 0.394231 0.040025 0.066742
0 0.324015 0.321833 0.040661 0.066742
0 0.188056 0.321833 0.052097 0.066742
0 0.441550 0.545814 0.213469 0.075792
0 0.584816 0.322964 0.040025 0.066742
0 0.540978 0.322398 0.040025 0.065611
0 0.410737 0.321833 0.038755 0.066742
0 0.508259 0.394796 0.038119 0.065611
0 0.573062 0.546946 0.039390 0.073529
0 0.572427 0.468891 0.039390 0.066742
0 0.311944 0.467760 0.039390 0.066742
0 0.442186 0.468326 0.040661 0.065611
0 0.182020 0.249434 0.038755 0.064480
0 0.470457 0.384615 0.639771 0.452489
0 0.181703 0.545814 0.040661 0.075792
0 0.751906 0.252828 0.051461 0.064480
0 0.464422 0.394796 0.039390 0.065611
0 0.367535 0.322398 0.040025 0.065611
0 0.226175 0.249434 0.039390 0.066742
0 0.442503 0.250000 0.040025 0.065611
0 0.758259 0.325792 0.040025 0.065611
0 0.311626 0.546380 0.038755 0.074661
0 0.529225 0.251131 0.040661 0.065611
0 0.550826 0.395928 0.039390 0.065611
0 0.627700 0.324095 0.039390 0.066742
0 0.312579 0.249434 0.040661 0.066742
0 0.356099 0.250000 0.038755 0.065611
0 0.658831 0.251697 0.039390 0.064480
0 0.528907 0.468891 0.041296 0.066742
0 0.637865 0.397059 0.039390 0.065611
0 0.454574 0.322398 0.040025 0.065611
0 0.355781 0.468891 0.040661 0.066742
0 0.398983 0.250000 0.039390 0.065611
0 0.572745 0.251131 0.040025 0.065611
0 0.486341 0.250000 0.038755 0.065611
0 0.280813 0.321267 0.039390 0.067873
0 0.192503 0.393665 0.060991 0.067873
0 0.714104 0.324661 0.039390 0.065611
0 0.269060 0.248869 0.040025 0.065611
0 0.615629 0.468891 0.039390 0.064480
0 0.290978 0.394796 0.039390 0.065611
0 0.616264 0.549208 0.040661 0.075792
0 0.681385 0.397624 0.040025 0.066742
0 0.420902 0.395928 0.040025 0.065611
0 0.670902 0.324661 0.039390 0.067873
0 0.658831 0.470023 0.040661 0.064480
0 0.730623 0.470023 0.094028 0.066742
0 0.486023 0.467760 0.040661 0.066742
