0 0.394245 0.469561 0.047085 0.054890
0 0.015695 0.354291 0.029895 0.051896
0 0.229073 0.410180 0.045590 0.053892
0 0.262706 0.531437 0.050075 0.056886
0 0.156577 0.353792 0.045590 0.050898
0 0.009716 0.355289 0.017937 0.049900
0 0.536248 0.409681 0.047085 0.054890
0 0.499253 0.470060 0.047833 0.055888
0 0.382661 0.409681 0.046338 0.052894
0 0.587444 0.409182 0.046338 0.053892
0 0.408072 0.351796 0.046338 0.052894
0 0.271674 0.596806 0.289238 0.059880
0 0.342676 0.469561 0.045590 0.054890
0 0.550822 0.469062 0.047833 0.055888
0 0.186472 0.470060 0.045590 0.051896
0 0.444694 0.596307 0.049327 0.060878
0 0.290732 0.470060 0.046338 0.053892
0 0.100523 0.597305 0.048580 0.060878
0 0.368087 0.531437 0.050075 0.056886
0 0.357250 0.351796 0.046338 0.052894
0 0.453288 0.461577 0.905082 0.374251
0 0.105755 0.531936 0.048580 0.055888
0 0.643871 0.409182 0.057549 0.053892
0 0.433109 0.409681 0.047085 0.054890
0 0.525785 0.531437 0.048580 0.054890
0 0.616592 0.530439 0.124066 0.056886
0 0.256353 0.352794 0.046338 0.052894
0 0.206278 0.353792 0.046338 0.050898
0 0.627803 0.350299 0.079223 0.051896
0 0.473094 0.531936 0.047833 0.055888
0 0.076981 0.411178 0.046338 0.053892
0 0.628176 0.469062 0.094918 0.055888
0 0.054185 0.531936 0.047085 0.055888
0 0.033632 0.471557 0.047833 0.054890
0 0.509342 0.350798 0.045590 0.050898
0 0.420404 0.531437 0.047085 0.056886
0 0.458520 0.350798 0.047085 0.050898
0 0.498505 0.598303 0.050822 0.062874
0 0.026158 0.532934 0.050822 0.057884
0 0.135650 0.471557 0.047085 0.054890
0 0.019432 0.472056 0.037369 0.055888
0 0.084454 0.471557 0.047833 0.054890
0 0.106502 0.353792 0.045590 0.052894
0 0.446188 0.469062 0.046338 0.055888
0 0.315396 0.531437 0.049327 0.056886
0 0.559417 0.350299 0.045590 0.051896
0 0.331465 0.410679 0.047085 0.054890
0 0.026532 0.412675 0.048580 0.054890
0 0.157698 0.532435 0.049327 0.056886
0 0.238416 0.471058 0.047833 0.053892
0 0.016442 0.412675 0.031390 0.052894
0 0.177877 0.411178 0.046338 0.053892
0 0.127429 0.411178 0.047085 0.053892
0 0.306801 0.352295 0.045590 0.051896
0 0.014200 0.596806 0.026906 0.059880
0 0.210015 0.531437 0.049327 0.056886
0 0.056801 0.354291 0.046338 0.051896
0 0.485052 0.409182 0.046338 0.053892
0 0.279895 0.410180 0.047085 0.053892
