0 0.629062 0.320833 0.035625 0.045000
0 0.405625 0.372083 0.036250 0.045833
0 0.161562 0.474167 0.081875 0.048333
0 0.559063 0.475833 0.036875 0.045000
0 0.323437 0.372083 0.036875 0.045833
0 0.696250 0.371250 0.045000 0.045833
0 0.650937 0.370833 0.036875 0.045000
0 0.414687 0.423750 0.036875 0.045833
0 0.207813 0.422917 0.036875 0.045833
0 0.527813 0.372083 0.036875 0.045833
0 0.264375 0.320833 0.036250 0.045000
0 0.263750 0.530833 0.038750 0.050000
0 0.578750 0.531250 0.040000 0.050833
0 0.455937 0.423333 0.035625 0.046667
0 0.446562 0.372083 0.036875 0.045833
0 0.364375 0.371667 0.036250 0.046667
0 0.536875 0.530417 0.038750 0.050833
0 0.621250 0.422917 0.037500 0.045833
0 0.385937 0.322083 0.036875 0.044167
0 0.580000 0.423750 0.036250 0.045833
0 0.610000 0.371250 0.036250 0.045833
0 0.400000 0.530833 0.228750 0.053333
0 0.152812 0.370833 0.050625 0.046667
0 0.548125 0.321250 0.036250 0.044167
0 0.588750 0.321250 0.035000 0.044167
0 0.154062 0.422083 0.060625 0.045833
0 0.372812 0.423750 0.036875 0.045833
0 0.345313 0.322083 0.036875 0.044167
0 0.266875 0.475417 0.037500 0.045833
0 0.487500 0.371667 0.036250 0.045000
0 0.517188 0.475833 0.036875 0.046667
0 0.507812 0.321667 0.035625 0.045000
0 0.426563 0.321667 0.035625 0.045000
0 0.672813 0.474167 0.098125 0.046667
0 0.475938 0.475417 0.038125 0.047500
0 0.305312 0.321250 0.035625 0.044167
0 0.146563 0.320417 0.028125 0.042500
0 0.350625 0.475833 0.037500 0.046667
0 0.496875 0.423333 0.037500 0.046667
0 0.224062 0.321250 0.036875 0.044167
0 0.538125 0.423750 0.036250 0.047500
0 0.600313 0.475417 0.038125 0.045833
0 0.225000 0.475417 0.037500 0.047500
0 0.392500 0.475833 0.038750 0.046667
0 0.183750 0.320833 0.036250 0.045000
0 0.290000 0.423333 0.037500 0.046667
0 0.136563 0.530000 0.043125 0.050000
0 0.682187 0.422083 0.076875 0.047500
0 0.501875 0.414583 0.796250 0.315833
0 0.282187 0.371250 0.036875 0.045833
0 0.331250 0.422917 0.036250 0.045833
0 0.308750 0.475833 0.038750 0.046667
0 0.569375 0.371667 0.036250 0.046667
0 0.248750 0.423333 0.037500 0.046667
0 0.467187 0.322083 0.036875 0.045833
0 0.241563 0.371250 0.036875 0.045833
0 0.684375 0.320417 0.063750 0.045833
0 0.200937 0.371667 0.038125 0.046667
0 0.434375 0.476250 0.038750 0.047500
