0 0.510760 0.267742 0.041607 0.053763
0 0.522956 0.452688 0.041607 0.053763
0 0.581062 0.327419 0.041607 0.054839
0 0.651004 0.450000 0.109756 0.056989
0 0.345050 0.517204 0.255380 0.062366
0 0.335725 0.452688 0.043042 0.055914
0 0.603300 0.267204 0.041607 0.054839
0 0.067432 0.390860 0.067432 0.056989
0 0.488164 0.328495 0.042324 0.054839
0 0.545194 0.517742 0.044476 0.061290
0 0.313128 0.390860 0.042324 0.056989
0 0.164634 0.329032 0.042324 0.055914
0 0.418938 0.268817 0.041607 0.055914
0 0.557030 0.267742 0.040890 0.053763
0 0.498207 0.516129 0.043759 0.060215
0 0.349713 0.328495 0.042324 0.054839
0 0.077116 0.452688 0.091105 0.058065
0 0.327116 0.268817 0.041607 0.053763
0 0.593257 0.389785 0.043042 0.056989
0 0.460904 0.381720 0.894548 0.376344
0 0.210545 0.329570 0.042324 0.056989
0 0.453013 0.389785 0.042324 0.056989
0 0.429340 0.452151 0.043759 0.056989
0 0.118364 0.330108 0.043042 0.055914
0 0.193329 0.519355 0.043759 0.060215
0 0.678623 0.327957 0.051650 0.055914
0 0.056313 0.269892 0.032281 0.051613
0 0.148852 0.453763 0.042324 0.055914
0 0.127331 0.391398 0.042324 0.055914
0 0.441894 0.327957 0.041607 0.053763
0 0.256815 0.329032 0.041607 0.055914
0 0.064921 0.329570 0.056671 0.054839
0 0.235653 0.269892 0.040890 0.053763
0 0.173960 0.391398 0.042324 0.055914
0 0.382712 0.453226 0.043759 0.056989
0 0.475968 0.452151 0.042324 0.054839
0 0.189383 0.269355 0.041607 0.054839
0 0.534792 0.327957 0.040890 0.053763
0 0.465208 0.268280 0.042324 0.054839
0 0.050933 0.519355 0.047346 0.060215
0 0.546270 0.389785 0.042324 0.056989
0 0.220230 0.391398 0.041607 0.055914
0 0.195122 0.453763 0.041607 0.055914
0 0.359756 0.390323 0.042324 0.055914
0 0.395983 0.328495 0.041607 0.054839
0 0.266858 0.390323 0.041607 0.055914
0 0.406385 0.389785 0.040890 0.056989
0 0.627331 0.327419 0.042324 0.054839
0 0.570301 0.451613 0.043042 0.053763
0 0.242109 0.453763 0.043759 0.055914
0 0.664993 0.266129 0.073171 0.054839
0 0.289096 0.452688 0.043042 0.055914
0 0.499283 0.389785 0.041607 0.056989
0 0.373386 0.268280 0.040890 0.054839
0 0.662482 0.388172 0.086801 0.055914
0 0.281205 0.269355 0.041607 0.052688
0 0.303085 0.327957 0.040890 0.055914
0 0.098278 0.269892 0.041607 0.053763
0 0.143831 0.269355 0.042324 0.052688
