0 0.517090 0.521484 0.034180 0.050781
0 0.244629 0.572266 0.030273 0.045573
0 0.122070 0.573568 0.031250 0.045573
0 0.285645 0.572917 0.032227 0.046875
0 0.477051 0.520182 0.034180 0.048177
0 0.346191 0.626302 0.034180 0.046875
0 0.316895 0.519531 0.032227 0.046875
0 0.050293 0.464844 0.034180 0.046875
0 0.326172 0.572917 0.033203 0.046875
0 0.367188 0.572917 0.033203 0.044271
0 0.311035 0.685547 0.229492 0.055990
0 0.378418 0.468750 0.034180 0.052083
0 0.057617 0.684896 0.056641 0.052083
0 0.595703 0.466797 0.072266 0.048177
0 0.397461 0.519531 0.033203 0.046875
0 0.297363 0.467448 0.034180 0.049479
0 0.528320 0.572917 0.033203 0.049479
0 0.065918 0.573568 0.063477 0.045573
0 0.182617 0.626953 0.031250 0.045573
0 0.166504 0.682943 0.041992 0.048177
0 0.507324 0.626302 0.034180 0.049479
0 0.153809 0.520182 0.032227 0.048177
0 0.606445 0.547526 0.054688 0.100260
0 0.357422 0.520182 0.035156 0.048177
0 0.467773 0.625651 0.033203 0.048177
0 0.488770 0.573568 0.034180 0.048177
0 0.447754 0.572266 0.032227 0.048177
0 0.490234 0.546875 0.968750 0.408854
0 0.234863 0.519531 0.032227 0.046875
0 0.337891 0.466797 0.033203 0.050781
0 0.387695 0.626953 0.035156 0.050781
0 0.497070 0.468099 0.033203 0.048177
0 0.458008 0.468099 0.033203 0.050781
0 0.163086 0.573568 0.031250 0.045573
0 0.584961 0.625651 0.101562 0.048177
0 0.275879 0.518880 0.032227 0.048177
0 0.141602 0.627604 0.031250 0.046875
0 0.101074 0.628906 0.032227 0.049479
0 0.255859 0.467448 0.033203 0.049479
0 0.437012 0.520182 0.034180 0.048177
0 0.194336 0.520182 0.031250 0.048177
0 0.203613 0.573568 0.032227 0.045573
0 0.556152 0.520833 0.034180 0.052083
0 0.092773 0.466146 0.033203 0.046875
0 0.053223 0.629557 0.043945 0.048177
0 0.061035 0.520182 0.051758 0.048177
0 0.568848 0.574219 0.036133 0.049479
0 0.427734 0.626953 0.033203 0.048177
0 0.305664 0.626953 0.033203 0.048177
0 0.134277 0.465495 0.032227 0.048177
0 0.453125 0.682943 0.044922 0.053385
0 0.215820 0.465495 0.033203 0.048177
0 0.174316 0.466146 0.032227 0.049479
0 0.408203 0.572266 0.033203 0.048177
0 0.418457 0.468099 0.034180 0.053385
0 0.112305 0.520182 0.031250 0.048177
0 0.264648 0.626302 0.033203 0.046875
0 0.224121 0.626953 0.032227 0.048177
0 0.536621 0.468099 0.032227 0.048177
0 0.608398 0.682292 0.060547 0.054688
