0 0.727807 0.443023 0.050914 0.095349
0 0.282637 0.544186 0.048303 0.093023
0 0.243473 0.319767 0.048303 0.090698
0 0.246736 0.659302 0.049608 0.095349
0 0.575065 0.674419 0.050914 0.102326
0 0.609661 0.556977 0.049608 0.095349
0 0.815927 0.563953 0.052219 0.095349
0 0.377285 0.661628 0.049608 0.095349
0 0.118146 0.315116 0.045692 0.090698
0 0.116841 0.653488 0.050914 0.102326
0 0.060705 0.538372 0.079634 0.095349
0 0.659922 0.439535 0.050914 0.093023
0 0.398172 0.432558 0.046997 0.088372
0 0.347258 0.545349 0.046997 0.090698
0 0.449086 0.796512 0.370757 0.127907
0 0.442559 0.666279 0.049608 0.095349
0 0.760444 0.330233 0.053525 0.093023
0 0.046345 0.651163 0.066580 0.097674
0 0.932768 0.330233 0.124021 0.097674
0 0.432768 0.324419 0.050914 0.095349
0 0.527415 0.437209 0.049608 0.093023
0 0.885770 0.568605 0.053525 0.100000
0 0.782637 0.684884 0.053525 0.100000
0 0.627285 0.327907 0.050914 0.097674
0 0.542428 0.554651 0.048303 0.095349
0 0.497389 0.326744 0.049608 0.095349
0 0.501305 0.474419 1.000000 0.944186
0 0.180157 0.317442 0.049608 0.090698
0 0.181462 0.656977 0.049608 0.095349
0 0.311358 0.659302 0.050914 0.095349
0 0.216057 0.776744 0.066580 0.097674
0 0.560705 0.327907 0.050914 0.097674
0 0.866841 0.448837 0.054830 0.097674
0 0.796997 0.444186 0.053525 0.097674
0 0.411227 0.547674 0.049608 0.090698
0 0.685379 0.805814 0.073107 0.109302
0 0.676893 0.559302 0.050914 0.095349
0 0.218668 0.541860 0.048303 0.093023
0 0.462794 0.434884 0.048303 0.088372
0 0.508486 0.668605 0.050914 0.100000
0 0.955614 0.511628 0.091384 0.223256
0 0.642950 0.679070 0.050914 0.097674
0 0.958225 0.820930 0.086162 0.116279
0 0.369452 0.323256 0.049608 0.093023
0 0.206919 0.427907 0.048303 0.093023
0 0.065927 0.425581 0.077023 0.093023
0 0.334856 0.432558 0.048303 0.088372
0 0.829634 0.330233 0.050914 0.093023
0 0.306136 0.320930 0.048303 0.093023
0 0.593995 0.440698 0.049608 0.090698
0 0.046997 0.770930 0.083551 0.104651
0 0.746084 0.562791 0.053525 0.093023
0 0.477807 0.551163 0.049608 0.093023
0 0.712141 0.681395 0.050914 0.093023
0 0.692559 0.329070 0.053525 0.095349
0 0.144909 0.429070 0.049608 0.095349
0 0.058094 0.313953 0.048303 0.093023
0 0.155352 0.539535 0.046997 0.093023
0 0.271540 0.431395 0.049608 0.095349
0 0.911227 0.691860 0.180157 0.109302
