0 0.442878 0.485644 0.043027 0.050495
0 0.500742 0.498515 1.000000 0.412871
0 0.395401 0.482673 0.044510 0.050495
0 0.434347 0.429703 0.042285 0.047525
0 0.270401 0.533168 0.046736 0.052475
0 0.206602 0.471782 0.043769 0.050495
0 0.159866 0.416337 0.046736 0.050495
0 0.300445 0.476733 0.043027 0.050495
0 0.160608 0.470297 0.045252 0.051485
0 0.624629 0.615842 0.071217 0.059406
0 0.414688 0.378218 0.043027 0.045545
0 0.512240 0.546535 0.043769 0.051485
0 0.191024 0.365842 0.040801 0.044554
0 0.116098 0.584158 0.048220 0.057426
0 0.253338 0.475743 0.043769 0.050495
0 0.626484 0.440594 0.051187 0.049505
0 0.538205 0.490594 0.043769 0.048515
0 0.080119 0.521782 0.047478 0.053465
0 0.250371 0.419802 0.042285 0.047525
0 0.415059 0.542079 0.043769 0.052475
0 0.573813 0.438119 0.042285 0.048515
0 0.612760 0.386634 0.072700 0.044554
0 0.028190 0.517327 0.054896 0.054455
0 0.023368 0.461386 0.045252 0.049505
0 0.463279 0.544059 0.043769 0.050495
0 0.490356 0.488119 0.043027 0.049505
0 0.016320 0.576238 0.031157 0.063366
0 0.174703 0.527723 0.046736 0.053465
0 0.019659 0.356436 0.033383 0.049505
0 0.609792 0.494554 0.089021 0.050495
0 0.113872 0.468812 0.045252 0.050495
0 0.527448 0.435644 0.043027 0.047525
0 0.342730 0.425743 0.044510 0.049505
0 0.279674 0.370297 0.043027 0.045545
0 0.318249 0.535644 0.045994 0.053465
0 0.388724 0.427723 0.041543 0.045545
0 0.070475 0.412871 0.045994 0.049505
0 0.460682 0.605446 0.045994 0.060396
0 0.222552 0.529703 0.047478 0.053465
0 0.287463 0.596040 0.293027 0.067327
0 0.551558 0.384158 0.040801 0.045545
0 0.366469 0.538119 0.045994 0.052475
0 0.204377 0.417822 0.045252 0.049505
0 0.347923 0.479703 0.041543 0.050495
0 0.024481 0.408416 0.047478 0.050495
0 0.369436 0.376238 0.043027 0.047525
0 0.481083 0.432178 0.040801 0.046535
0 0.324555 0.371782 0.042285 0.046535
0 0.126484 0.525248 0.045252 0.052475
0 0.597552 0.550990 0.116469 0.052475
0 0.235163 0.368812 0.043027 0.046535
0 0.505564 0.381683 0.040801 0.044554
0 0.114614 0.413366 0.043769 0.050495
0 0.068991 0.465347 0.044510 0.049505
0 0.059347 0.359901 0.041543 0.044554
0 0.103116 0.362871 0.040059 0.044554
0 0.295994 0.422772 0.043027 0.047525
0 0.460312 0.379703 0.040801 0.044554
0 0.145772 0.363366 0.042285 0.047525
