0 0.104688 0.612083 0.039375 0.050833
0 0.491875 0.550000 0.032500 0.041667
0 0.291563 0.555833 0.033125 0.045000
0 0.598125 0.447083 0.071250 0.039167
0 0.412813 0.552083 0.031875 0.042500
0 0.324375 0.503333 0.033750 0.045000
0 0.076875 0.506667 0.056250 0.048333
0 0.227813 0.610833 0.038125 0.050000
0 0.513125 0.602083 0.032500 0.042500
0 0.252500 0.556667 0.033750 0.048333
0 0.404062 0.501250 0.031875 0.042500
0 0.113125 0.457083 0.036250 0.047500
0 0.268125 0.454583 0.035000 0.047500
0 0.442812 0.500417 0.033125 0.040833
0 0.572187 0.549167 0.033125 0.041667
0 0.055313 0.668750 0.064375 0.055833
0 0.452500 0.550833 0.031250 0.041667
0 0.492500 0.657917 0.056250 0.045833
0 0.424063 0.452917 0.034375 0.045833
0 0.472500 0.603333 0.032500 0.043333
0 0.483125 0.499583 0.032500 0.040833
0 0.206563 0.506250 0.038125 0.047500
0 0.309063 0.607500 0.035625 0.048333
0 0.130625 0.559167 0.037500 0.048333
0 0.533125 0.549167 0.032500 0.041667
0 0.285313 0.505417 0.034375 0.047500
0 0.341250 0.663333 0.233750 0.056667
0 0.589063 0.601250 0.103125 0.042500
0 0.364063 0.502083 0.033125 0.044167
0 0.165937 0.506667 0.036875 0.048333
0 0.171250 0.558333 0.038750 0.050000
0 0.332500 0.554167 0.033750 0.046667
0 0.462500 0.452500 0.035000 0.046667
0 0.501250 0.450833 0.033750 0.043333
0 0.190312 0.455833 0.034375 0.048333
0 0.521875 0.499167 0.032500 0.040000
0 0.540312 0.449167 0.031875 0.040000
0 0.211875 0.557500 0.036250 0.050000
0 0.500313 0.553750 0.999375 0.429167
0 0.145313 0.612083 0.038125 0.050833
0 0.073438 0.457083 0.036875 0.045833
0 0.269375 0.610417 0.035000 0.050833
0 0.246250 0.505833 0.036250 0.046667
0 0.186250 0.611250 0.037500 0.050833
0 0.373125 0.552500 0.032500 0.043333
0 0.152500 0.456250 0.035000 0.047500
0 0.075313 0.559167 0.068125 0.051667
0 0.618125 0.656250 0.057500 0.045833
0 0.350000 0.606250 0.033750 0.045833
0 0.196563 0.665833 0.051875 0.053333
0 0.057500 0.613750 0.050000 0.050833
0 0.229063 0.455417 0.034375 0.047500
0 0.560937 0.498333 0.033125 0.041667
0 0.431250 0.605000 0.032500 0.046667
0 0.611250 0.522500 0.056250 0.093333
0 0.307188 0.454167 0.034375 0.048333
0 0.345938 0.452917 0.034375 0.045833
0 0.126562 0.507500 0.038125 0.048333
0 0.385313 0.453750 0.035625 0.047500
0 0.391562 0.605833 0.035625 0.048333
