0 0.613836 0.698242 0.079795 0.064453
0 0.427892 0.453613 0.044656 0.059570
0 0.250732 0.665527 0.047584 0.063477
0 0.013909 0.555664 0.026354 0.062500
0 0.012811 0.691406 0.024158 0.064453
0 0.551245 0.506836 0.043924 0.058594
0 0.131772 0.478027 0.046852 0.059570
0 0.012445 0.490234 0.023426 0.060547
0 0.588580 0.440430 0.077599 0.058594
0 0.067716 0.616699 0.049048 0.063477
0 0.199122 0.671387 0.046852 0.063477
0 0.498902 0.640625 0.046120 0.060547
0 0.020864 0.766113 0.040264 0.065430
0 0.209736 0.537109 0.046120 0.060547
0 0.325037 0.592285 0.045388 0.061523
0 0.015739 0.697266 0.030015 0.064453
0 0.284041 0.732422 0.286969 0.085938
0 0.607247 0.532715 0.060761 0.122070
0 0.172767 0.606445 0.046852 0.062500
0 0.274890 0.596191 0.046120 0.061523
0 0.054905 0.550781 0.048316 0.062500
0 0.504026 0.511230 0.046120 0.059570
0 0.450586 0.645508 0.046120 0.060547
0 0.380307 0.457520 0.044656 0.059570
0 0.585652 0.632812 0.118594 0.064453
0 0.520132 0.574219 0.046120 0.060547
0 0.475110 0.449707 0.045388 0.057617
0 0.106881 0.545410 0.048316 0.061523
0 0.080161 0.481934 0.047584 0.061523
0 0.310029 0.528809 0.046120 0.061523
0 0.113104 0.749512 0.049048 0.065430
0 0.041728 0.686523 0.048316 0.064453
0 0.020132 0.621582 0.038799 0.063477
0 0.359444 0.523438 0.045388 0.058594
0 0.260981 0.533203 0.046120 0.060547
0 0.182650 0.474121 0.047584 0.059570
0 0.284041 0.465332 0.045388 0.059570
0 0.094802 0.682129 0.047584 0.063477
0 0.158492 0.541992 0.047584 0.060547
0 0.147145 0.676758 0.048316 0.064453
0 0.028917 0.486328 0.047584 0.060547
0 0.352123 0.655762 0.046852 0.063477
0 0.374817 0.587891 0.045388 0.062500
0 0.301611 0.661133 0.046852 0.062500
0 0.465959 0.711426 0.071010 0.065430
0 0.223646 0.602051 0.047584 0.061523
0 0.407028 0.519043 0.045388 0.059570
0 0.120425 0.611816 0.047584 0.063477
0 0.568448 0.569824 0.046120 0.059570
0 0.022328 0.627441 0.043192 0.063477
0 0.401537 0.650391 0.046120 0.062500
0 0.471816 0.578125 0.046120 0.060547
0 0.332357 0.461914 0.045388 0.060547
0 0.423133 0.582520 0.045388 0.061523
0 0.233529 0.469727 0.046852 0.058594
0 0.455710 0.515625 0.044656 0.058594
0 0.018668 0.559570 0.035871 0.062500
0 0.500732 0.553711 1.000000 0.580078
0 0.523426 0.446289 0.043924 0.056641
0 0.012445 0.494629 0.023426 0.059570
