0 0.430870 0.570870 0.039130 0.039130
0 0.035652 0.445652 0.038261 0.035652
0 0.410000 0.528261 0.039130 0.039130
0 0.052609 0.528696 0.070435 0.038261
0 0.482609 0.612174 0.060870 0.040000
0 0.569565 0.485217 0.038261 0.038261
0 0.494783 0.503043 0.987826 0.313913
0 0.313913 0.486522 0.040000 0.039130
0 0.335217 0.443913 0.039130 0.037391
0 0.088696 0.570870 0.040000 0.039130
0 0.620870 0.505652 0.052174 0.082609
0 0.040870 0.570870 0.048696 0.037391
0 0.259565 0.570435 0.039130 0.038261
0 0.302609 0.570870 0.040000 0.039130
0 0.387826 0.570435 0.040000 0.038261
0 0.526522 0.486087 0.039130 0.040000
0 0.463478 0.444348 0.040000 0.038261
0 0.356522 0.486522 0.038261 0.039130
0 0.607391 0.443043 0.070435 0.039130
0 0.399130 0.486087 0.038261 0.038261
0 0.280870 0.528696 0.038261 0.038261
0 0.173913 0.570870 0.038261 0.037391
0 0.366522 0.528261 0.039130 0.039130
0 0.099565 0.487391 0.040870 0.039130
0 0.590000 0.569130 0.100000 0.039130
0 0.249565 0.445217 0.040000 0.038261
0 0.377826 0.444348 0.039130 0.038261
0 0.270435 0.486522 0.038261 0.039130
0 0.505217 0.443913 0.040000 0.037391
0 0.580000 0.527826 0.038261 0.038261
0 0.292174 0.445217 0.040000 0.038261
0 0.217391 0.571304 0.040000 0.038261
0 0.079130 0.445652 0.038261 0.037391
0 0.131739 0.571304 0.039130 0.038261
0 0.238261 0.528696 0.040000 0.038261
0 0.345217 0.570870 0.040000 0.039130
0 0.195217 0.529130 0.039130 0.039130
0 0.494783 0.527826 0.040000 0.040000
0 0.537391 0.527826 0.040000 0.040000
0 0.228261 0.486957 0.039130 0.038261
0 0.323913 0.528696 0.039130 0.038261
0 0.153043 0.529130 0.040000 0.039130
0 0.610435 0.611739 0.066087 0.039130
0 0.142174 0.486522 0.039130 0.039130
0 0.207391 0.445217 0.039130 0.038261
0 0.121739 0.444783 0.040000 0.037391
0 0.049130 0.613478 0.065217 0.039130
0 0.185217 0.486522 0.040000 0.039130
0 0.516087 0.570000 0.039130 0.037391
0 0.473478 0.570435 0.039130 0.038261
0 0.548696 0.443478 0.038261 0.038261
0 0.163913 0.445217 0.040870 0.038261
0 0.484348 0.485652 0.038261 0.039130
0 0.420870 0.444348 0.040000 0.038261
0 0.110000 0.528696 0.039130 0.038261
0 0.330000 0.613043 0.239130 0.041739
0 0.451739 0.527826 0.039130 0.040000
0 0.046522 0.486957 0.058261 0.038261
0 0.441304 0.486087 0.039130 0.040000
0 0.188696 0.612609 0.040000 0.039130
