0 0.459062 0.486667 0.033125 0.045000
0 0.440000 0.535417 0.032500 0.042500
0 0.097500 0.633333 0.085000 0.046667
0 0.577812 0.636250 0.101875 0.045833
0 0.075000 0.686250 0.058750 0.049167
0 0.351562 0.635833 0.033125 0.045000
0 0.498750 0.572917 0.967500 0.402500
0 0.090938 0.582500 0.061875 0.043333
0 0.403125 0.535417 0.032500 0.042500
0 0.178125 0.686250 0.045000 0.047500
0 0.495937 0.487083 0.033125 0.044167
0 0.091875 0.533333 0.052500 0.043333
0 0.176875 0.533750 0.032500 0.042500
0 0.315312 0.688333 0.220625 0.050000
0 0.514687 0.536250 0.033125 0.044167
0 0.310625 0.485417 0.033750 0.044167
0 0.295625 0.583333 0.031250 0.045000
0 0.603437 0.690833 0.059375 0.050000
0 0.524375 0.585417 0.032500 0.044167
0 0.448437 0.584583 0.031875 0.044167
0 0.334688 0.583750 0.031875 0.044167
0 0.422187 0.486667 0.031875 0.043333
0 0.163125 0.486250 0.035000 0.045833
0 0.533125 0.485833 0.031250 0.041667
0 0.289062 0.534167 0.031875 0.041667
0 0.365312 0.534583 0.033125 0.042500
0 0.390313 0.636667 0.034375 0.046667
0 0.428438 0.636667 0.033125 0.045000
0 0.451562 0.689167 0.044375 0.048333
0 0.215000 0.535000 0.035000 0.045000
0 0.587187 0.585417 0.081875 0.044167
0 0.327500 0.534167 0.031250 0.041667
0 0.086250 0.483333 0.032500 0.041667
0 0.348438 0.485833 0.033125 0.043333
0 0.504687 0.636667 0.033125 0.045000
0 0.219688 0.584167 0.031875 0.045000
0 0.235625 0.484583 0.031250 0.044167
0 0.410938 0.584583 0.031875 0.044167
0 0.466875 0.636667 0.032500 0.045000
0 0.385313 0.486667 0.033125 0.045000
0 0.257812 0.583333 0.031875 0.043333
0 0.589375 0.486250 0.070000 0.042500
0 0.199063 0.485417 0.034375 0.045833
0 0.275000 0.635417 0.033750 0.044167
0 0.181562 0.583333 0.034375 0.045000
0 0.251875 0.533750 0.033750 0.042500
0 0.372500 0.584167 0.032500 0.045000
0 0.273125 0.485417 0.032500 0.044167
0 0.159375 0.635000 0.035000 0.045000
0 0.236250 0.635000 0.036250 0.045000
0 0.140625 0.536250 0.038750 0.047500
0 0.125312 0.485417 0.034375 0.044167
0 0.600938 0.537083 0.053125 0.045833
0 0.198125 0.634583 0.035000 0.045833
0 0.486563 0.585000 0.033125 0.045000
0 0.312500 0.635417 0.035000 0.045833
0 0.144687 0.583333 0.034375 0.045000
0 0.477500 0.535833 0.032500 0.043333
0 0.551875 0.535417 0.033750 0.044167
