0 0.444063 0.462083 0.096875 0.109167
0 0.654375 0.132500 0.080000 0.076667
0 0.386875 0.273333 0.083750 0.090000
0 0.212188 0.882083 0.161875 0.210833
0 0.155000 0.634167 0.166250 0.185000
0 0.588750 0.374167 0.096250 0.100000
0 0.666562 0.440833 0.103125 0.105000
0 0.531250 0.297500 0.087500 0.090000
0 0.112187 0.533333 0.139375 0.150000
0 0.460938 0.338333 0.088125 0.093333
0 0.902188 0.183750 0.083125 0.079167
0 0.896563 0.091250 0.078125 0.070833
0 0.311563 0.313333 0.084375 0.098333
0 0.277813 0.556667 0.089375 0.120000
0 0.842812 0.121667 0.078125 0.073333
0 0.723750 0.539167 0.443750 0.360000
0 0.305625 0.423333 0.086250 0.101667
0 0.233125 0.354583 0.081250 0.100833
0 0.786563 0.153333 0.084375 0.075000
0 0.946250 0.375833 0.101250 0.121667
0 0.800312 0.355000 0.091875 0.096667
0 0.950625 0.065000 0.067500 0.065000
0 0.726562 0.185833 0.080625 0.078333
0 0.966875 0.244583 0.060000 0.094167
0 0.386875 0.380000 0.090000 0.098333
0 0.444375 0.581667 0.095000 0.115000
0 0.457188 0.235833 0.084375 0.091667
0 0.656563 0.330000 0.090625 0.093333
0 0.500625 0.500833 0.995000 0.998333
0 0.861563 0.315417 0.088125 0.092500
0 0.920937 0.274583 0.083125 0.084167
0 0.211562 0.730000 0.214375 0.196667
0 0.772188 0.070833 0.075625 0.071667
0 0.150938 0.399167 0.079375 0.103333
0 0.360312 0.634583 0.086875 0.112500
0 0.595625 0.485000 0.098750 0.101667
0 0.845313 0.217083 0.083125 0.082500
0 0.598750 0.258333 0.087500 0.085000
0 0.715000 0.101250 0.077500 0.072500
0 0.954375 0.148333 0.076250 0.073333
0 0.664687 0.221667 0.085625 0.083333
0 0.785625 0.253333 0.085000 0.085000
0 0.225938 0.474583 0.098125 0.110833
0 0.061562 0.444167 0.089375 0.111667
0 0.457188 0.714583 0.124375 0.164167
0 0.734375 0.395417 0.100000 0.099167
0 0.592187 0.165833 0.081875 0.081667
0 0.362812 0.508750 0.095625 0.114167
0 0.523750 0.534583 0.105000 0.114167
0 0.829063 0.045000 0.065625 0.071667
0 0.517500 0.413750 0.093750 0.100833
0 0.724375 0.290833 0.087500 0.088333
0 0.525937 0.201250 0.086875 0.085833
