0 0.363350 0.668561 0.026448 0.041667
0 0.341310 0.263258 0.022670 0.034091
0 0.217254 0.264205 0.023929 0.035985
0 0.496851 0.304924 0.023929 0.037879
0 0.260705 0.759470 0.025189 0.041667
0 0.143577 0.354167 0.035264 0.041667
0 0.248111 0.263258 0.025189 0.037879
0 0.144207 0.399621 0.039043 0.041667
0 0.185768 0.263258 0.026448 0.037879
0 0.432620 0.807765 0.026448 0.043561
0 0.502519 0.215909 0.025189 0.041667
0 0.506297 0.717803 0.027708 0.041667
0 0.412469 0.217803 0.026448 0.045455
0 0.255668 0.715909 0.027708 0.041667
0 0.389798 0.350379 0.023929 0.037879
0 0.292191 0.218750 0.025189 0.039773
0 0.474811 0.717803 0.027708 0.041667
0 0.554786 0.806818 0.081864 0.041667
0 0.450882 0.351326 0.025189 0.039773
0 0.322418 0.759470 0.025189 0.041667
0 0.328715 0.351326 0.025189 0.039773
0 0.147985 0.265152 0.039043 0.037879
0 0.202771 0.220644 0.027708 0.039773
0 0.333123 0.394886 0.172544 0.035985
0 0.284005 0.308712 0.023929 0.037879
0 0.458438 0.260417 0.025189 0.035985
0 0.324307 0.218750 0.026448 0.043561
0 0.443325 0.717803 0.027708 0.041667
0 0.275819 0.806818 0.025189 0.041667
0 0.197733 0.758523 0.025189 0.043561
0 0.401763 0.808712 0.027708 0.045455
0 0.270781 0.666667 0.025189 0.041667
0 0.358942 0.351326 0.025189 0.039773
0 0.425693 0.664773 0.025189 0.041667
0 0.367758 0.262311 0.025189 0.035985
0 0.287154 0.715909 0.025189 0.041667
0 0.193955 0.308712 0.030227 0.037879
0 0.506297 0.717803 0.027708 0.041667
0 0.480479 0.759470 0.026448 0.041667
0 0.574937 0.734848 0.041562 0.090909
0 0.243703 0.805871 0.023929 0.039773
0 0.299118 0.351326 0.023929 0.035985
0 0.458438 0.668561 0.027708 0.041667
0 0.234887 0.858902 0.034005 0.043561
0 0.353275 0.216856 0.026448 0.043561
0 0.518892 0.261364 0.025189 0.037879
0 0.406801 0.308712 0.027708 0.037879
0 0.480479 0.350379 0.023929 0.037879
0 0.393577 0.664773 0.026448 0.041667
0 0.525189 0.303030 0.025189 0.037879
0 0.369647 0.807765 0.026448 0.043561
0 0.173174 0.663826 0.023929 0.039773
0 0.190176 0.711174 0.025189 0.039773
0 0.385390 0.759470 0.022670 0.041667
0 0.144207 0.663826 0.021411 0.039773
0 0.223552 0.397727 0.034005 0.037879
0 0.182620 0.805871 0.025189 0.043561
0 0.537783 0.715909 0.027708 0.041667
0 0.491184 0.668561 0.027708 0.041667
0 0.566121 0.663826 0.059194 0.043561
0 0.486776 0.732955 0.746851 0.363636
0 0.420655 0.351326 0.025189 0.039773
0 0.222922 0.713068 0.027708 0.043561
0 0.420025 0.765152 0.026448 0.041667
0 0.204660 0.664773 0.023929 0.041667
0 0.464736 0.807765 0.027708 0.043561
0 0.465995 0.305871 0.025189 0.039773
0 0.374685 0.306818 0.023929 0.037879
0 0.353275 0.760417 0.026448 0.043561
0 0.435768 0.306818 0.025189 0.037879
0 0.543451 0.759470 0.026448 0.041667
0 0.147355 0.307765 0.040302 0.039773
0 0.539673 0.351326 0.079345 0.043561
0 0.411839 0.715909 0.027708 0.041667
0 0.338161 0.807765 0.028967 0.043561
0 0.398615 0.262311 0.026448 0.035985
0 0.212217 0.804924 0.021411 0.041667
0 0.267632 0.351326 0.023929 0.035985
0 0.557935 0.281250 0.042821 0.089015
0 0.488665 0.261364 0.025189 0.037879
0 0.149874 0.806818 0.035264 0.041667
0 0.207179 0.352273 0.023929 0.037879
0 0.342569 0.860795 0.176322 0.058712
0 0.277708 0.263258 0.023929 0.034091
0 0.281486 0.265152 0.023929 0.034091
0 0.439547 0.396780 0.032746 0.039773
0 0.144207 0.222538 0.023929 0.039773
0 0.348866 0.716856 0.025189 0.039773
0 0.153652 0.758523 0.040302 0.039773
0 0.452771 0.765152 0.026448 0.041667
0 0.331234 0.666667 0.025189 0.041667
0 0.237406 0.352273 0.023929 0.037879
0 0.236776 0.665720 0.025189 0.043561
0 0.551637 0.215909 0.060453 0.037879
0 0.232368 0.220644 0.026448 0.039773
0 0.151134 0.854167 0.040302 0.041667
0 0.264484 0.218750 0.025189 0.039773
0 0.223552 0.306818 0.023929 0.034091
0 0.521411 0.670455 0.027708 0.041667
0 0.229219 0.759470 0.025189 0.041667
0 0.498741 0.813447 0.027708 0.043561
0 0.317380 0.717803 0.025189 0.041667
0 0.474811 0.264205 0.720403 0.373106
0 0.380353 0.715909 0.027708 0.041667
0 0.345088 0.305871 0.025189 0.035985
0 0.511965 0.759470 0.026448 0.041667
0 0.472922 0.215909 0.026448 0.045455
0 0.299118 0.664773 0.023929 0.041667
0 0.576196 0.856061 0.044081 0.045455
0 0.452771 0.857008 0.034005 0.043561
0 0.255038 0.308712 0.023929 0.037879
0 0.173174 0.222538 0.026448 0.035985
0 0.307305 0.807765 0.027708 0.039773
0 0.382242 0.217803 0.026448 0.045455
0 0.310453 0.263258 0.023929 0.034091
0 0.558564 0.400568 0.041562 0.039773
0 0.290932 0.760417 0.025189 0.043561
0 0.428212 0.262311 0.025189 0.035985
0 0.314861 0.306818 0.022670 0.037879
0 0.175693 0.351326 0.023929 0.039773
0 0.442695 0.216856 0.026448 0.043561
0 0.151763 0.712121 0.039043 0.041667
