0 0.180000 0.825000 0.033750 0.045000
0 0.292187 0.810000 0.034375 0.046667
0 0.383125 0.749583 0.033750 0.045833
0 0.064375 0.738750 0.051250 0.045833
0 0.553438 0.701250 0.044375 0.090833
0 0.235000 0.767917 0.033750 0.045833
0 0.403125 0.795000 0.032500 0.046667
0 0.309688 0.758750 0.034375 0.045833
0 0.457188 0.643333 0.033125 0.043333
0 0.111250 0.734167 0.036250 0.046667
0 0.454375 0.739167 0.033750 0.045000
0 0.407187 0.697500 0.033125 0.045000
0 0.329688 0.805417 0.034375 0.045833
0 0.278750 0.665833 0.033750 0.045000
0 0.442500 0.692500 0.032500 0.045000
0 0.159375 0.777917 0.035000 0.045833
0 0.141875 0.830000 0.033750 0.046667
0 0.091875 0.687500 0.035000 0.045000
0 0.351875 0.656667 0.033750 0.045000
0 0.129688 0.683333 0.034375 0.045000
0 0.193750 0.872917 0.035000 0.047500
0 0.197500 0.773333 0.033750 0.046667
0 0.224375 0.721250 0.035000 0.045833
0 0.241250 0.670417 0.033750 0.044167
0 0.054375 0.692083 0.033750 0.042500
0 0.166875 0.678750 0.035000 0.044167
0 0.068437 0.889167 0.059375 0.046667
0 0.121875 0.782917 0.033750 0.045833
0 0.438437 0.790000 0.033125 0.045000
0 0.186250 0.724583 0.035000 0.045833
0 0.346875 0.754167 0.032500 0.045000
0 0.299063 0.712083 0.033125 0.045833
0 0.387188 0.652083 0.033125 0.044167
0 0.492500 0.639583 0.032500 0.042500
0 0.204375 0.674583 0.033750 0.044167
0 0.512188 0.683333 0.031875 0.043333
0 0.477812 0.688333 0.033125 0.045000
0 0.103438 0.833750 0.034375 0.047500
0 0.449375 0.837917 0.051250 0.047500
0 0.474062 0.784583 0.033125 0.045833
0 0.444063 0.719583 0.850625 0.454167
0 0.315937 0.660833 0.033125 0.045000
0 0.317812 0.857500 0.206875 0.068333
0 0.261562 0.716250 0.034375 0.044167
0 0.540000 0.633333 0.057500 0.045000
0 0.149062 0.729583 0.035625 0.045833
0 0.217188 0.820000 0.035625 0.046667
0 0.255312 0.815417 0.034375 0.045833
0 0.422500 0.647500 0.032500 0.045000
0 0.418750 0.744167 0.032500 0.046667
0 0.366250 0.800000 0.033750 0.046667
0 0.272500 0.763333 0.033750 0.045000
0 0.536875 0.775833 0.085000 0.050000
0 0.524062 0.729167 0.033125 0.045000
0 0.070312 0.788750 0.061875 0.047500
0 0.556562 0.823333 0.056875 0.048333
0 0.060937 0.840000 0.043125 0.046667
0 0.335625 0.707083 0.033750 0.045833
0 0.489687 0.734583 0.033125 0.045833
0 0.372188 0.702500 0.033125 0.045000
