0 0.504054 0.353417 0.048649 0.062950
0 0.581757 0.419964 0.050000 0.062950
0 0.530405 0.419065 0.050000 0.064748
0 0.412162 0.224820 0.048649 0.057554
0 0.361486 0.223921 0.047297 0.059353
0 0.158784 0.220324 0.039189 0.059353
0 0.837838 0.225719 0.089189 0.059353
0 0.386486 0.287770 0.048649 0.061151
0 0.489865 0.287770 0.050000 0.061151
0 0.477703 0.419964 0.050000 0.062950
0 0.563514 0.225719 0.045946 0.059353
0 0.206081 0.221223 0.050000 0.061151
0 0.347973 0.353417 0.050000 0.062950
0 0.487162 0.486511 0.285135 0.066547
0 0.425676 0.419065 0.051351 0.064748
0 0.295946 0.353417 0.048649 0.062950
0 0.335135 0.286871 0.048649 0.062950
0 0.614189 0.225719 0.047297 0.059353
0 0.517568 0.344424 0.802703 0.390288
0 0.283784 0.286871 0.048649 0.062950
0 0.736486 0.419964 0.048649 0.062950
0 0.607432 0.353417 0.050000 0.062950
0 0.452027 0.353417 0.050000 0.062950
0 0.685135 0.419065 0.048649 0.061151
0 0.540541 0.289568 0.048649 0.061151
0 0.155405 0.418165 0.056757 0.062950
0 0.258108 0.222122 0.048649 0.059353
0 0.591892 0.288669 0.048649 0.059353
0 0.693243 0.290468 0.048649 0.059353
0 0.793919 0.289568 0.047297 0.061151
0 0.709459 0.355216 0.048649 0.062950
0 0.658108 0.353417 0.048649 0.062950
0 0.633784 0.419065 0.048649 0.064748
0 0.438514 0.287770 0.047297 0.061151
0 0.514189 0.225719 0.047297 0.059353
0 0.172973 0.350719 0.083784 0.064748
0 0.168919 0.285072 0.067568 0.062950
0 0.320946 0.419964 0.050000 0.062950
0 0.643243 0.289568 0.048649 0.061151
0 0.829054 0.419964 0.128378 0.062950
0 0.760811 0.354317 0.048649 0.061151
0 0.657432 0.487410 0.050000 0.064748
0 0.372297 0.419065 0.050000 0.064748
0 0.212838 0.417266 0.052703 0.064748
0 0.555405 0.353417 0.048649 0.062950
0 0.462838 0.224820 0.047297 0.057554
0 0.765541 0.225719 0.047297 0.059353
0 0.309459 0.223022 0.048649 0.061151
0 0.812162 0.353417 0.048649 0.062950
0 0.317568 0.487410 0.051351 0.064748
0 0.231081 0.285971 0.051351 0.064748
0 0.664189 0.226619 0.047297 0.061151
0 0.400000 0.352518 0.048649 0.061151
0 0.711486 0.487410 0.055405 0.064748
0 0.714865 0.227518 0.048649 0.059353
0 0.243243 0.351619 0.051351 0.062950
0 0.152027 0.487410 0.060811 0.068345
0 0.743919 0.290468 0.047297 0.059353
0 0.266892 0.419065 0.050000 0.064748
0 0.855405 0.321043 0.067568 0.127698
