0 0.042063 0.457717 0.080952 0.116279
0 0.732540 0.082452 0.084127 0.088795
0 0.212698 0.465116 0.088889 0.118393
0 0.488095 0.331924 0.973016 0.659619
0 0.155556 0.194503 0.085714 0.101480
0 0.605556 0.052854 0.080952 0.093023
0 0.332540 0.298097 0.087302 0.105708
0 0.474603 0.122622 0.082540 0.097252
0 0.164286 0.095137 0.080952 0.093023
0 0.300000 0.036998 0.085714 0.069767
0 0.362698 0.087738 0.080952 0.095137
0 0.094444 0.132135 0.080952 0.095137
0 0.470635 0.223044 0.084127 0.099366
0 0.125397 0.306554 0.085714 0.105708
0 0.082540 0.231501 0.082540 0.103594
0 0.541270 0.088795 0.082540 0.093023
0 0.494444 0.033827 0.080952 0.063425
0 0.668254 0.115222 0.082540 0.090909
0 0.032540 0.164905 0.061905 0.097252
0 0.428571 0.053911 0.082540 0.095137
0 0.261111 0.337209 0.087302 0.107822
0 0.538095 0.188161 0.085714 0.097252
0 0.407937 0.157505 0.082540 0.095137
0 0.225397 0.159619 0.082540 0.095137
0 0.026984 0.265328 0.050794 0.103594
0 0.670635 0.033827 0.084127 0.063425
0 0.838095 0.052854 0.177778 0.097252
0 0.372222 0.023256 0.074603 0.042283
0 0.401587 0.260042 0.085714 0.105708
0 0.231746 0.062368 0.082540 0.095137
0 0.443651 0.346723 0.401587 0.287526
0 0.604762 0.151163 0.082540 0.095137
0 0.339683 0.194503 0.085714 0.101480
0 0.730952 0.181818 0.090476 0.101480
0 0.113492 0.416490 0.087302 0.109937
0 0.270635 0.229387 0.084127 0.103594
0 0.053968 0.344609 0.085714 0.109937
0 0.293651 0.123679 0.082540 0.095137
0 0.198413 0.267442 0.085714 0.103594
0 0.662698 0.218816 0.087302 0.099366
0 0.188095 0.376321 0.087302 0.109937
