0 0.577393 0.680952 0.029785 0.044689
0 0.290283 0.586081 0.047363 0.043956
0 0.478271 0.540293 0.028809 0.043223
0 0.641113 0.586813 0.028320 0.043956
0 0.306641 0.494139 0.028320 0.043223
0 0.330566 0.586813 0.029297 0.043956
0 0.698486 0.563370 0.037598 0.089377
0 0.679688 0.632234 0.074219 0.043956
0 0.361328 0.586813 0.029297 0.043956
0 0.423828 0.586447 0.028320 0.043223
0 0.609619 0.680586 0.032715 0.043956
0 0.564209 0.632967 0.028809 0.043956
0 0.517334 0.586813 0.028809 0.043956
0 0.539551 0.539560 0.028320 0.043223
0 0.492432 0.493773 0.027832 0.042491
0 0.646729 0.494139 0.027832 0.041758
0 0.495361 0.579487 0.475098 0.273993
0 0.322266 0.539194 0.030273 0.043956
0 0.532959 0.634066 0.029785 0.044689
0 0.454834 0.586813 0.028809 0.043956
0 0.615234 0.494872 0.028320 0.041758
0 0.439453 0.633700 0.029297 0.043956
0 0.345947 0.634066 0.028809 0.044689
0 0.408447 0.634066 0.029785 0.044689
0 0.486328 0.586813 0.029297 0.043956
0 0.446777 0.539560 0.028320 0.043223
0 0.548340 0.586813 0.029297 0.043956
0 0.393066 0.587179 0.029297 0.044689
0 0.376465 0.680586 0.029297 0.043956
0 0.632568 0.540293 0.028809 0.043223
0 0.571045 0.540293 0.028809 0.043223
0 0.461426 0.493773 0.027344 0.042491
0 0.286133 0.539927 0.039062 0.043956
0 0.353516 0.539194 0.029297 0.043956
0 0.384521 0.539927 0.028809 0.043956
0 0.601074 0.539927 0.028320 0.042491
0 0.430176 0.494872 0.028320 0.043223
0 0.689697 0.494872 0.051270 0.043223
0 0.279541 0.493040 0.022949 0.042491
0 0.313965 0.633333 0.029297 0.044689
0 0.502197 0.634066 0.029785 0.044689
0 0.610352 0.586813 0.029297 0.043956
0 0.553711 0.493773 0.028320 0.042491
0 0.376953 0.634066 0.029297 0.044689
0 0.476562 0.680952 0.166992 0.044689
0 0.281006 0.679853 0.033691 0.043956
0 0.625977 0.633333 0.029297 0.043223
0 0.594727 0.633333 0.029297 0.043223
0 0.281982 0.632967 0.032715 0.042491
0 0.337402 0.493040 0.028320 0.042491
0 0.522949 0.493773 0.028320 0.043956
0 0.367920 0.493407 0.028809 0.043223
0 0.416016 0.539927 0.029297 0.043956
0 0.579102 0.586813 0.028320 0.043956
0 0.470459 0.633700 0.029785 0.043956
0 0.662598 0.541026 0.028320 0.043223
0 0.671875 0.587179 0.028320 0.043223
0 0.508789 0.539927 0.029297 0.043956
0 0.399414 0.493773 0.028320 0.042491
0 0.584473 0.494505 0.029297 0.042491
