0 0.574657 0.389794 0.060069 0.091767
0 0.626716 0.585334 0.061213 0.091767
0 0.543192 0.291166 0.060069 0.091767
0 0.215389 0.291166 0.060069 0.091767
0 0.561213 0.584906 0.060641 0.090909
0 0.313787 0.389365 0.061213 0.092624
0 0.528890 0.453688 0.943364 0.600343
0 0.927918 0.581904 0.145309 0.091767
0 0.606979 0.290738 0.060641 0.092624
0 0.967963 0.435678 0.065217 0.190395
0 0.868421 0.289022 0.058352 0.090909
0 0.103833 0.684391 0.061213 0.092624
0 0.266876 0.487993 0.060069 0.090909
0 0.705092 0.389794 0.061213 0.091767
0 0.820938 0.584048 0.060641 0.089194
0 0.509725 0.388937 0.060641 0.091767
0 0.641018 0.388508 0.060069 0.090909
0 0.789188 0.487136 0.060069 0.092624
0 0.094680 0.292024 0.041762 0.090051
0 0.444222 0.388508 0.060069 0.090909
0 0.918764 0.485420 0.059497 0.090909
0 0.110412 0.388937 0.074371 0.091767
0 0.430206 0.585334 0.060641 0.091767
0 0.691934 0.584048 0.060069 0.090909
0 0.345538 0.289880 0.059497 0.090909
0 0.247998 0.389794 0.060069 0.091767
0 0.280606 0.289880 0.061213 0.092624
0 0.835812 0.389365 0.060641 0.092624
0 0.724256 0.486278 0.059497 0.092624
0 0.476545 0.290309 0.060641 0.091767
0 0.724828 0.683105 0.060641 0.090051
0 0.952517 0.289451 0.096110 0.091767
0 0.300057 0.585334 0.060069 0.091767
0 0.901030 0.388079 0.059497 0.091767
0 0.411041 0.290309 0.061213 0.091767
0 0.149886 0.290738 0.059497 0.092624
0 0.462243 0.487136 0.059497 0.090909
0 0.379005 0.389794 0.061213 0.091767
0 0.168764 0.584906 0.060641 0.092624
0 0.300629 0.683533 0.060069 0.090909
0 0.495709 0.585334 0.062357 0.091767
0 0.854119 0.486278 0.059497 0.090909
0 0.182494 0.390223 0.062929 0.092624
0 0.770595 0.388937 0.060641 0.091767
0 0.528032 0.487564 0.059497 0.090051
0 0.119565 0.487564 0.092677 0.091767
0 0.331808 0.487993 0.060641 0.092624
0 0.593535 0.486707 0.060069 0.091767
0 0.757151 0.584048 0.060069 0.089194
0 0.737986 0.291166 0.060641 0.093482
0 0.397883 0.488422 0.060069 0.091767
0 0.234268 0.585334 0.060069 0.091767
0 0.803490 0.289880 0.060069 0.092624
0 0.103833 0.585763 0.060069 0.090909
0 0.512872 0.682676 0.355263 0.092624
0 0.659325 0.486278 0.060069 0.092624
0 0.789474 0.681818 0.060641 0.090909
0 0.201659 0.487564 0.060069 0.090051
0 0.365275 0.585334 0.061213 0.091767
0 0.672769 0.290309 0.060641 0.091767
