0 0.037338 0.457792 0.071429 0.119048
0 0.737825 0.073593 0.086039 0.090909
0 0.206169 0.465368 0.090909 0.121212
0 0.493506 0.334416 0.983766 0.664502
0 0.147727 0.188312 0.087662 0.103896
0 0.607955 0.046537 0.082792 0.088745
0 0.328734 0.294372 0.089286 0.108225
0 0.474026 0.114719 0.084416 0.099567
0 0.156656 0.086580 0.082792 0.095238
0 0.295455 0.032468 0.087662 0.060606
0 0.359578 0.079004 0.082792 0.097403
0 0.085227 0.124459 0.082792 0.097403
0 0.469968 0.217532 0.086039 0.101732
0 0.116883 0.303030 0.087662 0.108225
0 0.073052 0.226190 0.084416 0.106061
0 0.542208 0.080087 0.084416 0.095238
0 0.494318 0.029221 0.082792 0.054113
0 0.672078 0.107143 0.084416 0.093074
0 0.027597 0.158009 0.051948 0.099567
0 0.426948 0.047619 0.084416 0.090909
0 0.255682 0.334416 0.089286 0.110390
0 0.538961 0.181818 0.087662 0.099567
0 0.405844 0.150433 0.084416 0.097403
0 0.219156 0.152597 0.084416 0.097403
0 0.021916 0.260823 0.040584 0.106061
0 0.674513 0.029221 0.086039 0.054113
0 0.845779 0.047619 0.181818 0.090909
0 0.369318 0.018398 0.076299 0.032468
0 0.399351 0.255411 0.087662 0.108225
0 0.225649 0.053030 0.084416 0.097403
0 0.442370 0.344156 0.410714 0.294372
0 0.607143 0.143939 0.084416 0.097403
0 0.336039 0.188312 0.087662 0.103896
0 0.736201 0.175325 0.092532 0.103896
0 0.104708 0.415584 0.089286 0.112554
0 0.265422 0.224026 0.086039 0.106061
0 0.044643 0.341991 0.086039 0.112554
0 0.288961 0.115801 0.084416 0.097403
0 0.191558 0.262987 0.087662 0.106061
0 0.666396 0.213203 0.089286 0.101732
0 0.181006 0.374459 0.089286 0.112554
