0 0.570682 0.372525 0.057756 0.088284
0 0.620737 0.560644 0.058856 0.088284
0 0.540429 0.277640 0.057756 0.088284
0 0.225248 0.277640 0.057756 0.088284
0 0.557756 0.560231 0.058306 0.087459
0 0.319857 0.372112 0.058856 0.089109
0 0.536854 0.433993 0.927393 0.577558
0 0.918042 0.558168 0.155116 0.088284
0 0.601760 0.277228 0.058306 0.089109
0 0.955996 0.416667 0.077008 0.183168
0 0.853135 0.275578 0.056106 0.087459
0 0.117987 0.655941 0.058856 0.089109
0 0.274752 0.466997 0.057756 0.087459
0 0.696095 0.372525 0.058856 0.088284
0 0.807481 0.559406 0.058306 0.085809
0 0.508251 0.371700 0.058306 0.088284
0 0.634488 0.371287 0.057756 0.087459
0 0.776953 0.466172 0.057756 0.089109
0 0.109186 0.278465 0.040154 0.086634
0 0.445270 0.371287 0.057756 0.087459
0 0.901540 0.464521 0.057206 0.087459
0 0.124312 0.371700 0.071507 0.088284
0 0.431793 0.560644 0.058306 0.088284
0 0.683443 0.559406 0.057756 0.087459
0 0.350385 0.276403 0.057206 0.087459
0 0.256601 0.372525 0.057756 0.088284
0 0.287954 0.276403 0.058856 0.089109
0 0.821782 0.372112 0.058306 0.089109
0 0.714521 0.465347 0.057206 0.089109
0 0.476348 0.276815 0.058306 0.088284
0 0.715072 0.654703 0.058306 0.086634
0 0.941419 0.276815 0.106161 0.088284
0 0.306656 0.560644 0.057756 0.088284
0 0.884488 0.370875 0.057206 0.088284
0 0.413366 0.276815 0.058856 0.088284
0 0.162266 0.277228 0.057206 0.089109
0 0.462596 0.466172 0.057206 0.087459
0 0.382563 0.372525 0.058856 0.088284
0 0.180418 0.560231 0.058306 0.089109
0 0.307206 0.655116 0.057756 0.087459
0 0.494774 0.560644 0.059956 0.088284
0 0.839384 0.465347 0.057206 0.087459
0 0.193619 0.372937 0.060506 0.089109
0 0.759076 0.371700 0.058306 0.088284
0 0.525853 0.466584 0.057206 0.086634
0 0.133113 0.466584 0.089109 0.088284
0 0.337184 0.466997 0.058306 0.089109
0 0.588834 0.465759 0.057756 0.088284
0 0.746150 0.559406 0.057756 0.085809
0 0.727723 0.277640 0.058306 0.089934
0 0.400715 0.467409 0.057756 0.088284
0 0.243399 0.560644 0.057756 0.088284
0 0.790704 0.276403 0.057756 0.089109
0 0.117987 0.561056 0.057756 0.087459
0 0.511276 0.654290 0.341584 0.089109
0 0.652090 0.465347 0.057756 0.089109
0 0.777228 0.653465 0.058306 0.087459
0 0.212046 0.466584 0.057756 0.086634
0 0.369362 0.560644 0.058856 0.088284
0 0.665017 0.276815 0.058306 0.088284
