0 0.698177 0.404028 0.042188 0.063981
0 0.621875 0.471169 0.041667 0.063981
0 0.244792 0.539494 0.041667 0.064771
0 0.311719 0.472749 0.042188 0.063981
0 0.334375 0.539494 0.041667 0.063191
0 0.533333 0.471169 0.040625 0.063981
0 0.475260 0.607425 0.239063 0.064771
0 0.742188 0.404028 0.041667 0.063981
0 0.198698 0.540284 0.046354 0.061611
0 0.630469 0.337678 0.042188 0.063981
0 0.192969 0.338468 0.032813 0.062401
0 0.653906 0.404423 0.041146 0.063191
0 0.453385 0.338073 0.041146 0.063191
0 0.432031 0.404028 0.041146 0.062401
0 0.766667 0.537520 0.108333 0.063981
0 0.585677 0.338073 0.042188 0.063191
0 0.565365 0.404028 0.041146 0.063981
0 0.276562 0.338468 0.041667 0.062401
0 0.232292 0.338073 0.041667 0.063191
0 0.344010 0.405608 0.042188 0.063981
0 0.666667 0.471564 0.042708 0.064771
0 0.333594 0.608215 0.042188 0.063191
0 0.719531 0.336888 0.041146 0.062401
0 0.267188 0.472749 0.041667 0.062401
0 0.511198 0.539494 0.043229 0.064771
0 0.541667 0.338468 0.041667 0.063981
0 0.782031 0.337678 0.077604 0.063981
0 0.618490 0.607425 0.042188 0.064771
0 0.643750 0.537915 0.041667 0.061611
0 0.365104 0.338073 0.040625 0.063191
0 0.400521 0.471959 0.041667 0.063981
0 0.664844 0.606240 0.047396 0.065561
0 0.444792 0.471959 0.041667 0.063981
0 0.497396 0.338468 0.040625 0.062401
0 0.320573 0.338468 0.042188 0.063981
0 0.388281 0.406003 0.042188 0.063191
0 0.210156 0.471959 0.068229 0.062401
0 0.198698 0.607425 0.047396 0.064771
0 0.466667 0.539494 0.042708 0.063191
0 0.203646 0.405213 0.056250 0.063191
0 0.688021 0.537915 0.041667 0.061611
0 0.289583 0.539889 0.041667 0.063981
0 0.255469 0.405608 0.043229 0.063981
0 0.378125 0.539100 0.042708 0.063981
0 0.422656 0.539494 0.042188 0.063191
0 0.577865 0.471959 0.042188 0.063981
0 0.299740 0.405608 0.042188 0.063981
0 0.674740 0.338073 0.042188 0.063191
0 0.711198 0.471169 0.042188 0.063981
0 0.609635 0.404818 0.042188 0.063981
0 0.409115 0.338468 0.041146 0.062401
0 0.793750 0.437994 0.055208 0.131912
0 0.555208 0.539494 0.042708 0.064771
0 0.599740 0.538310 0.041146 0.063981
0 0.489063 0.471564 0.041667 0.063191
0 0.355990 0.472749 0.042188 0.063981
0 0.755208 0.470774 0.041667 0.064771
0 0.500000 0.456951 0.665625 0.406793
0 0.477083 0.404818 0.041667 0.063981
0 0.520833 0.404818 0.041667 0.063981
