0 0.161875 0.284167 0.063750 0.065000
0 0.792500 0.359167 0.047500 0.061667
0 0.651875 0.224167 0.046250 0.065000
0 0.246250 0.218333 0.047500 0.063333
0 0.515000 0.425000 0.047500 0.063333
0 0.591250 0.358333 0.047500 0.063333
0 0.550625 0.223333 0.046250 0.063333
0 0.440000 0.356667 0.047500 0.063333
0 0.716250 0.425833 0.047500 0.061667
0 0.825000 0.225000 0.087500 0.063333
0 0.742500 0.360000 0.047500 0.063333
0 0.778750 0.291667 0.047500 0.063333
0 0.691250 0.360000 0.047500 0.063333
0 0.678125 0.291667 0.046250 0.063333
0 0.753125 0.225000 0.046250 0.063333
0 0.636250 0.493333 0.047500 0.063333
0 0.273750 0.285833 0.047500 0.065000
0 0.805625 0.425833 0.123750 0.065000
0 0.375625 0.289167 0.046250 0.065000
0 0.325000 0.288333 0.047500 0.063333
0 0.500625 0.223333 0.046250 0.063333
0 0.297500 0.220000 0.047500 0.063333
0 0.490625 0.356667 0.046250 0.063333
0 0.154375 0.420833 0.053750 0.065000
0 0.477500 0.290000 0.047500 0.063333
0 0.261250 0.421667 0.047500 0.063333
0 0.465000 0.425000 0.047500 0.063333
0 0.503125 0.338333 0.771250 0.406667
0 0.627500 0.291667 0.047500 0.063333
0 0.689375 0.493333 0.053750 0.063333
0 0.363750 0.423333 0.047500 0.063333
0 0.222500 0.285833 0.050000 0.065000
0 0.565625 0.425833 0.048750 0.065000
0 0.641875 0.358333 0.046250 0.063333
0 0.615000 0.425000 0.047500 0.063333
0 0.450000 0.221667 0.047500 0.063333
0 0.148750 0.216667 0.037500 0.063333
0 0.235625 0.353333 0.048750 0.063333
0 0.415000 0.423333 0.047500 0.063333
0 0.209375 0.420833 0.048750 0.065000
0 0.194375 0.216667 0.046250 0.063333
0 0.577500 0.290833 0.047500 0.061667
0 0.600625 0.223333 0.046250 0.063333
0 0.666250 0.425833 0.047500 0.061667
0 0.398750 0.221667 0.047500 0.063333
0 0.540625 0.358333 0.046250 0.063333
0 0.836875 0.325833 0.063750 0.131667
0 0.153750 0.488333 0.057500 0.066667
0 0.701875 0.225000 0.046250 0.063333
0 0.474375 0.490833 0.271250 0.065000
0 0.425625 0.289167 0.046250 0.065000
0 0.389375 0.355000 0.046250 0.063333
0 0.311875 0.490833 0.048750 0.061667
0 0.168125 0.351667 0.078750 0.063333
0 0.728750 0.291667 0.047500 0.063333
0 0.287500 0.355000 0.047500 0.063333
0 0.338750 0.355833 0.047500 0.065000
0 0.348125 0.220000 0.046250 0.063333
0 0.527500 0.290833 0.047500 0.065000
0 0.313750 0.421667 0.047500 0.063333
