0 0.520625 0.246250 0.048750 0.065833
0 0.745938 0.245000 0.078125 0.065000
0 0.095937 0.243333 0.049375 0.065000
0 0.050313 0.244167 0.035625 0.063333
0 0.547500 0.315833 0.050000 0.065000
0 0.442500 0.315417 0.050000 0.067500
0 0.455625 0.384583 0.048750 0.065833
0 0.678438 0.245000 0.048125 0.065000
0 0.048125 0.527500 0.052500 0.068333
0 0.121250 0.313750 0.052500 0.067500
0 0.416250 0.246250 0.050000 0.065833
0 0.268125 0.455417 0.051250 0.069167
0 0.402813 0.385000 0.049375 0.066667
0 0.375937 0.455000 0.051875 0.066667
0 0.159375 0.455000 0.051250 0.068333
0 0.600313 0.315417 0.049375 0.065833
0 0.061250 0.312917 0.063750 0.065833
0 0.104688 0.455000 0.051875 0.068333
0 0.560937 0.385000 0.049375 0.066667
0 0.229063 0.314167 0.050625 0.066667
0 0.605000 0.525417 0.051250 0.067500
0 0.132812 0.383750 0.050625 0.067500
0 0.481875 0.455417 0.051250 0.067500
0 0.214062 0.455417 0.051875 0.067500
0 0.468125 0.246250 0.048750 0.065833
0 0.202813 0.244167 0.050625 0.065000
0 0.389688 0.315000 0.050625 0.066667
0 0.587500 0.454167 0.051250 0.065000
0 0.241250 0.385000 0.051250 0.066667
0 0.065937 0.382917 0.076875 0.067500
0 0.639687 0.454167 0.049375 0.065000
0 0.759687 0.348750 0.053125 0.134167
0 0.495312 0.315000 0.049375 0.065000
0 0.551875 0.525833 0.050000 0.066667
0 0.613750 0.385417 0.050000 0.065833
0 0.309688 0.244583 0.049375 0.064167
0 0.573438 0.246667 0.049375 0.066667
0 0.322500 0.455000 0.051250 0.068333
0 0.508437 0.385000 0.049375 0.066667
0 0.187500 0.384583 0.051250 0.067500
0 0.149375 0.243750 0.051250 0.064167
0 0.719063 0.383750 0.049375 0.065833
0 0.282500 0.314167 0.050000 0.066667
0 0.212500 0.527917 0.051250 0.067500
0 0.050313 0.455000 0.050625 0.066667
0 0.729375 0.453333 0.121250 0.066667
0 0.349062 0.385000 0.050625 0.066667
0 0.625313 0.245833 0.049375 0.065000
0 0.534687 0.454583 0.049375 0.065833
0 0.429375 0.455417 0.051250 0.067500
0 0.667188 0.384583 0.049375 0.065833
0 0.336250 0.313750 0.050000 0.065833
0 0.652500 0.315000 0.050000 0.066667
0 0.705625 0.314167 0.048750 0.065000
0 0.382500 0.525833 0.282500 0.068333
0 0.362812 0.245000 0.049375 0.065000
0 0.501250 0.365833 0.970000 0.423333
0 0.256250 0.243750 0.048750 0.064167
0 0.175000 0.313333 0.050000 0.066667
0 0.295625 0.384583 0.050000 0.065833
