0 0.575228 0.706307 0.030902 0.046353
0 0.277356 0.607903 0.049139 0.045593
0 0.472391 0.560410 0.029889 0.044833
0 0.641337 0.608663 0.029382 0.045593
0 0.294326 0.512538 0.029382 0.044833
0 0.319149 0.608663 0.030395 0.045593
0 0.700861 0.584347 0.039007 0.092705
0 0.681358 0.655775 0.077001 0.045593
0 0.351064 0.608663 0.030395 0.045593
0 0.415907 0.608283 0.029382 0.044833
0 0.608663 0.705927 0.033941 0.045593
0 0.561550 0.656535 0.029889 0.045593
0 0.512918 0.608663 0.029889 0.045593
0 0.535968 0.559650 0.029382 0.044833
0 0.487082 0.512158 0.028875 0.044073
0 0.647163 0.512538 0.028875 0.043313
0 0.490122 0.601064 0.492908 0.284195
0 0.310537 0.559271 0.031408 0.045593
0 0.529129 0.657675 0.030902 0.046353
0 0.448075 0.608663 0.029889 0.045593
0 0.614488 0.513298 0.029382 0.043313
0 0.432118 0.657295 0.030395 0.045593
0 0.335106 0.657675 0.029889 0.046353
0 0.399949 0.657675 0.030902 0.046353
0 0.480750 0.608663 0.030395 0.045593
0 0.439716 0.559650 0.029382 0.044833
0 0.545086 0.608663 0.030395 0.045593
0 0.383992 0.609043 0.030395 0.046353
0 0.366768 0.705927 0.030395 0.045593
0 0.632472 0.560410 0.029889 0.044833
0 0.568642 0.560410 0.029889 0.044833
0 0.454914 0.512158 0.028369 0.044073
0 0.273050 0.560030 0.040527 0.045593
0 0.342958 0.559271 0.030395 0.045593
0 0.375127 0.560030 0.029889 0.045593
0 0.599797 0.560030 0.029382 0.044073
0 0.422492 0.513298 0.029382 0.044833
0 0.691743 0.513298 0.053191 0.044833
0 0.266211 0.511398 0.023810 0.044073
0 0.301925 0.656915 0.030395 0.046353
0 0.497214 0.657675 0.030902 0.046353
0 0.609422 0.608663 0.030395 0.045593
0 0.550659 0.512158 0.029382 0.044073
0 0.367275 0.657675 0.030395 0.046353
0 0.470618 0.706307 0.173252 0.046353
0 0.267730 0.705167 0.034954 0.045593
0 0.625633 0.656915 0.030395 0.044833
0 0.593212 0.656915 0.030395 0.044833
0 0.268744 0.656535 0.033941 0.044073
0 0.326241 0.511398 0.029382 0.044073
0 0.518744 0.512158 0.029382 0.045593
0 0.357903 0.511778 0.029889 0.044833
0 0.407801 0.560030 0.030395 0.045593
0 0.577001 0.608663 0.029382 0.045593
0 0.464286 0.657295 0.030902 0.045593
0 0.663627 0.561170 0.029382 0.044833
0 0.673252 0.609043 0.029382 0.044833
0 0.504053 0.560030 0.030395 0.045593
0 0.390578 0.512158 0.029382 0.044073
0 0.582573 0.512918 0.030395 0.044073
