0 0.760625 0.365833 0.051250 0.068333
0 0.258750 0.294583 0.051250 0.069167
0 0.744687 0.293333 0.051875 0.068333
0 0.204375 0.295000 0.053750 0.068333
0 0.847812 0.220417 0.094375 0.067500
0 0.715938 0.221667 0.051875 0.068333
0 0.829063 0.436250 0.134375 0.069167
0 0.731563 0.436667 0.051875 0.066667
0 0.490000 0.366667 0.050000 0.068333
0 0.368125 0.295000 0.051250 0.068333
0 0.246562 0.437917 0.051875 0.067500
0 0.219062 0.366250 0.051875 0.067500
0 0.646875 0.510000 0.051250 0.068333
0 0.505000 0.345000 0.828750 0.430000
0 0.134063 0.510833 0.058125 0.070000
0 0.446562 0.222917 0.050625 0.069167
0 0.338438 0.222500 0.050625 0.068333
0 0.176250 0.222083 0.051250 0.067500
0 0.382812 0.366667 0.050625 0.068333
0 0.814688 0.364167 0.050625 0.068333
0 0.190938 0.437917 0.051875 0.067500
0 0.133750 0.438333 0.055000 0.066667
0 0.528125 0.295000 0.051250 0.068333
0 0.500625 0.223333 0.051250 0.068333
0 0.635938 0.294167 0.051875 0.068333
0 0.313437 0.295417 0.051875 0.069167
0 0.597187 0.366250 0.051875 0.067500
0 0.799063 0.292500 0.050625 0.068333
0 0.392500 0.222917 0.051250 0.069167
0 0.473438 0.510000 0.289375 0.068333
0 0.148125 0.365833 0.082500 0.068333
0 0.770625 0.220833 0.050000 0.066667
0 0.300625 0.510833 0.051250 0.068333
0 0.435937 0.367083 0.050625 0.069167
0 0.355938 0.438750 0.051875 0.069167
0 0.284375 0.222500 0.051250 0.068333
0 0.301875 0.438750 0.051250 0.067500
0 0.623437 0.437083 0.050625 0.067500
0 0.690312 0.293750 0.050625 0.067500
0 0.140937 0.294167 0.066875 0.068333
0 0.273438 0.366667 0.051875 0.068333
0 0.569688 0.438333 0.051875 0.068333
0 0.543750 0.366250 0.050000 0.067500
0 0.677500 0.436667 0.051250 0.066667
0 0.128125 0.222500 0.040000 0.066667
0 0.463125 0.438333 0.051250 0.066667
0 0.607500 0.222083 0.051250 0.069167
0 0.705313 0.365833 0.051875 0.068333
0 0.661563 0.222083 0.050625 0.069167
0 0.703750 0.509583 0.057500 0.067500
0 0.582187 0.294167 0.050625 0.066667
0 0.651250 0.365417 0.051250 0.067500
0 0.420938 0.294583 0.050625 0.067500
0 0.862187 0.328750 0.068125 0.140833
0 0.328125 0.367083 0.051250 0.069167
0 0.553750 0.222917 0.050000 0.069167
0 0.516250 0.437917 0.051250 0.067500
0 0.409687 0.438333 0.051875 0.068333
0 0.230625 0.222083 0.051250 0.067500
0 0.474687 0.295000 0.050625 0.068333
