0 0.620796 0.748737 0.034193 0.051347
0 0.291200 0.639731 0.054372 0.050505
0 0.507007 0.587121 0.033072 0.049663
0 0.693946 0.640572 0.032511 0.050505
0 0.309978 0.534091 0.032511 0.049663
0 0.337444 0.640572 0.033632 0.050505
0 0.759809 0.613636 0.043161 0.102694
0 0.738229 0.692761 0.085202 0.050505
0 0.372758 0.640572 0.033632 0.050505
0 0.444507 0.640152 0.032511 0.049663
0 0.657791 0.748316 0.037556 0.050505
0 0.605661 0.693603 0.033072 0.050505
0 0.551850 0.640572 0.033072 0.050505
0 0.577354 0.586279 0.032511 0.049663
0 0.523262 0.533670 0.031951 0.048822
0 0.700392 0.534091 0.031951 0.047980
0 0.526626 0.632155 0.545404 0.314815
0 0.327915 0.585859 0.034753 0.050505
0 0.569787 0.694865 0.034193 0.051347
0 0.480101 0.640572 0.033072 0.050505
0 0.664238 0.534933 0.032511 0.047980
0 0.462444 0.694444 0.033632 0.050505
0 0.355101 0.694865 0.033072 0.051347
0 0.426850 0.694865 0.034193 0.051347
0 0.516256 0.640572 0.033632 0.050505
0 0.470852 0.586279 0.032511 0.049663
0 0.587444 0.640572 0.033632 0.050505
0 0.409193 0.640993 0.033632 0.051347
0 0.390135 0.748316 0.033632 0.050505
0 0.684137 0.587121 0.033072 0.049663
0 0.613509 0.587121 0.033072 0.049663
0 0.487668 0.533670 0.031390 0.048822
0 0.286435 0.586700 0.044843 0.050505
0 0.363789 0.585859 0.033632 0.050505
0 0.399383 0.586700 0.033072 0.050505
0 0.647982 0.586700 0.032511 0.048822
0 0.451794 0.534933 0.032511 0.049663
0 0.749720 0.534933 0.058857 0.049663
0 0.278868 0.532828 0.026345 0.048822
0 0.318386 0.694024 0.033632 0.051347
0 0.534473 0.694865 0.034193 0.051347
0 0.658632 0.640572 0.033632 0.050505
0 0.593610 0.533670 0.032511 0.048822
0 0.390695 0.694865 0.033632 0.051347
0 0.505045 0.748737 0.191704 0.051347
0 0.280549 0.747475 0.038677 0.050505
0 0.676570 0.694024 0.033632 0.049663
0 0.640695 0.694024 0.033632 0.049663
0 0.281670 0.693603 0.037556 0.048822
0 0.345291 0.532828 0.032511 0.048822
0 0.558296 0.533670 0.032511 0.050505
0 0.380325 0.533249 0.033072 0.049663
0 0.435538 0.586700 0.033632 0.050505
0 0.622758 0.640572 0.032511 0.050505
0 0.498038 0.694444 0.034193 0.050505
0 0.718610 0.587963 0.032511 0.049663
0 0.729260 0.640993 0.032511 0.049663
0 0.542040 0.586700 0.033632 0.050505
0 0.416480 0.533670 0.032511 0.048822
0 0.628924 0.534512 0.033632 0.048822
