0 0.720052 0.415087 0.042188 0.063981
0 0.643750 0.482227 0.041667 0.063981
0 0.266667 0.550553 0.041667 0.064771
0 0.333594 0.483807 0.042188 0.063981
0 0.356250 0.550553 0.041667 0.063191
0 0.555208 0.482227 0.040625 0.063981
0 0.497135 0.618483 0.239063 0.064771
0 0.764062 0.415087 0.041667 0.063981
0 0.220573 0.551343 0.046354 0.061611
0 0.652344 0.348736 0.042188 0.063981
0 0.214844 0.349526 0.032813 0.062401
0 0.675781 0.415482 0.041146 0.063191
0 0.475260 0.349131 0.041146 0.063191
0 0.453906 0.415087 0.041146 0.062401
0 0.788542 0.548578 0.108333 0.063981
0 0.607552 0.349131 0.042188 0.063191
0 0.587240 0.415087 0.041146 0.063981
0 0.298438 0.349526 0.041667 0.062401
0 0.254167 0.349131 0.041667 0.063191
0 0.365885 0.416667 0.042188 0.063981
0 0.688542 0.482622 0.042708 0.064771
0 0.355469 0.619273 0.042188 0.063191
0 0.741406 0.347946 0.041146 0.062401
0 0.289062 0.483807 0.041667 0.062401
0 0.533073 0.550553 0.043229 0.064771
0 0.563542 0.349526 0.041667 0.063981
0 0.803906 0.348736 0.077604 0.063981
0 0.640365 0.618483 0.042188 0.064771
0 0.665625 0.548973 0.041667 0.061611
0 0.386979 0.349131 0.040625 0.063191
0 0.422396 0.483017 0.041667 0.063981
0 0.686719 0.617299 0.047396 0.065561
0 0.466667 0.483017 0.041667 0.063981
0 0.519271 0.349526 0.040625 0.062401
0 0.342448 0.349526 0.042188 0.063981
0 0.410156 0.417062 0.042188 0.063191
0 0.232031 0.483017 0.068229 0.062401
0 0.220573 0.618483 0.047396 0.064771
0 0.488542 0.550553 0.042708 0.063191
0 0.225521 0.416272 0.056250 0.063191
0 0.709896 0.548973 0.041667 0.061611
0 0.311458 0.550948 0.041667 0.063981
0 0.277344 0.416667 0.043229 0.063981
0 0.400000 0.550158 0.042708 0.063981
0 0.444531 0.550553 0.042188 0.063191
0 0.599740 0.483017 0.042188 0.063981
0 0.321615 0.416667 0.042188 0.063981
0 0.696615 0.349131 0.042188 0.063191
0 0.733073 0.482227 0.042188 0.063981
0 0.631510 0.415877 0.042188 0.063981
0 0.430990 0.349526 0.041146 0.062401
0 0.815625 0.449052 0.055208 0.131912
0 0.577083 0.550553 0.042708 0.064771
0 0.621615 0.549368 0.041146 0.063981
0 0.510938 0.482622 0.041667 0.063191
0 0.377865 0.483807 0.042188 0.063981
0 0.777083 0.481833 0.041667 0.064771
0 0.521875 0.468009 0.665625 0.406793
0 0.498958 0.415877 0.041667 0.063981
0 0.542708 0.415877 0.041667 0.063981
