0 0.610000 0.771102 0.106250 0.080114
0 0.491875 0.773247 0.035000 0.084406
0 0.229375 0.500000 0.032500 0.084406
0 0.240000 0.782546 0.035000 0.085837
0 0.641875 0.864092 0.045000 0.085837
0 0.366875 0.776824 0.037500 0.091559
0 0.187812 0.497854 0.039375 0.085837
0 0.438750 0.492847 0.035000 0.090129
0 0.563125 0.487124 0.033750 0.084406
0 0.387188 0.679542 0.034375 0.082976
0 0.294687 0.589413 0.038125 0.085837
0 0.542188 0.582976 0.034375 0.081545
0 0.512500 0.679542 0.036250 0.085837
0 0.115000 0.783977 0.036250 0.082976
0 0.066562 0.784692 0.040625 0.075823
0 0.397813 0.493562 0.038125 0.094421
0 0.196875 0.782546 0.035000 0.082976
0 0.335000 0.588698 0.033750 0.084406
0 0.155625 0.784692 0.033750 0.081545
0 0.076563 0.596567 0.054375 0.082976
0 0.210625 0.592990 0.038750 0.084406
0 0.355938 0.494993 0.035625 0.091559
0 0.272500 0.499285 0.042500 0.085837
0 0.470313 0.680258 0.036875 0.087268
0 0.460000 0.586552 0.035000 0.082976
0 0.408750 0.777539 0.038750 0.092990
0 0.166875 0.595136 0.036250 0.082976
0 0.501250 0.583691 0.032500 0.080114
0 0.624687 0.483548 0.075625 0.085837
0 0.532188 0.771817 0.034375 0.084406
0 0.134375 0.690272 0.036250 0.078684
0 0.304688 0.683834 0.034375 0.085837
0 0.123750 0.595136 0.033750 0.082976
0 0.143437 0.498569 0.033125 0.084406
0 0.060625 0.500000 0.028750 0.075823
0 0.281562 0.779685 0.035625 0.085837
0 0.172500 0.879828 0.047500 0.088698
0 0.315000 0.494993 0.041250 0.091559
0 0.252812 0.590129 0.038125 0.081545
0 0.219688 0.687411 0.034375 0.081545
0 0.521563 0.492132 0.034375 0.085837
0 0.177187 0.687411 0.036875 0.081545
0 0.480000 0.490701 0.036250 0.091559
0 0.261875 0.683119 0.035000 0.081545
0 0.486250 0.869099 0.047500 0.090129
0 0.584063 0.582976 0.034375 0.084406
0 0.419375 0.586552 0.033750 0.080114
0 0.346250 0.682403 0.036250 0.085837
0 0.100625 0.500000 0.035000 0.081545
0 0.078437 0.692418 0.059375 0.082976
0 0.067187 0.889127 0.045625 0.095851
0 0.513750 0.628040 0.966250 0.649499
0 0.450000 0.775393 0.033750 0.088698
0 0.376875 0.587268 0.036250 0.081545
0 0.595000 0.675966 0.035000 0.087268
0 0.325625 0.778255 0.037500 0.085837
0 0.430000 0.680973 0.036250 0.085837
0 0.636250 0.630901 0.053750 0.177396
0 0.553750 0.678112 0.035000 0.085837
0 0.327188 0.881259 0.259375 0.094421
