0 0.280384 0.854054 0.283582 0.108108
0 0.457356 0.736486 0.036247 0.094595
0 0.206823 0.620270 0.036247 0.094595
0 0.491471 0.391892 0.038380 0.097297
0 0.309168 0.391892 0.038380 0.097297
0 0.502132 0.737838 0.038380 0.097297
0 0.525586 0.621622 0.038380 0.097297
0 0.622601 0.854054 0.049041 0.097297
0 0.536780 0.390541 0.037313 0.094595
0 0.468550 0.505405 0.037313 0.097297
0 0.365672 0.735135 0.038380 0.097297
0 0.014925 0.502703 0.027719 0.091892
0 0.320362 0.735135 0.037313 0.097297
0 0.263859 0.391892 0.039446 0.097297
0 0.218017 0.391892 0.037313 0.097297
0 0.021322 0.620270 0.040512 0.094595
0 0.138593 0.735135 0.038380 0.097297
0 0.229744 0.733784 0.037313 0.094595
0 0.343284 0.618919 0.036247 0.097297
0 0.451493 0.854054 0.050107 0.097297
0 0.377932 0.504054 0.035181 0.094595
0 0.195096 0.504054 0.038380 0.094595
0 0.275053 0.733784 0.038380 0.094595
0 0.013326 0.850000 0.024520 0.100000
0 0.588486 0.737838 0.117271 0.097297
0 0.125800 0.390541 0.036247 0.094595
0 0.332090 0.505405 0.037313 0.097297
0 0.559701 0.506757 0.036247 0.100000
0 0.045309 0.735135 0.039446 0.097297
0 0.068763 0.618919 0.037313 0.097297
0 0.092217 0.733784 0.037313 0.094595
0 0.240938 0.504054 0.036247 0.094595
0 0.479744 0.621622 0.038380 0.097297
0 0.114606 0.618919 0.037313 0.097297
0 0.615672 0.559459 0.060768 0.216216
0 0.513859 0.506757 0.036247 0.100000
0 0.297441 0.620270 0.036247 0.094595
0 0.501066 0.548649 1.000000 0.881081
0 0.388593 0.620270 0.037313 0.100000
0 0.172175 0.390541 0.037313 0.094595
0 0.434435 0.620270 0.037313 0.094595
0 0.354478 0.393243 0.039446 0.100000
0 0.159915 0.618919 0.038380 0.097297
0 0.400320 0.391892 0.037313 0.097297
0 0.012793 0.733784 0.023454 0.094595
0 0.606077 0.389189 0.082090 0.091892
0 0.034648 0.389189 0.035181 0.091892
0 0.183369 0.733784 0.038380 0.094595
0 0.079957 0.390541 0.038380 0.094595
0 0.286247 0.504054 0.037313 0.094595
0 0.149254 0.504054 0.038380 0.100000
0 0.422708 0.505405 0.037313 0.097297
0 0.446162 0.393243 0.039446 0.100000
0 0.109275 0.851351 0.050107 0.097297
0 0.009595 0.387838 0.017058 0.089189
0 0.102878 0.504054 0.037313 0.100000
0 0.570896 0.621622 0.037313 0.097297
0 0.251599 0.620270 0.038380 0.094595
0 0.057036 0.504054 0.037313 0.094595
0 0.410981 0.736486 0.037313 0.100000
