0 0.185185 0.290730 0.020434 0.042135
0 0.461686 0.437500 0.031928 0.046348
0 0.323116 0.252107 0.021711 0.032303
0 0.237867 0.380618 0.021073 0.039326
0 0.331737 0.293539 0.019796 0.039326
0 0.283206 0.334270 0.021073 0.039326
0 0.334610 0.340590 0.021711 0.035112
0 0.307471 0.294242 0.019796 0.037921
0 0.465837 0.320927 0.031290 0.082865
0 0.423052 0.252107 0.018519 0.035112
0 0.308429 0.337781 0.020434 0.037921
0 0.393040 0.346208 0.614943 0.352528
0 0.138250 0.379213 0.022350 0.039326
0 0.367178 0.389045 0.020434 0.036517
0 0.384419 0.343399 0.021711 0.037921
0 0.111430 0.377107 0.027458 0.035112
0 0.432312 0.299157 0.020434 0.042135
0 0.157727 0.246489 0.017880 0.035112
0 0.212963 0.380618 0.021073 0.036517
0 0.298212 0.250000 0.020434 0.033708
0 0.233716 0.293539 0.020434 0.036517
0 0.179757 0.245084 0.018519 0.032303
0 0.460409 0.254213 0.044700 0.033708
0 0.406769 0.298455 0.021711 0.037921
0 0.183269 0.334972 0.021711 0.037921
0 0.159642 0.334972 0.021711 0.035112
0 0.382184 0.296348 0.019796 0.039326
0 0.164432 0.431180 0.030013 0.053371
0 0.443487 0.388343 0.069604 0.032303
0 0.393040 0.389747 0.019796 0.032303
0 0.289272 0.382022 0.021711 0.042135
0 0.257982 0.292837 0.020434 0.035112
0 0.131865 0.291433 0.031290 0.037921
0 0.202746 0.247893 0.017241 0.032303
0 0.340996 0.385534 0.022989 0.040730
0 0.358876 0.339185 0.021711 0.040730
0 0.207854 0.335674 0.021073 0.036517
0 0.261175 0.436798 0.160920 0.056180
0 0.208493 0.292135 0.022350 0.039326
0 0.188378 0.378511 0.021711 0.037921
0 0.133461 0.244382 0.017880 0.036517
0 0.315453 0.385534 0.021711 0.040730
0 0.161558 0.291433 0.021711 0.040730
0 0.126117 0.334270 0.037676 0.033708
0 0.275543 0.249298 0.017241 0.037921
0 0.162835 0.379213 0.021711 0.036517
0 0.251277 0.247893 0.017241 0.035112
0 0.357280 0.295646 0.021073 0.037921
0 0.232759 0.334270 0.021073 0.039326
0 0.372286 0.251404 0.021711 0.033708
0 0.360153 0.437500 0.028097 0.040730
0 0.226054 0.247893 0.017880 0.035112
0 0.257663 0.337079 0.019796 0.036517
0 0.101533 0.430478 0.029374 0.051966
0 0.347382 0.252809 0.020434 0.033708
0 0.409004 0.341994 0.023627 0.043539
0 0.263729 0.381320 0.022989 0.040730
0 0.435504 0.341994 0.021711 0.046348
0 0.398467 0.251404 0.020434 0.036517
0 0.282567 0.293539 0.019796 0.036517
