0 0.558931 0.788424 0.038799 0.043774
0 0.263177 0.594358 0.027086 0.042802
0 0.690337 0.664883 0.048316 0.092412
0 0.380673 0.738813 0.027818 0.041829
0 0.372987 0.593872 0.028551 0.041829
0 0.572474 0.641537 0.027818 0.041829
0 0.232430 0.740272 0.028551 0.042802
0 0.191069 0.741245 0.036603 0.040856
0 0.581991 0.689689 0.029283 0.042802
0 0.697291 0.788424 0.038799 0.043774
0 0.546120 0.689689 0.027818 0.042802
0 0.390922 0.642023 0.026354 0.042802
0 0.399707 0.690175 0.027818 0.041829
0 0.417643 0.739786 0.028551 0.041829
0 0.472914 0.689689 0.027818 0.042802
0 0.501098 0.641051 0.027086 0.040856
0 0.307101 0.740272 0.027086 0.042802
0 0.289898 0.690661 0.026354 0.042802
0 0.454246 0.738813 0.028551 0.041829
0 0.421303 0.789883 0.224744 0.046693
0 0.189605 0.790856 0.036603 0.042802
0 0.618594 0.689689 0.029283 0.042802
0 0.336384 0.593385 0.027086 0.040856
0 0.244876 0.643482 0.028551 0.041829
0 0.536603 0.641051 0.027818 0.042802
0 0.464495 0.641051 0.027086 0.042802
0 0.482430 0.594358 0.027818 0.042802
0 0.527452 0.738813 0.027086 0.043774
0 0.510249 0.689689 0.027818 0.042802
0 0.626281 0.592899 0.027086 0.039883
0 0.202416 0.692121 0.054905 0.041829
0 0.669107 0.738327 0.092240 0.042802
0 0.644949 0.641051 0.027818 0.042802
0 0.446193 0.593385 0.027086 0.040856
0 0.590776 0.593385 0.027818 0.042802
0 0.654100 0.689689 0.027086 0.042802
0 0.491215 0.738813 0.029283 0.041829
0 0.281845 0.789883 0.038067 0.042802
0 0.226940 0.594358 0.026354 0.042802
0 0.281479 0.642510 0.027086 0.041829
0 0.326135 0.691634 0.027086 0.042802
0 0.599927 0.737840 0.028551 0.041829
0 0.608712 0.642023 0.030015 0.042802
0 0.354685 0.642510 0.028551 0.041829
0 0.363470 0.690175 0.027086 0.041829
0 0.343704 0.739786 0.028551 0.043774
0 0.581625 0.661479 0.838214 0.330739
0 0.299780 0.593872 0.027086 0.041829
0 0.199488 0.642996 0.043192 0.040856
0 0.554905 0.593385 0.027818 0.042802
0 0.436310 0.690175 0.027818 0.041829
0 0.427526 0.642023 0.027818 0.042802
0 0.270132 0.740272 0.027818 0.042802
0 0.190703 0.595331 0.025622 0.040856
0 0.252928 0.691148 0.027086 0.041829
0 0.564422 0.737840 0.027818 0.043774
0 0.409224 0.593872 0.027818 0.041829
0 0.680454 0.592412 0.063690 0.040856
0 0.519034 0.592412 0.027818 0.042802
0 0.318814 0.642023 0.027086 0.042802
