0 0.223307 0.589286 0.042480 0.078571
0 0.335821 0.590306 0.040184 0.078571
0 0.456659 0.400510 0.040758 0.082653
0 0.590413 0.497449 0.038462 0.076531
0 0.311137 0.688776 0.041332 0.075510
0 0.431114 0.495918 0.039036 0.077551
0 0.196326 0.688265 0.042480 0.078571
0 0.165040 0.587755 0.043054 0.079592
0 0.658726 0.591837 0.038462 0.075510
0 0.106200 0.589286 0.043628 0.080612
0 0.265786 0.491837 0.041332 0.079592
0 0.562572 0.402041 0.041332 0.081633
0 0.553674 0.592857 0.038462 0.077551
0 0.635763 0.686735 0.040758 0.073469
0 0.026980 0.486735 0.052813 0.081633
0 0.321757 0.493367 0.039610 0.078571
0 0.445465 0.592857 0.039036 0.079592
0 0.150115 0.489796 0.043054 0.081633
0 0.390930 0.591327 0.040184 0.078571
0 0.136912 0.689286 0.043054 0.078571
0 0.759759 0.544898 0.069460 0.171429
0 0.012055 0.385714 0.022962 0.083673
0 0.208094 0.491837 0.041906 0.081633
0 0.538749 0.496939 0.039610 0.075510
0 0.091848 0.490306 0.044776 0.082653
0 0.500287 0.590816 0.039610 0.077551
0 0.060850 0.387245 0.043628 0.080612
0 0.643226 0.498469 0.038462 0.076531
0 0.120838 0.389796 0.044202 0.083673
0 0.280425 0.590816 0.040758 0.079592
0 0.606200 0.592857 0.040184 0.077551
0 0.743685 0.405102 0.086682 0.077551
0 0.292480 0.395408 0.041906 0.082653
0 0.371125 0.788776 0.340413 0.085714
0 0.178243 0.392857 0.043054 0.083673
0 0.582664 0.686735 0.039036 0.073469
0 0.694891 0.499490 0.038462 0.078571
0 0.510046 0.401531 0.040758 0.082653
0 0.376579 0.493367 0.039036 0.076531
0 0.365959 0.687245 0.041906 0.076531
0 0.019231 0.791327 0.037313 0.082653
0 0.500574 0.554082 1.000000 0.687755
0 0.475603 0.687245 0.040758 0.076531
0 0.776119 0.781122 0.055109 0.074490
0 0.421068 0.686735 0.040758 0.075510
0 0.733065 0.687755 0.129736 0.073469
0 0.710964 0.593878 0.039610 0.077551
0 0.579506 0.784694 0.054535 0.077551
0 0.253444 0.687245 0.041906 0.076531
0 0.402698 0.398469 0.040758 0.080612
0 0.076349 0.689286 0.044776 0.082653
0 0.348163 0.396939 0.041906 0.081633
0 0.158726 0.788776 0.059127 0.077551
0 0.485649 0.494388 0.037887 0.074490
0 0.019805 0.689286 0.038462 0.080612
0 0.667049 0.403571 0.037887 0.078571
0 0.528990 0.686224 0.039610 0.076531
0 0.235649 0.392347 0.041906 0.080612
0 0.614524 0.404082 0.040758 0.081633
0 0.034730 0.588776 0.068312 0.079592
