0 0.551613 0.553326 0.030968 0.063073
0 0.214194 0.548739 0.032258 0.065367
0 0.500323 0.478211 0.031613 0.061927
0 0.120000 0.472477 0.033548 0.064220
0 0.247742 0.472477 0.033548 0.059633
0 0.319677 0.623853 0.032903 0.061927
0 0.396129 0.402523 0.032258 0.064220
0 0.562903 0.404243 0.030323 0.058486
0 0.489032 0.625573 0.030968 0.060780
0 0.290000 0.474771 0.031613 0.061927
0 0.541935 0.479931 0.032258 0.063073
0 0.507419 0.522936 0.986452 0.520642
0 0.098387 0.395069 0.031613 0.063073
0 0.332258 0.474771 0.030968 0.061927
0 0.311613 0.399656 0.032258 0.063073
0 0.361935 0.623853 0.032258 0.061927
0 0.190968 0.622133 0.032258 0.060780
0 0.069355 0.547592 0.065161 0.065367
0 0.171290 0.547018 0.032903 0.064220
0 0.468710 0.551606 0.030323 0.064220
0 0.320645 0.706422 0.260645 0.077982
0 0.128065 0.547592 0.031613 0.065367
0 0.482258 0.702408 0.043226 0.060780
0 0.375161 0.476491 0.032903 0.065367
0 0.163226 0.472477 0.034839 0.064220
0 0.437419 0.401376 0.032258 0.061927
0 0.276774 0.623280 0.032258 0.063073
0 0.353871 0.400229 0.031613 0.061927
0 0.521613 0.404243 0.031613 0.060780
0 0.269355 0.399656 0.032903 0.063073
0 0.056452 0.395642 0.031613 0.059633
0 0.160645 0.697821 0.045161 0.058486
0 0.299355 0.549885 0.030968 0.063073
0 0.384194 0.551032 0.030323 0.065367
0 0.583226 0.479931 0.032258 0.065367
0 0.183226 0.397362 0.033548 0.063073
0 0.624839 0.404817 0.072903 0.059633
0 0.233871 0.622706 0.032903 0.059633
0 0.635806 0.518349 0.050968 0.142202
0 0.510323 0.552179 0.030968 0.063073
0 0.226774 0.397362 0.031613 0.060780
0 0.416774 0.476491 0.032258 0.063073
0 0.342258 0.549885 0.031613 0.063073
0 0.446774 0.625000 0.030323 0.061927
0 0.204839 0.474197 0.032903 0.063073
0 0.055161 0.622706 0.045806 0.059633
0 0.593548 0.553899 0.030968 0.061927
0 0.404516 0.625000 0.032258 0.061927
0 0.147742 0.622133 0.032258 0.060780
0 0.066452 0.472477 0.054194 0.064220
0 0.609677 0.630161 0.105806 0.063073
0 0.479677 0.403670 0.032903 0.061927
0 0.051935 0.696674 0.045806 0.058486
0 0.141290 0.395642 0.032258 0.061927
0 0.426129 0.551032 0.031613 0.063073
0 0.530968 0.626720 0.030968 0.060780
0 0.256774 0.549312 0.032258 0.064220
0 0.458065 0.477638 0.032258 0.063073
0 0.104194 0.620413 0.032903 0.061927
0 0.641613 0.705275 0.043226 0.059633
