0 0.322188 0.727917 0.274375 0.060833
0 0.616563 0.656667 0.115625 0.053333
0 0.455625 0.547083 0.037500 0.050833
0 0.381563 0.607083 0.035625 0.052500
0 0.273125 0.669167 0.036250 0.051667
0 0.250312 0.612500 0.034375 0.051667
0 0.534687 0.658333 0.036875 0.051667
0 0.205625 0.615417 0.033750 0.052500
0 0.139687 0.675833 0.035625 0.051667
0 0.467813 0.603750 0.036875 0.052500
0 0.370000 0.550000 0.036250 0.051667
0 0.150312 0.558750 0.035625 0.052500
0 0.338438 0.609167 0.036875 0.053333
0 0.425312 0.605417 0.036875 0.052500
0 0.303750 0.494583 0.037500 0.050833
0 0.628437 0.480833 0.079375 0.048333
0 0.096562 0.676667 0.036875 0.051667
0 0.325313 0.552083 0.034375 0.050833
0 0.046562 0.737917 0.045625 0.052500
0 0.360938 0.665417 0.038125 0.054167
0 0.542813 0.542917 0.036875 0.050833
0 0.046875 0.679167 0.042500 0.048333
0 0.390313 0.492917 0.036875 0.052500
0 0.476562 0.488333 0.038125 0.051667
0 0.282813 0.553750 0.036875 0.050833
0 0.259688 0.496250 0.036875 0.052500
0 0.118438 0.617500 0.036875 0.051667
0 0.404375 0.664583 0.038750 0.052500
0 0.239063 0.556250 0.036875 0.050833
0 0.499688 0.545417 0.036875 0.052500
0 0.128125 0.502083 0.036250 0.049167
0 0.555312 0.600000 0.036875 0.051667
0 0.520000 0.486667 0.038750 0.051667
0 0.316250 0.667500 0.037500 0.053333
0 0.651563 0.713333 0.051875 0.055000
0 0.293750 0.610417 0.036250 0.052500
0 0.161875 0.616250 0.033750 0.052500
0 0.042188 0.505000 0.035625 0.046667
0 0.598750 0.597083 0.035000 0.052500
0 0.052187 0.562083 0.053125 0.049167
0 0.058125 0.621250 0.065000 0.049167
0 0.347813 0.493333 0.036875 0.051667
0 0.185312 0.673333 0.036875 0.051667
0 0.106563 0.560417 0.036875 0.050833
0 0.216250 0.498333 0.036250 0.051667
0 0.413438 0.547917 0.035625 0.050833
0 0.084375 0.503333 0.036250 0.048333
0 0.448125 0.662083 0.037500 0.052500
0 0.563125 0.484167 0.036250 0.050000
0 0.228125 0.671250 0.035000 0.052500
0 0.512188 0.601667 0.036875 0.051667
0 0.486875 0.720000 0.050000 0.055000
0 0.194062 0.556667 0.035625 0.051667
0 0.171875 0.499583 0.037500 0.050833
0 0.586562 0.540417 0.035625 0.050833
0 0.492188 0.659583 0.036875 0.050833
0 0.156250 0.733750 0.047500 0.054167
0 0.505000 0.580000 0.985000 0.450000
0 0.640938 0.567083 0.059375 0.110833
0 0.433437 0.489583 0.036875 0.052500
