0 0.644687 0.762500 0.118125 0.053333
0 0.034375 0.832083 0.048750 0.052500
0 0.231563 0.765833 0.035625 0.053333
0 0.220312 0.578750 0.034375 0.052500
0 0.660937 0.575000 0.080625 0.051667
0 0.443437 0.700000 0.035625 0.053333
0 0.557500 0.761250 0.036250 0.054167
0 0.590938 0.575417 0.035625 0.052500
0 0.103750 0.641667 0.035000 0.053333
0 0.476562 0.637917 0.035625 0.050833
0 0.580000 0.698333 0.036250 0.051667
0 0.533750 0.698750 0.036250 0.052500
0 0.152812 0.830000 0.048125 0.051667
0 0.453437 0.575833 0.035625 0.051667
0 0.198437 0.640833 0.034375 0.053333
0 0.567813 0.637500 0.035625 0.051667
0 0.418438 0.764167 0.036875 0.055000
0 0.115000 0.705000 0.035000 0.055000
0 0.208750 0.704583 0.033750 0.054167
0 0.384375 0.639167 0.035000 0.051667
0 0.302500 0.701667 0.035000 0.053333
0 0.244688 0.640833 0.034375 0.053333
0 0.078750 0.580000 0.035000 0.051667
0 0.035937 0.769167 0.046875 0.053333
0 0.614062 0.637917 0.034375 0.052500
0 0.680000 0.822917 0.048750 0.050833
0 0.173437 0.579583 0.034375 0.052500
0 0.150312 0.642083 0.034375 0.052500
0 0.278750 0.765417 0.035000 0.054167
0 0.625938 0.699167 0.035625 0.053333
0 0.050313 0.705833 0.068125 0.051667
0 0.034375 0.581250 0.031250 0.050833
0 0.184375 0.767083 0.035000 0.054167
0 0.337813 0.639583 0.034375 0.052500
0 0.291250 0.639583 0.033750 0.052500
0 0.672188 0.667500 0.061875 0.115000
0 0.136875 0.768333 0.036250 0.053333
0 0.045625 0.642500 0.055000 0.051667
0 0.256563 0.702917 0.033125 0.052500
0 0.395313 0.701250 0.034375 0.052500
0 0.406875 0.578333 0.036250 0.053333
0 0.267813 0.578333 0.034375 0.053333
0 0.162188 0.704583 0.034375 0.052500
0 0.329688 0.829583 0.288125 0.055833
0 0.545000 0.575833 0.036250 0.051667
0 0.506250 0.825000 0.048750 0.055000
0 0.349687 0.701667 0.034375 0.053333
0 0.314063 0.577917 0.035625 0.054167
0 0.361250 0.577083 0.035000 0.054167
0 0.126250 0.580417 0.035000 0.052500
0 0.522500 0.638333 0.036250 0.051667
0 0.371875 0.765000 0.036250 0.055000
0 0.500000 0.575833 0.036250 0.053333
0 0.500938 0.666667 0.993125 0.475000
0 0.511250 0.761250 0.036250 0.052500
0 0.489063 0.699583 0.035625 0.052500
0 0.465625 0.763333 0.035000 0.053333
0 0.325937 0.765000 0.035625 0.053333
0 0.089063 0.768750 0.036875 0.054167
0 0.431563 0.637917 0.034375 0.049167
