0 0.310841 0.768664 0.323746 0.071709
0 0.658186 0.684676 0.136431 0.062868
0 0.468289 0.555501 0.044248 0.059921
0 0.380900 0.626228 0.042035 0.061886
0 0.252950 0.699411 0.042773 0.060904
0 0.226032 0.632613 0.040560 0.060904
0 0.561578 0.686640 0.043510 0.060904
0 0.173304 0.636051 0.039823 0.061886
0 0.095501 0.707269 0.042035 0.060904
0 0.482670 0.622299 0.043510 0.061886
0 0.367257 0.558939 0.042773 0.060904
0 0.108038 0.569253 0.042035 0.061886
0 0.330015 0.628684 0.043510 0.062868
0 0.432522 0.624263 0.043510 0.061886
0 0.289086 0.493615 0.044248 0.059921
0 0.672198 0.477407 0.093658 0.056974
0 0.044617 0.708251 0.043510 0.060904
0 0.314528 0.561395 0.040560 0.059921
0 0.014012 0.780452 0.026549 0.061886
0 0.356563 0.694990 0.044985 0.063851
0 0.571165 0.550589 0.043510 0.059921
0 0.013274 0.711198 0.025074 0.056974
0 0.391224 0.491650 0.043510 0.061886
0 0.492994 0.486248 0.044985 0.060904
0 0.264381 0.563360 0.043510 0.059921
0 0.237094 0.495580 0.043510 0.061886
0 0.070428 0.638507 0.043510 0.060904
0 0.407817 0.694008 0.045723 0.061886
0 0.212758 0.566306 0.043510 0.059921
0 0.520280 0.553536 0.043510 0.061886
0 0.081858 0.502456 0.042773 0.057957
0 0.585914 0.617878 0.043510 0.060904
0 0.544248 0.484283 0.045723 0.060904
0 0.303835 0.697446 0.044248 0.062868
0 0.699484 0.751473 0.061209 0.064833
0 0.277286 0.630157 0.042773 0.061886
0 0.121681 0.637033 0.039823 0.061886
0 0.011062 0.505894 0.020649 0.055010
0 0.637168 0.614440 0.041298 0.061886
0 0.016224 0.573183 0.030973 0.057957
0 0.019912 0.642927 0.038348 0.057957
0 0.341077 0.492141 0.043510 0.060904
0 0.149336 0.704322 0.043510 0.060904
0 0.056416 0.571218 0.043510 0.059921
0 0.185841 0.498035 0.042773 0.060904
0 0.418510 0.556483 0.042035 0.059921
0 0.030236 0.503929 0.042773 0.056974
0 0.459440 0.691061 0.044248 0.061886
0 0.595133 0.481336 0.042773 0.058939
0 0.199853 0.701866 0.041298 0.061886
0 0.535029 0.619843 0.043510 0.060904
0 0.505162 0.759332 0.058997 0.064833
0 0.159661 0.566798 0.042035 0.060904
0 0.133481 0.499509 0.044248 0.059921
0 0.622788 0.547642 0.042035 0.059921
0 0.511431 0.688114 0.043510 0.059921
0 0.115044 0.775540 0.056047 0.063851
0 0.500737 0.594303 1.000000 0.530452
0 0.686947 0.579077 0.070059 0.130648
0 0.442109 0.487721 0.043510 0.061886
