0 0.008480 0.523567 0.015604 0.048983
0 0.102442 0.660351 0.035278 0.048983
0 0.877544 0.633087 0.049525 0.064695
0 0.257463 0.530961 0.034600 0.060074
0 0.025441 0.522643 0.033243 0.050832
0 0.433514 0.535582 0.040706 0.061922
0 0.496608 0.763863 0.130258 0.060074
0 0.137720 0.526340 0.033921 0.056377
0 0.142130 0.662200 0.035957 0.050832
0 0.444369 0.684381 0.043419 0.054529
0 0.062076 0.523567 0.034600 0.054529
0 0.819878 0.630314 0.045455 0.064695
0 0.099050 0.526802 0.033921 0.055453
0 0.265265 0.670980 0.037992 0.053604
0 0.146540 0.731054 0.037992 0.048059
0 0.310719 0.602126 0.036635 0.054529
0 0.479986 0.536044 0.040027 0.062847
0 0.146201 0.595194 0.035957 0.053604
0 0.388399 0.534658 0.040027 0.061922
0 0.864993 0.714880 0.048847 0.061922
0 0.009837 0.717190 0.018318 0.049908
0 0.030868 0.721349 0.037313 0.048983
0 0.500678 0.702403 1.000000 0.597043
0 0.406038 0.755083 0.044098 0.055453
0 0.340231 0.822551 0.054953 0.053604
0 0.352782 0.676525 0.040706 0.053604
0 0.300204 0.532810 0.037313 0.061922
0 0.177748 0.528189 0.036635 0.058226
0 0.399254 0.608133 0.038670 0.055453
0 0.064450 0.657116 0.036635 0.049908
0 0.181140 0.809150 0.255088 0.074861
0 0.267978 0.600739 0.036635 0.053604
0 0.107191 0.592884 0.035278 0.054529
0 0.015943 0.650647 0.030529 0.048059
0 0.182497 0.665896 0.036635 0.050832
0 0.493216 0.612754 0.040706 0.059150
0 0.013229 0.585952 0.025102 0.049908
0 0.012212 0.776802 0.023066 0.047135
0 0.552239 0.537893 0.086839 0.059150
0 0.354138 0.605823 0.037992 0.054529
0 0.492537 0.689926 0.043419 0.060074
0 0.218114 0.529575 0.037313 0.059150
0 0.107531 0.727819 0.038670 0.048983
0 0.223202 0.668207 0.037992 0.051756
0 0.397558 0.681608 0.040706 0.054529
0 0.445726 0.611368 0.040706 0.058226
0 0.186906 0.734288 0.041384 0.050832
0 0.029851 0.788355 0.047490 0.049908
0 0.068182 0.725046 0.037313 0.050832
0 0.228969 0.737985 0.040027 0.050832
0 0.518996 0.843346 0.059701 0.056377
0 0.069199 0.591035 0.032564 0.050832
0 0.012212 0.713956 0.023066 0.047135
0 0.185889 0.597505 0.033921 0.052680
0 0.271370 0.743068 0.042062 0.051756
0 0.359905 0.750462 0.045455 0.053604
0 0.226255 0.598429 0.035957 0.052680
0 0.308345 0.674214 0.040027 0.052680
0 0.032564 0.588725 0.033921 0.051756
0 0.554274 0.653420 0.067843 0.136784
0 0.342944 0.533272 0.038670 0.060998
0 0.315129 0.745841 0.044098 0.053604
0 0.026798 0.654806 0.034600 0.048983
