0 0.444035 0.457961 0.032842 0.046512
0 0.500670 0.488372 1.000000 0.425760
0 0.518767 0.100626 0.963807 0.199463
0 0.114611 0.409213 0.033512 0.049195
0 0.034182 0.587209 0.041555 0.047406
0 0.027815 0.412343 0.030161 0.048301
0 0.238941 0.521467 0.031501 0.044723
0 0.182641 0.464669 0.032842 0.047406
0 0.347855 0.575134 0.033512 0.046512
0 0.033177 0.646243 0.043566 0.047406
0 0.158512 0.406082 0.032842 0.050089
0 0.304625 0.576476 0.034182 0.047406
0 0.584786 0.508497 0.032842 0.047406
0 0.203418 0.406082 0.032842 0.050089
0 0.573391 0.453488 0.031501 0.046512
0 0.138070 0.466905 0.033512 0.048301
0 0.401475 0.458855 0.032172 0.046512
0 0.045576 0.528623 0.063003 0.048301
0 0.171917 0.582290 0.032842 0.048301
0 0.603217 0.567084 0.108579 0.046512
0 0.149799 0.524150 0.032842 0.046512
0 0.216488 0.579606 0.033512 0.046512
0 0.637735 0.624329 0.047587 0.050089
0 0.550268 0.395349 0.032172 0.048301
0 0.105228 0.526386 0.033512 0.047406
0 0.247319 0.404293 0.033512 0.050089
0 0.040550 0.470930 0.051609 0.047406
0 0.307976 0.638193 0.264745 0.058140
0 0.334450 0.402057 0.034853 0.050984
0 0.456099 0.514758 0.032842 0.047406
0 0.627681 0.480322 0.054290 0.103757
0 0.194035 0.523256 0.032842 0.046512
0 0.326072 0.517889 0.032842 0.046512
0 0.421247 0.399374 0.034182 0.049195
0 0.227212 0.463775 0.033512 0.047406
0 0.070375 0.410555 0.032172 0.050089
0 0.616957 0.392218 0.075737 0.050984
0 0.521448 0.569320 0.032172 0.045617
0 0.473525 0.629696 0.044906 0.050089
0 0.541890 0.510733 0.032842 0.046512
0 0.282507 0.519678 0.032842 0.044723
0 0.508043 0.398032 0.033512 0.048301
0 0.261059 0.577818 0.032842 0.046512
0 0.434987 0.573345 0.032172 0.046512
0 0.127346 0.584079 0.033512 0.046512
0 0.143097 0.642665 0.044906 0.049195
0 0.391756 0.573345 0.034182 0.046512
0 0.369973 0.517889 0.032172 0.046512
0 0.498995 0.513417 0.032842 0.046512
0 0.465147 0.397585 0.033512 0.050984
0 0.487601 0.456172 0.032842 0.046512
0 0.478552 0.570662 0.032172 0.044723
0 0.530496 0.455725 0.032842 0.047406
0 0.413204 0.515653 0.032842 0.047406
0 0.081769 0.584973 0.033512 0.048301
0 0.378351 0.400716 0.034182 0.050089
0 0.314343 0.461091 0.033512 0.047406
0 0.357909 0.460197 0.033512 0.047406
0 0.094169 0.468247 0.034182 0.047406
0 0.270777 0.462880 0.032172 0.047406
0 0.290550 0.402057 0.034182 0.050984
