0 0.544320 0.589876 0.030120 0.076446
0 0.647160 0.679752 0.041308 0.078512
0 0.513339 0.403926 0.028399 0.076446
0 0.415663 0.314050 0.029260 0.078512
0 0.271945 0.596074 0.029260 0.076446
0 0.184165 0.321281 0.029260 0.076446
0 0.591222 0.400826 0.029260 0.078512
0 0.110155 0.601240 0.039587 0.074380
0 0.358434 0.409091 0.026678 0.074380
0 0.164372 0.414256 0.030981 0.076446
0 0.570138 0.306818 0.028399 0.076446
0 0.532272 0.310950 0.030120 0.076446
0 0.153184 0.600207 0.029260 0.076446
0 0.348967 0.594008 0.030120 0.076446
0 0.243115 0.412190 0.028399 0.076446
0 0.281411 0.411157 0.029260 0.074380
0 0.427711 0.591942 0.030981 0.076446
0 0.474182 0.404959 0.029260 0.074380
0 0.203528 0.414256 0.028399 0.076446
0 0.193632 0.600207 0.029260 0.076446
0 0.232788 0.598140 0.030120 0.076446
0 0.115749 0.416322 0.047332 0.076446
0 0.548623 0.681818 0.038726 0.074380
0 0.144148 0.321281 0.028399 0.076446
0 0.253012 0.504132 0.027539 0.074380
0 0.493546 0.310950 0.030120 0.076446
0 0.213855 0.506198 0.028399 0.074380
0 0.320138 0.411157 0.027539 0.074380
0 0.120482 0.509298 0.058520 0.076446
0 0.397160 0.408058 0.028399 0.076446
0 0.369191 0.500000 0.029260 0.078512
0 0.261618 0.317149 0.027539 0.076446
0 0.330465 0.502066 0.029260 0.074380
0 0.617470 0.586777 0.098967 0.078512
0 0.407057 0.498967 0.027539 0.076446
0 0.352410 0.690083 0.238382 0.095041
0 0.484940 0.495868 0.028399 0.078512
0 0.388124 0.592975 0.030981 0.078512
0 0.292169 0.503099 0.028399 0.076446
0 0.435886 0.407025 0.030120 0.074380
0 0.640275 0.444215 0.049914 0.173554
0 0.561962 0.494835 0.029260 0.076446
0 0.446213 0.498967 0.030120 0.076446
0 0.454389 0.311983 0.030981 0.078512
0 0.206540 0.692149 0.039587 0.074380
0 0.104561 0.323347 0.028399 0.068182
0 0.311102 0.595041 0.030120 0.074380
0 0.109294 0.696281 0.039587 0.082645
0 0.600688 0.492769 0.029260 0.076446
0 0.533563 0.460744 0.934596 0.706612
0 0.629948 0.303719 0.067126 0.078512
0 0.338210 0.315083 0.029260 0.076446
0 0.174699 0.507231 0.027539 0.076446
0 0.465146 0.591942 0.028399 0.076446
0 0.299484 0.318182 0.029260 0.078512
0 0.504733 0.588843 0.030120 0.074380
0 0.222031 0.320248 0.029260 0.078512
0 0.377797 0.315083 0.029260 0.076446
0 0.523666 0.495868 0.030120 0.078512
0 0.552065 0.402893 0.030120 0.078512
