0 0.614509 0.533934 0.112376 0.070637
0 0.563300 0.272853 0.034139 0.074792
0 0.373400 0.448753 0.032717 0.074792
0 0.596728 0.448061 0.032717 0.070637
0 0.135846 0.364266 0.034139 0.072022
0 0.091038 0.365651 0.035562 0.072022
0 0.486131 0.534626 0.033428 0.069252
0 0.291963 0.273546 0.034851 0.073407
0 0.396515 0.536011 0.034851 0.074792
0 0.648649 0.619806 0.046942 0.073407
0 0.261735 0.534626 0.034139 0.072022
0 0.406828 0.360803 0.034139 0.070637
0 0.110597 0.276316 0.033428 0.073407
0 0.306543 0.535319 0.034139 0.073407
0 0.193457 0.450831 0.032717 0.070637
0 0.316145 0.362188 0.032006 0.073407
0 0.350996 0.536011 0.033428 0.074792
0 0.382646 0.274238 0.034139 0.074792
0 0.541252 0.362881 0.034139 0.072022
0 0.216572 0.536011 0.034851 0.072022
0 0.125533 0.538089 0.033428 0.070637
0 0.029872 0.625346 0.044097 0.070637
0 0.508535 0.448753 0.034139 0.072022
0 0.155405 0.274931 0.033428 0.073407
0 0.452347 0.362188 0.034139 0.070637
0 0.148293 0.450831 0.033428 0.070637
0 0.500711 0.391967 1.000000 0.614958
0 0.064723 0.274931 0.032717 0.073407
0 0.496799 0.363573 0.033428 0.070637
0 0.338549 0.273546 0.034139 0.073407
0 0.030228 0.540166 0.044808 0.069252
0 0.271337 0.362881 0.033428 0.072022
0 0.464083 0.448753 0.033428 0.072022
0 0.103129 0.451524 0.034139 0.072022
0 0.419275 0.448753 0.034851 0.072022
0 0.142959 0.623961 0.045519 0.070637
0 0.481508 0.620499 0.046942 0.072022
0 0.171053 0.536704 0.033428 0.070637
0 0.312233 0.623961 0.275960 0.078947
0 0.552987 0.448753 0.034851 0.072022
0 0.020626 0.275623 0.032717 0.072022
0 0.283428 0.450139 0.033428 0.072022
0 0.474040 0.272853 0.036273 0.074792
0 0.441679 0.535319 0.035562 0.073407
0 0.239331 0.450139 0.033428 0.072022
0 0.530228 0.533241 0.033428 0.069252
0 0.040896 0.453601 0.067568 0.073407
0 0.641892 0.403740 0.057610 0.159280
0 0.080725 0.537396 0.034851 0.072022
0 0.247155 0.274238 0.033428 0.074792
0 0.631223 0.270776 0.077525 0.073407
0 0.226885 0.363573 0.034139 0.070637
0 0.518848 0.274238 0.034851 0.074792
0 0.586060 0.361496 0.034139 0.072022
0 0.428521 0.274238 0.034851 0.074792
0 0.181366 0.363573 0.034139 0.070637
0 0.361664 0.362188 0.034851 0.073407
0 0.201636 0.274238 0.033428 0.074792
0 0.034139 0.364958 0.054054 0.070637
0 0.328947 0.448753 0.033428 0.072022
