0 0.390187 0.369099 0.032710 0.038627
0 0.369938 0.320815 0.031153 0.038627
0 0.360981 0.272532 0.031931 0.038627
0 0.499221 0.221567 0.031153 0.039700
0 0.560358 0.267704 0.028816 0.039700
0 0.196262 0.276824 0.034268 0.040773
0 0.591511 0.362124 0.102025 0.037554
0 0.219626 0.374464 0.037383 0.038627
0 0.460280 0.221567 0.031153 0.037554
0 0.178349 0.227468 0.032710 0.040773
0 0.059190 0.280043 0.052960 0.038627
0 0.113318 0.277897 0.036604 0.040773
0 0.263240 0.372854 0.035826 0.037554
0 0.329050 0.321888 0.031931 0.038627
0 0.411215 0.319742 0.031153 0.038627
0 0.117991 0.327253 0.038162 0.040773
0 0.431075 0.369099 0.030374 0.038627
0 0.202492 0.325644 0.034268 0.039700
0 0.300623 0.224785 0.032710 0.039700
0 0.154595 0.277361 0.033489 0.039700
0 0.279206 0.273605 0.030374 0.038627
0 0.533879 0.316524 0.030374 0.038627
0 0.286604 0.322961 0.032710 0.038627
0 0.468458 0.418455 0.044393 0.040773
0 0.160436 0.326717 0.035826 0.039700
0 0.031542 0.432940 0.052181 0.041845
0 0.055685 0.230150 0.031931 0.039700
0 0.132788 0.377146 0.035047 0.039700
0 0.088396 0.378755 0.038162 0.040773
0 0.538162 0.218884 0.029595 0.038627
0 0.499221 0.322961 0.993769 0.373391
0 0.340343 0.224249 0.031153 0.038627
0 0.626168 0.413090 0.045171 0.040773
0 0.481308 0.268777 0.029595 0.037554
0 0.347741 0.371245 0.033489 0.038627
0 0.237539 0.274678 0.032710 0.038627
0 0.039330 0.380901 0.047508 0.040773
0 0.420561 0.222639 0.029595 0.039700
0 0.142523 0.429721 0.048287 0.041845
0 0.320093 0.273069 0.031153 0.037554
0 0.451713 0.318133 0.031153 0.037554
0 0.137072 0.228541 0.032710 0.040773
0 0.401480 0.271996 0.030374 0.037554
0 0.473131 0.366416 0.030374 0.037554
0 0.218847 0.225858 0.031153 0.039700
0 0.596963 0.217811 0.066199 0.038627
0 0.514408 0.365343 0.030374 0.037554
0 0.305296 0.371781 0.034268 0.037554
0 0.441199 0.270386 0.030374 0.038627
0 0.610981 0.288627 0.053738 0.087983
0 0.492212 0.317597 0.031153 0.038627
0 0.176402 0.376073 0.036604 0.039700
0 0.380062 0.224249 0.031153 0.040773
0 0.572819 0.314378 0.030374 0.036481
0 0.521028 0.268777 0.029595 0.039700
0 0.096184 0.229614 0.031931 0.040773
0 0.259735 0.226395 0.031931 0.038627
0 0.244938 0.323498 0.033489 0.037554
0 0.305685 0.430794 0.270249 0.061159
0 0.059190 0.329399 0.065421 0.038627
