0 0.008311 0.368207 0.015293 0.048007
0 0.051862 0.502264 0.034574 0.048007
0 0.811503 0.475543 0.048537 0.063406
0 0.203790 0.375453 0.033910 0.058877
0 0.008644 0.367301 0.015957 0.049819
0 0.376330 0.379982 0.039894 0.060688
0 0.438165 0.603714 0.127660 0.058877
0 0.086436 0.370924 0.033245 0.055254
0 0.090758 0.504076 0.035239 0.049819
0 0.386968 0.525815 0.042553 0.053442
0 0.014960 0.368207 0.028590 0.053442
0 0.754987 0.472826 0.044548 0.063406
0 0.048537 0.371377 0.033245 0.054348
0 0.211436 0.512681 0.037234 0.052536
0 0.095080 0.571558 0.037234 0.047101
0 0.255984 0.445199 0.035904 0.053442
0 0.421875 0.380435 0.039229 0.061594
0 0.094747 0.438406 0.035239 0.052536
0 0.332114 0.379076 0.039229 0.060688
0 0.799202 0.555707 0.047872 0.060688
0 0.009641 0.557971 0.017952 0.048913
0 0.009641 0.562047 0.017952 0.048007
0 0.500665 0.546196 1.000000 0.590580
0 0.349402 0.595109 0.043218 0.054348
0 0.284907 0.661232 0.053856 0.052536
0 0.297207 0.518116 0.039894 0.052536
0 0.245678 0.377264 0.036569 0.060688
0 0.125665 0.372736 0.035904 0.057065
0 0.342753 0.451087 0.037899 0.054348
0 0.016622 0.499094 0.031915 0.048913
0 0.128989 0.648098 0.250000 0.073370
0 0.214096 0.443841 0.035904 0.052536
0 0.056516 0.436141 0.034574 0.053442
0 0.015625 0.492754 0.029920 0.047101
0 0.130319 0.507699 0.035904 0.049819
0 0.434840 0.455616 0.039894 0.057971
0 0.012965 0.429348 0.024601 0.048913
0 0.011968 0.616395 0.022606 0.046196
0 0.492686 0.382246 0.085106 0.057971
0 0.298537 0.448822 0.037234 0.053442
0 0.434176 0.531250 0.042553 0.058877
0 0.165226 0.374094 0.036569 0.057971
0 0.056848 0.568388 0.037899 0.048007
0 0.170213 0.509964 0.037234 0.050725
0 0.341090 0.523098 0.039894 0.053442
0 0.388298 0.454257 0.039894 0.057065
0 0.134641 0.574728 0.040559 0.049819
0 0.012301 0.627717 0.023271 0.048913
0 0.018617 0.565670 0.035904 0.049819
0 0.175864 0.578351 0.039229 0.049819
0 0.460106 0.681612 0.058511 0.055254
0 0.019282 0.434330 0.031915 0.049819
0 0.011968 0.554801 0.022606 0.046196
0 0.133644 0.440670 0.033245 0.051630
0 0.217420 0.583333 0.041223 0.050725
0 0.304189 0.590580 0.044548 0.052536
0 0.173205 0.441576 0.035239 0.051630
0 0.253657 0.515851 0.039229 0.051630
0 0.008976 0.432065 0.016622 0.050725
0 0.494681 0.495471 0.066489 0.134058
0 0.287566 0.377717 0.037899 0.059783
0 0.260306 0.586051 0.043218 0.052536
0 0.008976 0.496830 0.016622 0.048007
