0 0.241000 0.717503 0.034000 0.070785
0 0.571667 0.636422 0.034000 0.070785
0 0.309667 0.884170 0.266000 0.074646
0 0.498333 0.665380 0.990000 0.630631
0 0.219333 0.799228 0.036000 0.066924
0 0.048333 0.633848 0.052667 0.065637
0 0.470667 0.884170 0.046667 0.069498
0 0.347667 0.799871 0.035333 0.068211
0 0.518000 0.801802 0.036000 0.069498
0 0.358667 0.635779 0.034667 0.069498
0 0.037333 0.552124 0.032000 0.064350
0 0.122667 0.552767 0.034667 0.068211
0 0.304667 0.799871 0.036000 0.068211
0 0.630667 0.884170 0.048000 0.069498
0 0.090333 0.799228 0.036667 0.072072
0 0.539667 0.718790 0.035333 0.070785
0 0.053667 0.717503 0.066000 0.068211
0 0.497000 0.718790 0.035333 0.070785
0 0.273000 0.634492 0.034000 0.066924
0 0.252000 0.553411 0.034667 0.069498
0 0.465000 0.554054 0.035333 0.070785
0 0.230000 0.635135 0.034667 0.068211
0 0.295000 0.553411 0.036667 0.069498
0 0.401667 0.634492 0.032667 0.066924
0 0.337000 0.554054 0.035333 0.070785
0 0.144000 0.634492 0.034667 0.069498
0 0.043000 0.799228 0.044667 0.066924
0 0.150667 0.882883 0.046667 0.069498
0 0.079667 0.551480 0.032667 0.065637
0 0.583000 0.718790 0.035333 0.070785
0 0.550333 0.553411 0.034000 0.066924
0 0.208667 0.552767 0.034667 0.068211
0 0.134000 0.799871 0.036000 0.068211
0 0.042333 0.882239 0.047333 0.070785
0 0.444000 0.635779 0.034667 0.069498
0 0.390333 0.800515 0.036667 0.069498
0 0.598667 0.801158 0.109333 0.070785
0 0.112000 0.716860 0.034667 0.069498
0 0.411667 0.717503 0.035333 0.070785
0 0.432667 0.800515 0.034667 0.069498
0 0.165667 0.553411 0.034000 0.069498
0 0.198000 0.717503 0.036000 0.070785
0 0.476000 0.800515 0.034667 0.066924
0 0.101000 0.634492 0.035333 0.069498
0 0.529000 0.636422 0.034000 0.070785
0 0.262333 0.799228 0.035333 0.066924
0 0.315667 0.634492 0.034000 0.069498
0 0.507667 0.554698 0.035333 0.069498
0 0.177000 0.799871 0.035333 0.068211
0 0.625000 0.675676 0.056667 0.151866
0 0.422000 0.554054 0.036000 0.070785
0 0.283333 0.716860 0.034667 0.069498
0 0.325667 0.716860 0.034000 0.069498
0 0.486667 0.635779 0.034667 0.069498
0 0.454000 0.717503 0.034667 0.070785
0 0.615333 0.552767 0.076000 0.068211
0 0.187000 0.635135 0.035333 0.070785
0 0.155000 0.716860 0.035333 0.069498
0 0.379333 0.555341 0.036000 0.070785
0 0.369000 0.717503 0.034000 0.070785
