0 0.295964 0.550399 0.035874 0.052894
0 0.010090 0.608283 0.018685 0.052894
0 0.236547 0.485030 0.036622 0.051896
0 0.532511 0.554890 0.035127 0.051896
0 0.343423 0.550898 0.038117 0.053892
0 0.414425 0.615768 0.035127 0.049900
0 0.225710 0.677146 0.294469 0.052894
0 0.451420 0.427645 0.037369 0.052894
0 0.042975 0.673154 0.050075 0.052894
0 0.018685 0.543912 0.035874 0.051896
0 0.380045 0.489022 0.036622 0.049900
0 0.150972 0.547405 0.035874 0.052894
0 0.356502 0.425150 0.037369 0.053892
0 0.062780 0.418164 0.037369 0.053892
0 0.549701 0.618762 0.118834 0.049900
0 0.009716 0.414172 0.017937 0.051896
0 0.009716 0.414671 0.017937 0.052894
0 0.222347 0.612275 0.036622 0.052894
0 0.499253 0.509481 0.997010 0.462076
0 0.318759 0.614271 0.038117 0.052894
0 0.332586 0.487525 0.037369 0.050898
0 0.211510 0.421158 0.037369 0.053892
0 0.585202 0.682635 0.049327 0.051896
0 0.187593 0.484032 0.035874 0.051896
0 0.089312 0.482036 0.036622 0.053892
0 0.013079 0.671657 0.024664 0.051896
0 0.173767 0.611277 0.036622 0.052894
0 0.499253 0.428144 0.035874 0.051896
0 0.438714 0.553393 0.037369 0.052894
0 0.407324 0.678144 0.047833 0.050898
0 0.260463 0.422655 0.036622 0.052894
0 0.366592 0.614770 0.035127 0.051896
0 0.162556 0.420659 0.036622 0.054890
0 0.015321 0.478543 0.029148 0.050898
0 0.581465 0.523453 0.058296 0.114770
0 0.521674 0.492016 0.035874 0.051896
0 0.427504 0.489521 0.035874 0.050898
0 0.016442 0.417166 0.031390 0.053892
0 0.039611 0.481537 0.037369 0.054890
0 0.309043 0.423653 0.036622 0.054890
0 0.474215 0.491517 0.036622 0.052894
0 0.247758 0.549401 0.036622 0.052894
0 0.570254 0.428643 0.082212 0.050898
0 0.075486 0.610279 0.037369 0.052894
0 0.012706 0.607784 0.023916 0.051896
0 0.051196 0.545908 0.036622 0.053892
0 0.270553 0.613273 0.037369 0.052894
0 0.025785 0.609780 0.036622 0.051896
0 0.010837 0.544910 0.020179 0.053892
0 0.391256 0.552395 0.036622 0.052894
0 0.100523 0.546407 0.036622 0.054890
0 0.199178 0.548403 0.035127 0.052894
0 0.138640 0.483533 0.036622 0.052894
0 0.112855 0.419162 0.035874 0.053892
0 0.486173 0.554890 0.036622 0.051896
0 0.010090 0.480539 0.018685 0.052894
0 0.460762 0.617265 0.036622 0.050898
0 0.284380 0.487525 0.036622 0.052894
0 0.403961 0.425649 0.038117 0.054890
0 0.124813 0.610279 0.037369 0.052894
