0 0.680152 0.443727 0.058783 0.077491
0 0.238243 0.625000 0.078147 0.089483
0 0.181881 0.531827 0.060858 0.076568
0 0.797026 0.357934 0.060166 0.079336
0 0.413900 0.445111 0.058783 0.076568
0 0.463693 0.357934 0.060166 0.077491
0 0.779391 0.530904 0.060858 0.076568
0 0.297718 0.272140 0.058783 0.077491
0 0.697787 0.272601 0.060858 0.078413
0 0.597165 0.357011 0.058783 0.077491
0 0.530429 0.357934 0.059474 0.079336
0 0.614108 0.444649 0.059474 0.077491
0 0.129668 0.358395 0.061549 0.078413
0 0.330567 0.358856 0.059474 0.077491
0 0.230636 0.272601 0.061549 0.078413
0 0.248271 0.531365 0.060858 0.077491
0 0.447441 0.530904 0.060858 0.076568
0 0.146611 0.444649 0.059474 0.077491
0 0.763485 0.272140 0.060858 0.079336
0 0.814315 0.444649 0.060166 0.077491
0 0.491355 0.416052 0.981328 0.549815
0 0.630705 0.272601 0.060858 0.078413
0 0.730636 0.358395 0.060166 0.078413
0 0.072614 0.530443 0.143845 0.077491
0 0.364454 0.272140 0.060858 0.077491
0 0.280775 0.445111 0.060858 0.076568
0 0.346819 0.444649 0.058783 0.077491
0 0.915284 0.271218 0.093361 0.077491
0 0.046335 0.357011 0.091286 0.077491
0 0.513831 0.531827 0.060858 0.076568
0 0.891079 0.531365 0.144537 0.079336
0 0.163555 0.272140 0.060166 0.077491
0 0.830567 0.271218 0.059474 0.077491
0 0.196058 0.357472 0.060166 0.078413
0 0.497234 0.272601 0.059474 0.078413
0 0.579876 0.531365 0.061549 0.079336
0 0.563624 0.273063 0.060858 0.077491
0 0.313970 0.531827 0.060858 0.078413
0 0.213693 0.445111 0.059474 0.076568
0 0.663900 0.358395 0.060858 0.078413
0 0.864108 0.357472 0.060166 0.078413
0 0.430844 0.272140 0.060858 0.077491
0 0.396957 0.357472 0.058091 0.076568
0 0.380705 0.530904 0.061549 0.076568
0 0.263831 0.358395 0.060166 0.078413
0 0.547026 0.444188 0.058091 0.078413
0 0.646611 0.530443 0.059474 0.077491
0 0.648340 0.625461 0.079530 0.092251
0 0.054288 0.444649 0.107192 0.075646
0 0.480636 0.444649 0.059474 0.077491
0 0.030083 0.271679 0.058783 0.076568
0 0.714039 0.530443 0.060166 0.075646
0 0.906639 0.444188 0.110650 0.078413
0 0.443983 0.625461 0.319502 0.092251
0 0.746888 0.445111 0.059474 0.076568
0 0.096127 0.271679 0.058091 0.076568
0 0.030429 0.625000 0.059474 0.089483
0 0.931881 0.358395 0.060166 0.078413
