0 0.770625 0.498755 0.101250 0.054772
0 0.434688 0.436100 0.043125 0.052282
0 0.773438 0.330705 0.064375 0.050622
0 0.447500 0.323237 0.042500 0.048963
0 0.288438 0.433610 0.045625 0.052282
0 0.459062 0.495851 0.044375 0.053942
0 0.699688 0.383817 0.041875 0.050622
0 0.600938 0.496680 0.043125 0.053942
0 0.160000 0.313693 0.043750 0.049793
0 0.647813 0.497095 0.043125 0.051452
0 0.528750 0.437344 0.041250 0.051452
0 0.668438 0.439834 0.041875 0.051452
0 0.423438 0.378008 0.041875 0.050622
0 0.239063 0.432780 0.045625 0.053942
0 0.482187 0.437344 0.041875 0.051452
0 0.400625 0.321992 0.042500 0.049793
0 0.257812 0.317012 0.043125 0.049793
0 0.209687 0.315768 0.043125 0.048963
0 0.305625 0.318257 0.043750 0.050622
0 0.621563 0.438589 0.041875 0.050622
0 0.629062 0.327386 0.040625 0.048963
0 0.584063 0.327386 0.041875 0.048963
0 0.604688 0.562241 0.058125 0.065560
0 0.278750 0.374274 0.043750 0.051452
0 0.229687 0.373859 0.045625 0.052282
0 0.575625 0.438174 0.042500 0.051452
0 0.169063 0.431535 0.084375 0.054772
0 0.167813 0.371369 0.069375 0.053942
0 0.375625 0.377178 0.042500 0.050622
0 0.507188 0.496680 0.044375 0.053942
0 0.455625 0.561411 0.237500 0.065560
0 0.338125 0.434855 0.045000 0.053112
0 0.386562 0.434440 0.043125 0.052282
0 0.714063 0.439419 0.041875 0.050622
0 0.516563 0.380083 0.041875 0.051452
0 0.789687 0.385477 0.043125 0.050622
0 0.141563 0.561411 0.050625 0.068880
0 0.653750 0.382988 0.040000 0.048963
0 0.311563 0.494606 0.045625 0.054772
0 0.538750 0.325726 0.041250 0.048963
0 0.608125 0.382573 0.041250 0.049793
0 0.562500 0.380498 0.040000 0.048963
0 0.261875 0.493776 0.046250 0.054772
0 0.470313 0.379668 0.041875 0.050622
0 0.744375 0.384232 0.041250 0.049793
0 0.471875 0.432780 0.738750 0.362656
0 0.361875 0.495436 0.046250 0.054772
0 0.178437 0.492116 0.109375 0.056432
0 0.493125 0.325311 0.041250 0.049793
0 0.303125 0.560996 0.060000 0.068050
0 0.327500 0.375934 0.043750 0.051452
0 0.354063 0.320332 0.041875 0.049793
0 0.410625 0.495021 0.045000 0.053942
0 0.673125 0.328216 0.040000 0.048963
0 0.777188 0.441079 0.076875 0.052282
0 0.694063 0.498340 0.043125 0.052282
0 0.717500 0.328216 0.040000 0.048963
0 0.553750 0.496680 0.043750 0.053942
