0 0.245558 0.340074 0.034620 0.045343
0 0.185049 0.392157 0.036152 0.045752
0 0.176164 0.238154 0.036152 0.044935
0 0.049326 0.451797 0.039216 0.058007
0 0.053615 0.236928 0.035539 0.046569
0 0.489890 0.238358 0.035539 0.044526
0 0.432138 0.288807 0.035233 0.044935
0 0.155637 0.289011 0.036152 0.045343
0 0.255821 0.238358 0.035539 0.044526
0 0.442555 0.339257 0.034620 0.045343
0 0.144455 0.392770 0.036458 0.046160
0 0.451287 0.238766 0.035539 0.045343
0 0.196078 0.289216 0.036152 0.045752
0 0.094822 0.237132 0.037071 0.045343
0 0.314951 0.289011 0.034926 0.044526
0 0.344363 0.390931 0.035539 0.044935
0 0.392770 0.288807 0.034314 0.044118
0 0.295343 0.238766 0.035539 0.044526
0 0.423254 0.390727 0.035846 0.045343
0 0.179381 0.449346 0.048713 0.056373
0 0.077819 0.393587 0.090686 0.049428
0 0.373315 0.238971 0.035233 0.044935
0 0.481464 0.339052 0.035233 0.044935
0 0.566942 0.390523 0.084865 0.047386
0 0.471354 0.288603 0.035233 0.043709
0 0.521293 0.339257 0.035846 0.044526
0 0.550092 0.288603 0.035846 0.044526
0 0.319393 0.313521 0.602022 0.379493
0 0.577512 0.238358 0.054534 0.044526
0 0.206036 0.340278 0.035846 0.046569
0 0.510570 0.288603 0.035846 0.044526
0 0.528799 0.237745 0.034926 0.044118
0 0.462776 0.390319 0.035846 0.044526
0 0.225643 0.392565 0.035846 0.045752
0 0.265472 0.391340 0.035846 0.045752
0 0.412377 0.238971 0.035539 0.044935
0 0.135876 0.237949 0.036458 0.045343
0 0.114583 0.289420 0.037990 0.046160
0 0.470435 0.446283 0.037071 0.054330
0 0.364124 0.339665 0.034620 0.045343
0 0.575521 0.339052 0.064645 0.045752
0 0.589461 0.288603 0.034314 0.044526
0 0.068168 0.342116 0.070159 0.046977
0 0.305300 0.391544 0.035846 0.045343
0 0.425551 0.446895 0.047794 0.055556
0 0.063266 0.289216 0.057904 0.046569
0 0.275429 0.289011 0.034314 0.045343
0 0.285233 0.339869 0.034926 0.045752
0 0.236213 0.289420 0.034926 0.045343
0 0.383885 0.390931 0.036152 0.045752
0 0.502298 0.390523 0.036458 0.045752
0 0.353860 0.289216 0.034926 0.044935
0 0.124694 0.340686 0.037377 0.045752
0 0.303002 0.447100 0.189951 0.057598
0 0.334559 0.239175 0.034926 0.045343
0 0.216605 0.238154 0.034926 0.044935
0 0.324908 0.340074 0.035233 0.045343
0 0.403493 0.339461 0.034926 0.045752
0 0.165441 0.340686 0.036765 0.045752
