0 0.731495 0.396169 0.064199 0.084677
0 0.248867 0.594254 0.085347 0.097782
0 0.187311 0.492440 0.066465 0.083669
0 0.859139 0.302419 0.065710 0.086694
0 0.440710 0.397681 0.064199 0.083669
0 0.495091 0.302419 0.065710 0.084677
0 0.839879 0.491431 0.066465 0.083669
0 0.313822 0.208669 0.064199 0.084677
0 0.750755 0.209173 0.066465 0.085685
0 0.640861 0.301411 0.064199 0.084677
0 0.567976 0.302419 0.064955 0.086694
0 0.659366 0.397177 0.064955 0.084677
0 0.130287 0.302923 0.067221 0.085685
0 0.349698 0.303427 0.064955 0.084677
0 0.240559 0.209173 0.067221 0.085685
0 0.259819 0.491935 0.066465 0.084677
0 0.477341 0.491431 0.066465 0.083669
0 0.148792 0.397177 0.064955 0.084677
0 0.822508 0.208669 0.066465 0.086694
0 0.878021 0.397177 0.065710 0.084677
0 0.500755 0.365927 1.000000 0.600806
0 0.677492 0.209173 0.066465 0.085685
0 0.786631 0.302923 0.065710 0.085685
0 0.073640 0.490927 0.145770 0.084677
0 0.386707 0.208669 0.066465 0.084677
0 0.295317 0.397681 0.066465 0.083669
0 0.367447 0.397177 0.064199 0.084677
0 0.969033 0.207661 0.063444 0.084677
0 0.044940 0.301411 0.088369 0.084677
0 0.549849 0.492440 0.066465 0.083669
0 0.941843 0.491935 0.117825 0.086694
0 0.167296 0.208669 0.065710 0.084677
0 0.895770 0.207661 0.064955 0.084677
0 0.202795 0.301915 0.065710 0.085685
0 0.531722 0.209173 0.064955 0.085685
0 0.621979 0.491935 0.067221 0.086694
0 0.604230 0.209677 0.066465 0.084677
0 0.331571 0.492440 0.066465 0.085685
0 0.222054 0.397681 0.064955 0.083669
0 0.713746 0.302923 0.066465 0.085685
0 0.932402 0.301915 0.065710 0.085685
0 0.459215 0.208669 0.066465 0.084677
0 0.422205 0.301915 0.063444 0.083669
0 0.404456 0.491431 0.067221 0.083669
0 0.276813 0.302923 0.065710 0.085685
0 0.586103 0.396673 0.063444 0.085685
0 0.694864 0.490927 0.064955 0.084677
0 0.696752 0.594758 0.086858 0.100806
0 0.053625 0.397177 0.105740 0.082661
0 0.513595 0.397177 0.064955 0.084677
0 0.027190 0.208165 0.052870 0.083669
0 0.768505 0.490927 0.065710 0.082661
0 0.959592 0.396673 0.082326 0.085685
0 0.473565 0.594758 0.348943 0.100806
0 0.804381 0.397681 0.064955 0.083669
0 0.093656 0.208165 0.063444 0.083669
0 0.027568 0.594254 0.053625 0.097782
0 0.987160 0.302923 0.027190 0.085685
