0 0.295149 0.469048 0.067910 0.086667
0 0.036567 0.560000 0.071642 0.085714
0 0.987313 0.420476 0.026866 0.174286
0 0.332463 0.560476 0.069403 0.084762
0 0.484328 0.652381 0.370149 0.087619
0 0.460821 0.285238 0.067910 0.084762
0 0.405970 0.560476 0.067164 0.084762
0 0.111940 0.560000 0.068657 0.085714
0 0.828358 0.285238 0.067164 0.084762
0 0.681343 0.285238 0.068657 0.084762
0 0.972388 0.284762 0.056716 0.085714
0 0.054478 0.467619 0.107463 0.083810
0 0.026493 0.284762 0.051493 0.083810
0 0.932463 0.375714 0.066418 0.084762
0 0.036194 0.652381 0.070896 0.085714
0 0.944030 0.560000 0.113433 0.087619
0 0.707463 0.653810 0.067164 0.084762
0 0.755224 0.285714 0.067164 0.085714
0 0.367910 0.468095 0.067164 0.084762
0 0.957090 0.468571 0.066418 0.083810
0 0.589179 0.467619 0.066418 0.083810
0 0.196642 0.376667 0.067910 0.084762
0 0.042164 0.375714 0.082836 0.084762
0 0.638060 0.376190 0.067164 0.083810
0 0.166791 0.285238 0.067910 0.084762
0 0.810448 0.470000 0.067164 0.084762
0 0.785075 0.376190 0.067164 0.083810
0 0.148507 0.468571 0.067164 0.083810
0 0.736940 0.468095 0.066418 0.084762
0 0.221269 0.469048 0.067910 0.084762
0 0.902239 0.283810 0.065672 0.083810
0 0.884328 0.469524 0.067164 0.085714
0 0.663060 0.468571 0.066418 0.083810
0 0.092910 0.284762 0.066418 0.083810
0 0.552612 0.560476 0.067910 0.084762
0 0.123507 0.377619 0.070896 0.086667
0 0.500746 0.432381 1.000000 0.596190
0 0.417910 0.376190 0.065672 0.083810
0 0.314179 0.284286 0.067164 0.084762
0 0.344403 0.376667 0.067910 0.084762
0 0.626119 0.560952 0.068657 0.085714
0 0.711194 0.376190 0.068657 0.085714
0 0.700000 0.559524 0.067164 0.084762
0 0.270896 0.377143 0.068657 0.085714
0 0.535075 0.286190 0.068657 0.084762
0 0.185448 0.560000 0.067910 0.083810
0 0.490672 0.376667 0.067910 0.084762
0 0.515299 0.468571 0.067910 0.083810
0 0.258955 0.652381 0.068657 0.083810
0 0.386567 0.285238 0.068657 0.084762
0 0.258582 0.560476 0.067910 0.084762
0 0.607463 0.285238 0.067164 0.084762
0 0.846269 0.560476 0.068657 0.084762
0 0.773881 0.560000 0.067164 0.083810
0 0.239925 0.285714 0.067910 0.085714
0 0.563433 0.376190 0.067164 0.085714
0 0.858955 0.376667 0.068657 0.086667
0 0.441791 0.468095 0.067164 0.084762
0 0.479478 0.560000 0.069403 0.085714
