0 0.560000 0.451339 0.057333 0.075893
0 0.083000 0.451339 0.107333 0.075893
0 0.415000 0.366964 0.056667 0.075000
0 0.673333 0.367411 0.058667 0.075893
0 0.657000 0.534375 0.058000 0.075893
0 0.270667 0.535714 0.058667 0.075000
0 0.867333 0.366518 0.058667 0.075893
0 0.544333 0.367411 0.058000 0.075893
0 0.592000 0.535268 0.060000 0.077679
0 0.261667 0.626339 0.076667 0.088393
0 0.706000 0.283482 0.058667 0.077679
0 0.464000 0.535268 0.060000 0.075893
0 0.060000 0.283036 0.057333 0.075000
0 0.609000 0.366964 0.058000 0.075000
0 0.625000 0.451339 0.058000 0.075893
0 0.102000 0.534821 0.141333 0.078571
0 0.640667 0.283929 0.058667 0.076786
0 0.460667 0.625893 0.309333 0.091071
0 0.431333 0.451786 0.058667 0.075000
0 0.907667 0.450446 0.107333 0.077679
0 0.915667 0.282589 0.091333 0.075893
0 0.834000 0.282143 0.057333 0.075000
0 0.892000 0.535268 0.141333 0.079464
0 0.933333 0.367411 0.057333 0.075893
0 0.206667 0.535714 0.058667 0.075000
0 0.286000 0.367411 0.058667 0.075893
0 0.189333 0.283482 0.058667 0.075893
0 0.495667 0.451786 0.058000 0.076786
0 0.753667 0.451786 0.058000 0.075000
0 0.076000 0.366071 0.089333 0.076786
0 0.383000 0.283036 0.059333 0.076786
0 0.512000 0.283929 0.058667 0.076786
0 0.335000 0.536607 0.059333 0.076786
0 0.447667 0.283482 0.059333 0.075893
0 0.124333 0.282589 0.056667 0.075893
0 0.479667 0.366964 0.059333 0.075000
0 0.366667 0.451339 0.057333 0.075893
0 0.157000 0.367857 0.059333 0.076786
0 0.059667 0.625893 0.059333 0.089286
0 0.658000 0.626339 0.077333 0.090179
0 0.496667 0.422321 0.974667 0.539286
0 0.221000 0.366518 0.058000 0.075893
0 0.721667 0.534821 0.058000 0.075000
0 0.689333 0.451339 0.057333 0.075893
0 0.237667 0.451786 0.058000 0.075000
0 0.785000 0.534821 0.059333 0.075000
0 0.254333 0.283929 0.059333 0.076786
0 0.576333 0.283929 0.058000 0.076786
0 0.738000 0.367411 0.058667 0.075893
0 0.399000 0.535268 0.059333 0.075893
0 0.818667 0.451339 0.058667 0.075893
0 0.173000 0.451339 0.058000 0.075893
0 0.318667 0.283482 0.057333 0.075893
0 0.528000 0.535268 0.058667 0.075893
0 0.351000 0.367411 0.058000 0.075893
0 0.802000 0.366964 0.058667 0.076786
0 0.769667 0.283036 0.058000 0.076786
0 0.302333 0.451786 0.059333 0.076786
