0 0.034167 0.450000 0.038333 0.036667
0 0.315833 0.490833 0.038333 0.038333
0 0.462500 0.622500 0.048333 0.045000
0 0.240000 0.534167 0.036667 0.038333
0 0.209167 0.448333 0.038333 0.040000
0 0.260833 0.577500 0.038333 0.038333
0 0.050000 0.535833 0.070000 0.038333
0 0.099167 0.491667 0.041667 0.040000
0 0.196667 0.535000 0.036667 0.040000
0 0.294167 0.448333 0.038333 0.040000
0 0.175833 0.578333 0.038333 0.040000
0 0.337500 0.448333 0.038333 0.040000
0 0.542500 0.533333 0.038333 0.040000
0 0.628333 0.622500 0.063333 0.045000
0 0.165000 0.449167 0.040000 0.038333
0 0.424167 0.447500 0.038333 0.038333
0 0.154167 0.535000 0.038333 0.040000
0 0.347500 0.577500 0.038333 0.038333
0 0.158333 0.624167 0.050000 0.045000
0 0.217500 0.577500 0.038333 0.038333
0 0.401667 0.490833 0.036667 0.038333
0 0.487500 0.490833 0.038333 0.038333
0 0.078333 0.449167 0.036667 0.038333
0 0.326667 0.534167 0.036667 0.038333
0 0.186667 0.491667 0.036667 0.040000
0 0.530833 0.490833 0.038333 0.038333
0 0.627500 0.490833 0.058333 0.038333
0 0.045000 0.492500 0.056667 0.038333
0 0.380833 0.448333 0.038333 0.040000
0 0.499167 0.534167 0.038333 0.038333
0 0.039167 0.580000 0.048333 0.036667
0 0.434167 0.576667 0.038333 0.040000
0 0.304167 0.576667 0.038333 0.040000
0 0.273333 0.490833 0.036667 0.038333
0 0.390833 0.577500 0.038333 0.041667
0 0.600833 0.575833 0.111667 0.038333
0 0.510000 0.447500 0.040000 0.038333
0 0.088333 0.578333 0.040000 0.040000
0 0.465833 0.447500 0.038333 0.038333
0 0.493333 0.517500 0.983333 0.311667
0 0.311667 0.623333 0.246667 0.046667
0 0.132500 0.579167 0.038333 0.038333
0 0.121667 0.449167 0.040000 0.038333
0 0.412500 0.534167 0.038333 0.038333
0 0.444167 0.490833 0.038333 0.038333
0 0.284167 0.534167 0.038333 0.038333
0 0.455833 0.534167 0.038333 0.038333
0 0.043333 0.625833 0.063333 0.045000
0 0.369167 0.534167 0.038333 0.038333
0 0.359167 0.491667 0.038333 0.040000
0 0.250833 0.449167 0.038333 0.038333
0 0.616667 0.446667 0.080000 0.040000
0 0.574167 0.490833 0.038333 0.038333
0 0.611667 0.533333 0.090000 0.040000
0 0.477500 0.575833 0.038333 0.038333
0 0.552500 0.447500 0.038333 0.038333
0 0.519167 0.575833 0.038333 0.038333
0 0.110000 0.535000 0.040000 0.040000
0 0.229167 0.490833 0.038333 0.038333
0 0.143333 0.491667 0.040000 0.040000
