0 0.269000 0.442500 0.032000 0.033000
0 0.322500 0.478000 0.033000 0.034000
0 0.152000 0.514500 0.032000 0.033000
0 0.097500 0.550500 0.033000 0.033000
0 0.241500 0.550500 0.033000 0.033000
0 0.296000 0.514000 0.032000 0.032000
0 0.066000 0.514500 0.060000 0.033000
0 0.088500 0.442500 0.033000 0.033000
0 0.412500 0.442500 0.033000 0.033000
0 0.061500 0.479000 0.051000 0.034000
0 0.277000 0.550500 0.034000 0.033000
0 0.385500 0.549500 0.033000 0.033000
0 0.524500 0.550000 0.095000 0.034000
0 0.313500 0.550500 0.033000 0.033000
0 0.232500 0.442500 0.033000 0.033000
0 0.205500 0.550500 0.033000 0.033000
0 0.456500 0.550000 0.033000 0.032000
0 0.052000 0.442500 0.032000 0.033000
0 0.484000 0.442000 0.032000 0.032000
0 0.394000 0.478500 0.032000 0.033000
0 0.349500 0.550500 0.033000 0.033000
0 0.305000 0.442500 0.032000 0.033000
0 0.170000 0.550500 0.032000 0.033000
0 0.547000 0.478000 0.050000 0.032000
0 0.251000 0.478500 0.032000 0.033000
0 0.156000 0.588500 0.042000 0.039000
0 0.502500 0.477500 0.033000 0.033000
0 0.286500 0.478000 0.033000 0.034000
0 0.332000 0.514000 0.032000 0.034000
0 0.283000 0.588500 0.206000 0.039000
0 0.439500 0.514500 0.033000 0.033000
0 0.134000 0.550500 0.032000 0.033000
0 0.475500 0.514000 0.033000 0.034000
0 0.197000 0.442500 0.032000 0.033000
0 0.409000 0.588000 0.042000 0.038000
0 0.534500 0.513500 0.077000 0.033000
0 0.160500 0.443000 0.033000 0.032000
0 0.188000 0.515000 0.032000 0.034000
0 0.421500 0.549500 0.033000 0.033000
0 0.056500 0.551500 0.043000 0.033000
0 0.142500 0.478500 0.033000 0.033000
0 0.403500 0.514000 0.033000 0.034000
0 0.547000 0.588000 0.054000 0.038000
0 0.124500 0.443000 0.033000 0.032000
0 0.061000 0.589000 0.054000 0.038000
0 0.465500 0.478000 0.033000 0.034000
0 0.106500 0.478500 0.033000 0.033000
0 0.214500 0.478500 0.033000 0.033000
0 0.367500 0.514000 0.033000 0.034000
0 0.376500 0.442500 0.033000 0.033000
0 0.448500 0.442500 0.033000 0.033000
0 0.434500 0.502000 0.829000 0.264000
0 0.340500 0.442500 0.033000 0.033000
0 0.430000 0.478000 0.032000 0.034000
0 0.260000 0.514500 0.032000 0.033000
0 0.537500 0.441500 0.067000 0.033000
0 0.116000 0.514500 0.032000 0.033000
0 0.358500 0.478500 0.033000 0.033000
0 0.179000 0.478500 0.032000 0.033000
0 0.224000 0.514500 0.032000 0.033000
