0 0.599892 0.037459 0.163067 0.071661
0 0.572894 0.719870 0.158747 0.231270
0 0.332613 0.125407 0.159827 0.188925
0 0.717603 0.087948 0.171706 0.172638
0 0.210043 0.901466 0.158747 0.200326
0 0.378510 0.435668 0.173866 0.216612
0 0.798056 0.390065 0.192225 0.216612
0 0.859611 0.509772 0.282937 0.413681
0 0.501080 0.501629 1.000000 1.000000
0 0.847732 0.049674 0.170626 0.096091
0 0.650648 0.475570 0.184665 0.218241
0 0.469222 0.076547 0.165227 0.149837
0 0.072894 0.263029 0.124190 0.184039
0 0.667387 0.279316 0.177106 0.203583
0 0.808855 0.207655 0.177106 0.203583
0 0.524298 0.364007 0.173866 0.216612
0 0.138769 0.393322 0.212743 0.229642
0 0.445464 0.230456 0.167387 0.193811
0 0.503240 0.558632 0.185745 0.228013
0 0.197084 0.196254 0.156587 0.197068
0 0.188985 0.542345 0.252700 0.267101
0 0.582073 0.155537 0.170626 0.184039
0 0.208963 0.723941 0.232181 0.268730
0 0.927106 0.142508 0.147948 0.203583
0 0.923866 0.317590 0.154428 0.201954
0 0.369330 0.629479 0.149028 0.223127
0 0.303456 0.307003 0.174946 0.200326
