0 0.424805 0.080584 0.109375 0.140863
0 0.336914 0.393401 0.113281 0.159898
0 0.668945 0.574873 0.103516 0.121827
0 0.483887 0.231599 0.110352 0.135787
0 0.444336 0.572970 0.103516 0.123096
0 0.111816 0.230330 0.143555 0.138325
0 0.142090 0.074239 0.204102 0.143401
0 0.505371 0.250000 0.987305 0.494924
0 0.557129 0.574239 0.104492 0.123096
0 0.509277 0.744289 0.963867 0.491117
0 0.247070 0.230330 0.111328 0.138325
0 0.945312 0.713198 0.099609 0.124365
0 0.782227 0.574873 0.105469 0.121827
0 0.544434 0.079949 0.110352 0.142132
0 0.663574 0.079315 0.112305 0.140863
0 0.216797 0.392132 0.113281 0.159898
0 0.721680 0.230330 0.111328 0.135787
0 0.498535 0.710660 0.102539 0.121827
0 0.173828 0.571701 0.193359 0.123096
0 0.306152 0.079315 0.110352 0.138325
0 0.722168 0.710660 0.100586 0.119289
0 0.207520 0.708756 0.247070 0.123096
0 0.782715 0.078680 0.112305 0.142132
0 0.388184 0.710025 0.102539 0.120558
0 0.483887 0.855964 0.133789 0.140863
0 0.333496 0.572970 0.102539 0.123096
0 0.603027 0.232234 0.110352 0.134518
0 0.611328 0.711929 0.103516 0.121827
0 0.365234 0.231599 0.109375 0.138325
0 0.136230 0.860406 0.106445 0.147208
0 0.776855 0.857234 0.438477 0.143401
0 0.770508 0.390863 0.453125 0.162437
0 0.894531 0.574873 0.103516 0.121827
0 0.842773 0.229695 0.111328 0.134518
0 0.903320 0.076777 0.111328 0.138325
0 0.835449 0.711294 0.102539 0.120558
