0 0.255500 0.564500 0.039000 0.047000
0 0.139000 0.627000 0.042000 0.048000
0 0.676500 0.507000 0.053000 0.094000
0 0.325000 0.610000 0.038000 0.044000
0 0.654000 0.584000 0.100000 0.048000
0 0.412500 0.603000 0.037000 0.044000
0 0.168500 0.464500 0.043000 0.047000
0 0.162000 0.571500 0.040000 0.047000
0 0.374500 0.662500 0.247000 0.071000
0 0.421000 0.501500 0.036000 0.045000
0 0.639000 0.534000 0.034000 0.044000
0 0.378000 0.503500 0.036000 0.045000
0 0.353500 0.454000 0.037000 0.044000
0 0.477000 0.547000 0.034000 0.044000
0 0.186500 0.622500 0.039000 0.047000
0 0.565500 0.442000 0.035000 0.044000
0 0.120000 0.467500 0.042000 0.047000
0 0.085000 0.525000 0.072000 0.050000
0 0.441000 0.449500 0.036000 0.045000
0 0.216000 0.462000 0.042000 0.046000
0 0.217500 0.677000 0.055000 0.056000
0 0.484000 0.447000 0.036000 0.044000
0 0.093000 0.579000 0.086000 0.050000
0 0.194500 0.515500 0.041000 0.047000
0 0.665000 0.437000 0.072000 0.044000
0 0.525500 0.445000 0.035000 0.044000
0 0.234000 0.619000 0.038000 0.046000
0 0.505500 0.542000 0.961000 0.416000
0 0.082500 0.634000 0.059000 0.050000
0 0.455000 0.600000 0.036000 0.046000
0 0.263500 0.458500 0.039000 0.045000
0 0.526500 0.647500 0.047000 0.051000
0 0.241000 0.513000 0.040000 0.046000
0 0.333000 0.506500 0.036000 0.045000
0 0.627000 0.487000 0.032000 0.044000
0 0.505500 0.495000 0.035000 0.044000
0 0.464000 0.498000 0.034000 0.044000
0 0.069500 0.470000 0.045000 0.048000
0 0.279500 0.615000 0.039000 0.046000
0 0.599000 0.538000 0.034000 0.044000
0 0.390000 0.554500 0.036000 0.045000
0 0.588000 0.490500 0.034000 0.045000
0 0.091000 0.690500 0.074000 0.059000
0 0.606500 0.439000 0.033000 0.042000
0 0.301500 0.561000 0.037000 0.044000
0 0.547500 0.493000 0.033000 0.044000
0 0.369500 0.607000 0.037000 0.044000
0 0.539000 0.592500 0.034000 0.043000
0 0.579000 0.588500 0.034000 0.043000
0 0.209000 0.568500 0.040000 0.047000
0 0.146500 0.520000 0.041000 0.048000
0 0.680500 0.633000 0.055000 0.050000
0 0.396500 0.451500 0.037000 0.045000
0 0.518000 0.544500 0.034000 0.043000
0 0.346500 0.557500 0.035000 0.045000
0 0.559500 0.541500 0.033000 0.043000
0 0.498000 0.596000 0.034000 0.044000
0 0.288000 0.509500 0.038000 0.045000
0 0.309000 0.456000 0.038000 0.044000
0 0.433000 0.550500 0.036000 0.045000
