0 0.368267 0.570258 0.043326 0.046838
0 0.183841 0.467799 0.044496 0.045667
0 0.523419 0.675644 0.058548 0.053864
0 0.135246 0.468970 0.043326 0.045667
0 0.590164 0.620609 0.044496 0.044496
0 0.207845 0.519906 0.043326 0.046838
0 0.467213 0.569672 0.044496 0.045667
0 0.714286 0.543911 0.067916 0.099532
0 0.055621 0.572014 0.078454 0.045667
0 0.349532 0.676230 0.279859 0.055035
0 0.554450 0.519321 0.043326 0.045667
0 0.714286 0.676815 0.072600 0.053864
0 0.529859 0.468384 0.045667 0.046838
0 0.442037 0.621194 0.045667 0.048009
0 0.417447 0.569672 0.043326 0.045667
0 0.176230 0.675644 0.057377 0.053864
0 0.282787 0.468384 0.043326 0.046838
0 0.257026 0.519321 0.043326 0.045667
0 0.683255 0.622365 0.129977 0.045667
0 0.098361 0.621194 0.044496 0.045667
0 0.086066 0.468970 0.043326 0.045667
0 0.158665 0.518735 0.043326 0.046838
0 0.110070 0.519906 0.044496 0.046838
0 0.516979 0.569672 0.043326 0.045667
0 0.652225 0.518735 0.044496 0.046838
0 0.269321 0.569672 0.042155 0.045667
0 0.293326 0.621194 0.043326 0.045667
0 0.430913 0.468384 0.044496 0.046838
0 0.122365 0.570843 0.043326 0.045667
0 0.146370 0.621194 0.042155 0.045667
0 0.603044 0.518735 0.044496 0.046838
0 0.566745 0.570258 0.044496 0.046838
0 0.701405 0.468384 0.093677 0.046838
0 0.665691 0.569087 0.043326 0.046838
0 0.049766 0.520492 0.066745 0.045667
0 0.579040 0.467799 0.045667 0.045667
0 0.381148 0.467799 0.043326 0.045667
0 0.170960 0.570843 0.042155 0.045667
0 0.194965 0.621194 0.043326 0.045667
0 0.392272 0.621194 0.044496 0.045667
0 0.306206 0.519321 0.043326 0.045667
0 0.491218 0.621194 0.043326 0.045667
0 0.405738 0.519321 0.043326 0.045667
0 0.233607 0.468384 0.043326 0.044496
0 0.042740 0.622951 0.055035 0.044496
0 0.480094 0.467799 0.044496 0.045667
0 0.454918 0.518150 0.043326 0.045667
0 0.615925 0.569672 0.044496 0.048009
0 0.504098 0.519321 0.043326 0.045667
0 0.541569 0.620609 0.043326 0.044496
0 0.036885 0.468970 0.040984 0.045667
0 0.343091 0.621194 0.044496 0.045667
0 0.049180 0.675644 0.070258 0.053864
0 0.355386 0.518735 0.043326 0.046838
0 0.331967 0.467799 0.043326 0.045667
0 0.220141 0.570258 0.042155 0.046838
0 0.501171 0.539813 1.000000 0.423888
0 0.319087 0.570258 0.043326 0.046838
0 0.628220 0.467213 0.043326 0.044496
0 0.244145 0.621194 0.043326 0.045667
