0 0.203603 0.551856 0.042576 0.051310
0 0.076419 0.620087 0.045852 0.052402
0 0.663210 0.489083 0.057860 0.102620
0 0.279476 0.601528 0.041485 0.048035
0 0.638646 0.573144 0.109170 0.052402
0 0.375000 0.593886 0.040393 0.048035
0 0.108624 0.442686 0.046943 0.051310
0 0.101528 0.559498 0.043668 0.051310
0 0.333515 0.658843 0.269651 0.077511
0 0.384279 0.483079 0.039301 0.049127
0 0.622271 0.518559 0.037118 0.048035
0 0.337336 0.485262 0.039301 0.049127
0 0.310590 0.431223 0.040393 0.048035
0 0.445415 0.532751 0.037118 0.048035
0 0.128275 0.615175 0.042576 0.051310
0 0.542031 0.418122 0.038210 0.048035
0 0.055677 0.445961 0.045852 0.051310
0 0.028930 0.508734 0.055677 0.054585
0 0.406114 0.426310 0.039301 0.049127
0 0.160480 0.439956 0.045852 0.050218
0 0.162118 0.674672 0.060044 0.061135
0 0.453057 0.423581 0.039301 0.048035
0 0.037118 0.567686 0.072052 0.054585
0 0.137009 0.498362 0.044760 0.051310
0 0.650655 0.412664 0.078603 0.048035
0 0.498362 0.421397 0.038210 0.048035
0 0.180131 0.611354 0.041485 0.050218
0 0.501092 0.527293 1.000000 0.454148
0 0.024017 0.627729 0.045852 0.054585
0 0.421397 0.590611 0.039301 0.050218
0 0.212336 0.436135 0.042576 0.049127
0 0.499454 0.642467 0.051310 0.055677
0 0.187773 0.495633 0.043668 0.050218
0 0.288210 0.488537 0.039301 0.049127
0 0.609170 0.467249 0.034934 0.048035
0 0.476528 0.475983 0.038210 0.048035
0 0.431223 0.479258 0.037118 0.048035
0 0.013100 0.448690 0.024017 0.052402
0 0.229803 0.606987 0.042576 0.050218
0 0.578603 0.522926 0.037118 0.048035
0 0.350437 0.540939 0.039301 0.049127
0 0.566594 0.471070 0.037118 0.049127
0 0.032751 0.689410 0.063319 0.064410
0 0.586790 0.414847 0.036026 0.045852
0 0.253821 0.548035 0.040393 0.048035
0 0.522380 0.473799 0.036026 0.048035
0 0.328057 0.598253 0.040393 0.048035
0 0.513100 0.582424 0.037118 0.046943
0 0.556769 0.578057 0.037118 0.046943
0 0.152838 0.556223 0.043668 0.051310
0 0.084607 0.503275 0.044760 0.052402
0 0.667576 0.626638 0.060044 0.054585
0 0.357533 0.428493 0.040393 0.049127
0 0.490175 0.530022 0.037118 0.046943
0 0.302948 0.544214 0.038210 0.049127
0 0.535480 0.526747 0.036026 0.046943
0 0.468341 0.586245 0.037118 0.048035
0 0.239083 0.491812 0.041485 0.049127
0 0.262009 0.433406 0.041485 0.048035
0 0.397380 0.536572 0.039301 0.049127
