0 0.547143 0.635484 0.045714 0.103226
0 0.077143 0.746774 0.111429 0.106452
0 0.314286 0.748387 0.045714 0.103226
0 0.721429 0.632258 0.085714 0.103226
0 0.482143 0.519355 0.044286 0.103226
0 0.185000 0.633871 0.047143 0.100000
0 0.160000 0.748387 0.045714 0.103226
0 0.042857 0.409677 0.045714 0.096774
0 0.044286 0.870968 0.048571 0.122581
0 0.378571 0.520968 0.045714 0.106452
0 0.728571 0.408065 0.071429 0.100000
0 0.708571 0.748387 0.111429 0.103226
0 0.430000 0.519355 0.045714 0.103226
0 0.365714 0.748387 0.048571 0.103226
0 0.585000 0.519355 0.047143 0.103226
0 0.572143 0.746774 0.047143 0.100000
0 0.364286 0.869355 0.245714 0.125806
0 0.636429 0.519355 0.047143 0.103226
0 0.095000 0.411290 0.044286 0.100000
0 0.455714 0.406452 0.045714 0.103226
0 0.249286 0.408065 0.044286 0.100000
0 0.352857 0.408065 0.045714 0.100000
0 0.146429 0.408065 0.047143 0.100000
0 0.288571 0.633871 0.045714 0.100000
0 0.300714 0.406452 0.047143 0.103226
0 0.507143 0.406452 0.045714 0.103226
0 0.650000 0.635484 0.045714 0.103226
0 0.468571 0.746774 0.048571 0.106452
0 0.494286 0.635484 0.045714 0.103226
0 0.205714 0.869355 0.062857 0.125806
0 0.132857 0.633871 0.045714 0.100000
0 0.340000 0.633871 0.045714 0.100000
0 0.197857 0.408065 0.047143 0.100000
0 0.120714 0.520968 0.047143 0.106452
0 0.172857 0.517742 0.045714 0.106452
0 0.275714 0.519355 0.045714 0.103226
0 0.498571 0.598387 0.994286 0.777419
0 0.237143 0.635484 0.045714 0.103226
0 0.056429 0.520968 0.072857 0.106452
0 0.327143 0.519355 0.045714 0.103226
0 0.623571 0.748387 0.047143 0.103226
0 0.559286 0.406452 0.047143 0.103226
0 0.404286 0.406452 0.045714 0.103226
0 0.262857 0.748387 0.045714 0.103226
0 0.688571 0.519355 0.045714 0.103226
0 0.662857 0.404839 0.045714 0.100000
0 0.211429 0.748387 0.045714 0.103226
0 0.740000 0.520968 0.045714 0.100000
0 0.598571 0.635484 0.045714 0.103226
0 0.522857 0.867742 0.062857 0.122581
0 0.532857 0.519355 0.045714 0.103226
0 0.611429 0.406452 0.045714 0.103226
0 0.224286 0.519355 0.045714 0.103226
0 0.063571 0.635484 0.084286 0.103226
0 0.391429 0.633871 0.045714 0.100000
0 0.520714 0.748387 0.047143 0.103226
0 0.442857 0.633871 0.045714 0.100000
0 0.417143 0.748387 0.045714 0.103226
