0 0.030783 0.641542 0.060414 0.049482
0 0.155063 0.532509 0.051208 0.050058
0 0.489931 0.533084 0.051208 0.050058
0 0.306962 0.700230 0.265247 0.059839
0 0.056674 0.587457 0.050058 0.049482
0 0.293728 0.478423 0.050058 0.048907
0 0.210875 0.532796 0.050058 0.049482
0 0.237629 0.478423 0.051784 0.048907
0 0.406214 0.478423 0.050633 0.048907
0 0.126582 0.478423 0.050633 0.048907
0 0.616801 0.587745 0.051784 0.050058
0 0.504603 0.588032 0.049482 0.049482
0 0.266398 0.533084 0.049482 0.050058
0 0.023878 0.588032 0.046605 0.049482
0 0.448216 0.587457 0.050633 0.049482
0 0.693901 0.586881 0.092060 0.049482
0 0.098101 0.532221 0.050058 0.050633
0 0.462025 0.478423 0.050633 0.050058
0 0.546605 0.533084 0.050633 0.050058
0 0.434695 0.532796 0.048907 0.049482
0 0.070771 0.478999 0.050633 0.048907
0 0.042865 0.533084 0.051208 0.050058
0 0.532221 0.641830 0.050633 0.048907
0 0.335731 0.587457 0.050058 0.049482
0 0.196778 0.641830 0.050633 0.050058
0 0.252589 0.642117 0.050633 0.049482
0 0.020426 0.479862 0.039701 0.048331
0 0.378308 0.533084 0.050058 0.050058
0 0.322785 0.533372 0.050633 0.049482
0 0.085443 0.642117 0.051208 0.049482
0 0.135213 0.699942 0.067894 0.058113
0 0.476122 0.641542 0.050058 0.049482
0 0.223820 0.587457 0.049482 0.049482
0 0.168585 0.587745 0.050633 0.050058
0 0.350690 0.478711 0.051208 0.049482
0 0.560127 0.588032 0.050058 0.049482
0 0.658516 0.532221 0.051208 0.049482
0 0.308400 0.641830 0.051784 0.048907
0 0.602129 0.533084 0.052359 0.050058
0 0.013521 0.701669 0.025892 0.058113
0 0.518412 0.478423 0.050633 0.050058
0 0.498849 0.573072 0.996548 0.376295
0 0.364212 0.642117 0.050633 0.049482
0 0.477560 0.699655 0.066743 0.058688
0 0.714327 0.532796 0.050058 0.049482
0 0.587745 0.642117 0.051208 0.049482
0 0.280207 0.587457 0.050633 0.049482
0 0.420311 0.642117 0.052359 0.050633
0 0.140967 0.642117 0.050633 0.049482
0 0.182394 0.478711 0.049482 0.048331
0 0.630322 0.478136 0.050058 0.049482
0 0.391830 0.587169 0.049482 0.050058
0 0.012946 0.478999 0.024741 0.048907
0 0.020138 0.533084 0.039125 0.050058
0 0.680380 0.641542 0.120253 0.049482
0 0.112486 0.588032 0.050058 0.049482
0 0.574223 0.478711 0.050633 0.049482
0 0.701956 0.478999 0.078251 0.048907
