0 0.540312 0.729583 0.045625 0.042500
0 0.518125 0.680000 0.087500 0.041667
0 0.398125 0.631667 0.026250 0.038333
0 0.201250 0.541667 0.026250 0.040000
0 0.339687 0.542083 0.028125 0.042500
0 0.409375 0.540417 0.027500 0.040833
0 0.291875 0.633333 0.026250 0.038333
0 0.163438 0.681667 0.026875 0.038333
0 0.344062 0.681250 0.028125 0.040833
0 0.095625 0.542917 0.027500 0.039167
0 0.236250 0.680417 0.027500 0.039167
0 0.285000 0.586667 0.026250 0.038333
0 0.390313 0.585417 0.026875 0.037500
0 0.415312 0.680833 0.026875 0.040000
0 0.450937 0.680000 0.026875 0.038333
0 0.355625 0.585833 0.026250 0.036667
0 0.327500 0.632917 0.026250 0.039167
0 0.443750 0.539583 0.027500 0.039167
0 0.272813 0.738750 0.201875 0.060833
0 0.126875 0.682083 0.027500 0.039167
0 0.433437 0.631667 0.026875 0.038333
0 0.399687 0.729167 0.036875 0.040000
0 0.304688 0.541667 0.026875 0.041667
0 0.270937 0.541667 0.028125 0.040000
0 0.130625 0.542917 0.027500 0.040833
0 0.308437 0.680417 0.026875 0.039167
0 0.214688 0.586667 0.026875 0.038333
0 0.184688 0.633333 0.028125 0.040000
0 0.448125 0.732500 0.038750 0.038333
0 0.199375 0.682083 0.027500 0.039167
0 0.460313 0.584583 0.026875 0.037500
0 0.271875 0.680833 0.027500 0.040000
0 0.256563 0.633333 0.026875 0.038333
0 0.478438 0.538333 0.025625 0.036667
0 0.148750 0.633750 0.026250 0.039167
0 0.165937 0.542500 0.028125 0.040000
0 0.425625 0.585000 0.026250 0.036667
0 0.051250 0.732083 0.047500 0.042500
0 0.527188 0.632500 0.071875 0.040000
0 0.379688 0.681250 0.026875 0.040833
0 0.250312 0.586250 0.025625 0.037500
0 0.438750 0.621250 0.855000 0.375833
0 0.220625 0.633750 0.026250 0.039167
0 0.061562 0.542500 0.026875 0.038333
0 0.143750 0.587500 0.027500 0.038333
0 0.530000 0.538750 0.061250 0.039167
0 0.236250 0.541667 0.027500 0.040000
0 0.113125 0.634583 0.027500 0.039167
0 0.069375 0.682500 0.073750 0.041667
0 0.061562 0.635417 0.045625 0.039167
0 0.065625 0.588333 0.045000 0.040000
0 0.495625 0.584583 0.027500 0.039167
0 0.540312 0.586250 0.044375 0.039167
0 0.363125 0.632083 0.026250 0.037500
0 0.179688 0.587917 0.026875 0.040833
0 0.320625 0.586250 0.026250 0.037500
0 0.108125 0.588333 0.027500 0.040000
0 0.469062 0.631250 0.026875 0.039167
0 0.146563 0.732500 0.038125 0.041667
0 0.374375 0.541667 0.027500 0.041667
