0 0.256563 0.472222 0.038125 0.064444
0 0.445625 0.393333 0.036250 0.062222
0 0.617500 0.313333 0.038750 0.064444
0 0.377812 0.557778 0.039375 0.066667
0 0.643125 0.393889 0.037500 0.063333
0 0.377500 0.312222 0.037500 0.064444
0 0.280000 0.311111 0.037500 0.064444
0 0.174063 0.555000 0.041875 0.065556
0 0.140313 0.471667 0.075625 0.063333
0 0.225000 0.556111 0.040000 0.065556
0 0.832500 0.657222 0.058750 0.072222
0 0.668125 0.314444 0.038750 0.064444
0 0.108750 0.640556 0.057500 0.070000
0 0.494375 0.393889 0.037500 0.063333
0 0.810312 0.436111 0.071875 0.150000
0 0.634062 0.563333 0.040625 0.066667
0 0.629062 0.652778 0.054375 0.074444
0 0.141875 0.389444 0.062500 0.061111
0 0.423125 0.312222 0.037500 0.064444
0 0.592187 0.393889 0.038125 0.063333
0 0.789687 0.312778 0.088125 0.067778
0 0.543125 0.393889 0.036250 0.063333
0 0.479375 0.560000 0.040000 0.066667
0 0.356875 0.473333 0.037500 0.064444
0 0.306875 0.473333 0.037500 0.066667
0 0.406562 0.474444 0.038125 0.064444
0 0.233750 0.311111 0.037500 0.064444
0 0.137500 0.307778 0.037500 0.064444
0 0.200937 0.389444 0.039375 0.063333
0 0.275313 0.557222 0.040625 0.065556
0 0.555625 0.476667 0.038750 0.066667
0 0.207500 0.471111 0.038750 0.066667
0 0.568750 0.315556 0.038750 0.064444
0 0.433437 0.650556 0.320625 0.076667
0 0.347500 0.391667 0.037500 0.063333
0 0.694063 0.393889 0.039375 0.065556
0 0.328750 0.313333 0.037500 0.064444
0 0.760000 0.479444 0.040000 0.067778
0 0.182500 0.306667 0.037500 0.064444
0 0.581875 0.562222 0.040000 0.066667
0 0.743750 0.394444 0.038750 0.066667
0 0.520000 0.314444 0.038750 0.064444
0 0.118125 0.555000 0.056250 0.063333
0 0.327188 0.558889 0.040625 0.066667
0 0.470625 0.506667 0.795000 0.480000
0 0.784687 0.566667 0.130625 0.066667
0 0.237187 0.645000 0.054375 0.070000
0 0.455937 0.475000 0.038125 0.065556
0 0.530000 0.561667 0.041250 0.067778
0 0.505313 0.475556 0.036875 0.066667
0 0.685312 0.565000 0.041875 0.067778
0 0.657813 0.477222 0.039375 0.067778
0 0.717500 0.313333 0.038750 0.064444
0 0.249688 0.389444 0.038125 0.063333
0 0.429375 0.558333 0.040000 0.065556
0 0.396875 0.392778 0.036250 0.063333
0 0.471250 0.313333 0.038750 0.064444
0 0.300000 0.393889 0.037500 0.063333
0 0.605938 0.476667 0.038125 0.066667
0 0.709375 0.478889 0.040000 0.068889
