0 0.215541 0.444653 0.062588 0.069418
0 0.174051 0.521576 0.065401 0.073171
0 0.422293 0.445591 0.062588 0.069418
0 0.800985 0.378987 0.059072 0.063790
0 0.022504 0.608349 0.043601 0.090994
0 0.760197 0.312383 0.056259 0.060038
0 0.056962 0.443715 0.112518 0.069418
0 0.669480 0.522514 0.063291 0.073171
0 0.140295 0.372889 0.062588 0.064728
0 0.244374 0.522514 0.063994 0.073171
0 0.182138 0.305347 0.059072 0.060976
0 0.147328 0.607411 0.071027 0.090994
0 0.805556 0.524390 0.063994 0.071295
0 0.529184 0.523921 0.065401 0.074109
0 0.894866 0.318011 0.085091 0.058161
0 0.315401 0.522514 0.065401 0.075047
0 0.353376 0.445122 0.061181 0.068480
0 0.310830 0.304878 0.057665 0.061914
0 0.915963 0.452158 0.107595 0.067542
0 0.634318 0.308161 0.057665 0.060976
0 0.863572 0.381332 0.057665 0.062852
0 0.607595 0.374765 0.059072 0.064728
0 0.828059 0.450281 0.061181 0.067542
0 0.672996 0.375704 0.059072 0.064728
0 0.054501 0.305347 0.059775 0.060976
0 0.117792 0.305347 0.058368 0.060976
0 0.821027 0.314728 0.055556 0.059099
0 0.441280 0.305816 0.058368 0.061914
0 0.540436 0.373827 0.061181 0.066604
0 0.697961 0.309568 0.058368 0.060038
0 0.453938 0.609287 0.352321 0.090994
0 0.148031 0.444184 0.062588 0.068480
0 0.339662 0.373827 0.060478 0.066604
0 0.912447 0.524859 0.142757 0.072233
0 0.206399 0.371951 0.061181 0.066604
0 0.759494 0.609756 0.067511 0.088180
0 0.272855 0.372889 0.060478 0.066604
0 0.737693 0.377111 0.057665 0.065666
0 0.500703 0.448874 1.000000 0.488743
0 0.407525 0.373358 0.059775 0.065666
0 0.763713 0.448874 0.060478 0.068480
0 0.629747 0.446529 0.061181 0.069418
0 0.697609 0.447936 0.060478 0.068480
0 0.506329 0.306285 0.057665 0.060976
0 0.375879 0.305816 0.058368 0.061914
0 0.474332 0.373827 0.061181 0.064728
0 0.284107 0.445122 0.061885 0.070356
0 0.491913 0.445591 0.062588 0.069418
0 0.246835 0.304878 0.059072 0.061914
0 0.570675 0.307223 0.056962 0.060976
0 0.560830 0.446060 0.062588 0.068480
0 0.069620 0.519231 0.137834 0.074109
0 0.599156 0.522514 0.063291 0.075047
0 0.386779 0.522514 0.064698 0.073171
0 0.739451 0.523921 0.062588 0.072233
0 0.457806 0.522514 0.066104 0.075047
0 0.925105 0.384146 0.058368 0.062852
0 0.059423 0.371482 0.094937 0.065666
