0 0.065937 0.682778 0.065625 0.065556
0 0.375000 0.537222 0.035000 0.063333
0 0.161562 0.681111 0.036875 0.064444
0 0.403750 0.676667 0.033750 0.062222
0 0.606875 0.820000 0.048750 0.064444
0 0.274687 0.607222 0.034375 0.063333
0 0.093750 0.541111 0.036250 0.064444
0 0.472187 0.606111 0.034375 0.063333
0 0.175000 0.540000 0.037500 0.064444
0 0.423125 0.746667 0.035000 0.064444
0 0.364063 0.677222 0.034375 0.063333
0 0.120938 0.682222 0.036875 0.064444
0 0.255625 0.538889 0.036250 0.062222
0 0.303750 0.749444 0.036250 0.065556
0 0.283750 0.678333 0.035000 0.063333
0 0.053437 0.755556 0.044375 0.062222
0 0.455937 0.820000 0.045625 0.064444
0 0.193750 0.608889 0.036250 0.064444
0 0.590000 0.535556 0.075000 0.062222
0 0.222500 0.751667 0.036250 0.065556
0 0.134687 0.540000 0.036875 0.064444
0 0.414375 0.537222 0.035000 0.063333
0 0.481875 0.676667 0.035000 0.062222
0 0.157188 0.826667 0.048125 0.066667
0 0.324375 0.678333 0.035000 0.063333
0 0.315312 0.607222 0.035625 0.063333
0 0.530937 0.535000 0.034375 0.061111
0 0.501250 0.746111 0.035000 0.063333
0 0.601250 0.640556 0.055000 0.134444
0 0.243750 0.678889 0.035000 0.062222
0 0.383125 0.747222 0.036250 0.065556
0 0.152812 0.608889 0.036875 0.064444
0 0.306875 0.823333 0.246250 0.068889
0 0.061250 0.610000 0.055000 0.064444
0 0.510938 0.606111 0.034375 0.063333
0 0.433125 0.606111 0.035000 0.063333
0 0.098750 0.753333 0.038750 0.064444
0 0.343750 0.747778 0.036250 0.064444
0 0.442812 0.675556 0.034375 0.062222
0 0.053437 0.540556 0.034375 0.063333
0 0.182188 0.752222 0.036875 0.064444
0 0.561250 0.675000 0.035000 0.061111
0 0.215625 0.538889 0.035000 0.062222
0 0.575625 0.745556 0.103750 0.064444
0 0.462500 0.746667 0.035000 0.064444
0 0.296250 0.537778 0.036250 0.062222
0 0.234063 0.608333 0.036875 0.063333
0 0.521250 0.675556 0.035000 0.062222
0 0.550312 0.605000 0.035625 0.063333
0 0.263125 0.749444 0.036250 0.065556
0 0.491875 0.536111 0.035000 0.061111
0 0.335938 0.536667 0.034375 0.062222
0 0.111875 0.610556 0.038750 0.065556
0 0.140313 0.753333 0.036875 0.064444
0 0.354375 0.606667 0.035000 0.064444
0 0.394062 0.605000 0.034375 0.063333
0 0.453437 0.537222 0.035625 0.063333
0 0.202813 0.681111 0.035625 0.064444
0 0.051875 0.830000 0.051250 0.066667
0 0.486250 0.602222 0.932500 0.573333
