0 0.363750 0.394913 0.058750 0.120482
0 0.743750 0.798527 0.058750 0.140562
0 0.413125 0.664659 0.058750 0.119143
0 0.526875 0.259036 0.058750 0.121821
0 0.314375 0.530790 0.058750 0.121821
0 0.703125 0.526104 0.056250 0.120482
0 0.897500 0.653280 0.133750 0.123159
0 0.795625 0.657296 0.057500 0.117805
0 0.500938 0.483936 0.973125 0.887550
0 0.843125 0.255689 0.055000 0.117805
0 0.686875 0.390228 0.057500 0.121821
0 0.183750 0.531459 0.058750 0.120482
0 0.475000 0.806560 0.307500 0.145917
0 0.112500 0.668005 0.143750 0.125837
0 0.542500 0.663320 0.058750 0.119143
0 0.445000 0.528782 0.057500 0.120482
0 0.510000 0.528112 0.057500 0.119143
0 0.606563 0.661312 0.058125 0.123159
0 0.733750 0.657965 0.056250 0.116466
0 0.874687 0.389558 0.055625 0.117805
0 0.066250 0.257697 0.058750 0.121821
0 0.248750 0.530790 0.058750 0.121821
0 0.330937 0.256359 0.056875 0.121821
0 0.718125 0.257697 0.056250 0.121821
0 0.654687 0.258367 0.058125 0.123159
0 0.558750 0.392236 0.057500 0.123159
0 0.936562 0.388220 0.054375 0.117805
0 0.828125 0.522758 0.056250 0.119143
0 0.765000 0.524096 0.056250 0.119143
0 0.494375 0.392905 0.058750 0.121821
0 0.395625 0.258367 0.058750 0.123159
0 0.199375 0.259036 0.060000 0.121821
0 0.133437 0.258367 0.058125 0.120482
0 0.623437 0.391566 0.056875 0.121821
0 0.265000 0.259036 0.060000 0.121821
0 0.461250 0.257697 0.058750 0.121821
0 0.429375 0.392905 0.057500 0.121821
0 0.477812 0.663320 0.059375 0.119143
0 0.202813 0.811914 0.061875 0.140562
0 0.812187 0.390228 0.056875 0.121821
0 0.380000 0.530120 0.058750 0.123159
0 0.167187 0.395582 0.060625 0.124498
0 0.591250 0.258367 0.058750 0.123159
0 0.218125 0.668005 0.058750 0.120482
0 0.574688 0.527443 0.056875 0.120482
0 0.670000 0.658635 0.057500 0.120482
0 0.084062 0.394244 0.093125 0.121821
0 0.070625 0.814592 0.062500 0.143240
0 0.298438 0.395582 0.060625 0.124498
0 0.093125 0.532129 0.110000 0.124498
0 0.639062 0.524766 0.056875 0.120482
0 0.283750 0.666667 0.058750 0.120482
0 0.750000 0.390228 0.056250 0.121821
0 0.913750 0.519411 0.101250 0.123159
0 0.780937 0.257697 0.056875 0.119143
0 0.232813 0.392905 0.059375 0.127175
0 0.920000 0.257028 0.086250 0.117805
0 0.348438 0.665997 0.059375 0.121821
