0 0.375937 0.623750 0.029375 0.044167
0 0.625938 0.673750 0.044375 0.045833
0 0.403750 0.473750 0.031250 0.047500
0 0.299375 0.624583 0.030000 0.044167
0 0.111250 0.576250 0.061250 0.045833
0 0.261250 0.625000 0.030000 0.045000
0 0.452500 0.623750 0.030000 0.045833
0 0.210938 0.474167 0.031875 0.050000
0 0.343125 0.676667 0.232500 0.046667
0 0.365625 0.473333 0.031250 0.046667
0 0.517188 0.472500 0.030625 0.046667
0 0.287500 0.473750 0.032500 0.049167
0 0.153750 0.526250 0.032500 0.047500
0 0.172187 0.473750 0.031875 0.049167
0 0.442500 0.473333 0.031250 0.048333
0 0.199063 0.677083 0.040625 0.045833
0 0.479687 0.472917 0.030625 0.047500
0 0.385313 0.523750 0.030625 0.045833
0 0.164375 0.575417 0.030000 0.045833
0 0.356875 0.574167 0.030000 0.045000
0 0.145625 0.626250 0.031250 0.045833
0 0.241563 0.575000 0.030625 0.046667
0 0.612812 0.471250 0.068125 0.047500
0 0.101875 0.679583 0.042500 0.047500
0 0.337500 0.624583 0.030000 0.044167
0 0.490312 0.622917 0.029375 0.044167
0 0.223125 0.625000 0.030000 0.045000
0 0.584063 0.572500 0.029375 0.046667
0 0.423438 0.523333 0.029375 0.043333
0 0.269062 0.525000 0.030625 0.046667
0 0.231563 0.525000 0.030625 0.046667
0 0.395313 0.574167 0.029375 0.045000
0 0.279687 0.574167 0.029375 0.045000
0 0.555312 0.472083 0.029375 0.045833
0 0.623125 0.547500 0.048750 0.098333
0 0.527500 0.623333 0.030000 0.045000
0 0.347500 0.524167 0.030000 0.045000
0 0.104688 0.525417 0.050625 0.047500
0 0.327188 0.473750 0.031875 0.049167
0 0.574688 0.523333 0.030625 0.046667
0 0.093750 0.474167 0.032500 0.048333
0 0.249688 0.474167 0.030625 0.048333
0 0.434063 0.573750 0.029375 0.044167
0 0.101250 0.627917 0.041250 0.044167
0 0.184375 0.625833 0.030000 0.043333
0 0.461250 0.522500 0.030000 0.043333
0 0.317500 0.574167 0.030000 0.045000
0 0.536875 0.523333 0.030000 0.045000
0 0.470938 0.572917 0.029375 0.044167
0 0.192500 0.525000 0.030000 0.046667
0 0.501563 0.532500 0.970625 0.391667
0 0.414375 0.624583 0.031250 0.045833
0 0.546875 0.572917 0.030000 0.045833
0 0.499063 0.522917 0.029375 0.044167
0 0.485625 0.673750 0.040000 0.045833
0 0.599063 0.621667 0.096875 0.045000
0 0.133125 0.474583 0.031250 0.045833
0 0.509062 0.572917 0.029375 0.044167
0 0.308125 0.524167 0.030000 0.045000
0 0.202813 0.575417 0.031875 0.045833
