0 0.074627 0.462000 0.059701 0.092000
0 0.918657 0.464000 0.061194 0.092000
0 0.861940 0.248000 0.061194 0.092000
0 0.553731 0.250000 0.062687 0.092000
0 0.141791 0.678000 0.080597 0.092000
0 0.026866 0.358000 0.050746 0.092000
0 0.287313 0.357000 0.058209 0.090000
0 0.431343 0.679000 0.468657 0.094000
0 0.420149 0.571000 0.061194 0.090000
0 0.924627 0.573000 0.153731 0.098000
0 0.763433 0.462000 0.061194 0.092000
0 0.267910 0.571000 0.061194 0.090000
0 0.192537 0.571000 0.059701 0.090000
0 0.534328 0.462000 0.056716 0.092000
0 0.170896 0.249000 0.061194 0.094000
0 0.975373 0.411000 0.052239 0.210000
0 0.515672 0.356000 0.058209 0.092000
0 0.439552 0.356000 0.058209 0.092000
0 0.953731 0.248000 0.095522 0.096000
0 0.501493 0.471000 1.000000 0.594000
0 0.726866 0.570000 0.059701 0.092000
0 0.571642 0.571000 0.059701 0.094000
0 0.708209 0.249000 0.064179 0.094000
0 0.381343 0.463000 0.058209 0.090000
0 0.305970 0.462000 0.059701 0.092000
0 0.325373 0.250000 0.062687 0.092000
0 0.022388 0.573000 0.041791 0.090000
0 0.228358 0.462000 0.059701 0.092000
0 0.496269 0.571000 0.061194 0.090000
0 0.591791 0.355000 0.058209 0.090000
0 0.647761 0.569000 0.059701 0.090000
0 0.210448 0.358000 0.059701 0.092000
0 0.035075 0.571000 0.061194 0.090000
0 0.344776 0.570000 0.059701 0.092000
0 0.716418 0.679000 0.083582 0.094000
0 0.610448 0.462000 0.059701 0.092000
0 0.113433 0.572000 0.059701 0.092000
0 0.132090 0.356000 0.058209 0.092000
0 0.841045 0.463000 0.061194 0.094000
0 0.249254 0.250000 0.059701 0.092000
0 0.745522 0.355000 0.058209 0.090000
0 0.032836 0.465000 0.062687 0.090000
0 0.785821 0.249000 0.061194 0.094000
0 0.022388 0.680000 0.041791 0.092000
0 0.023134 0.247000 0.043284 0.090000
0 0.054478 0.357000 0.061194 0.090000
0 0.687313 0.462000 0.058209 0.092000
0 0.802985 0.570000 0.059701 0.092000
0 0.092537 0.248000 0.062687 0.092000
0 0.364179 0.355000 0.056716 0.090000
0 0.668657 0.356000 0.059701 0.092000
0 0.631343 0.250000 0.062687 0.092000
0 0.900000 0.355000 0.059701 0.094000
0 0.401493 0.250000 0.062687 0.092000
0 0.477612 0.249000 0.059701 0.090000
0 0.152239 0.463000 0.059701 0.090000
0 0.912687 0.683000 0.085075 0.094000
0 0.016418 0.251000 0.029851 0.090000
0 0.823134 0.357000 0.061194 0.094000
0 0.458209 0.462000 0.059701 0.092000
