0 0.343795 0.496190 0.038516 0.057143
0 0.178317 0.497619 0.041369 0.058095
0 0.175820 0.351429 0.043509 0.062857
0 0.721113 0.420476 0.041369 0.060000
0 0.322397 0.566190 0.039943 0.056190
0 0.376961 0.564762 0.039230 0.055238
0 0.232882 0.349524 0.044936 0.062857
0 0.088088 0.427143 0.066334 0.058095
0 0.399429 0.495238 0.039943 0.057143
0 0.754280 0.345714 0.043509 0.060952
0 0.495007 0.423333 0.041369 0.058095
0 0.508916 0.435238 0.983595 0.518095
0 0.240014 0.634762 0.053495 0.054286
0 0.268188 0.566190 0.038516 0.054286
0 0.509272 0.495238 0.039943 0.057143
0 0.787090 0.493333 0.040656 0.057143
0 0.437946 0.423333 0.041369 0.058095
0 0.106990 0.636667 0.051355 0.054286
0 0.779601 0.420000 0.042796 0.060952
0 0.291013 0.350952 0.044223 0.060000
0 0.594151 0.564762 0.038516 0.055238
0 0.731812 0.494762 0.041369 0.058095
0 0.063481 0.353810 0.042796 0.060000
0 0.348431 0.351905 0.043509 0.060000
0 0.676177 0.493333 0.039943 0.057143
0 0.454708 0.495714 0.039230 0.056190
0 0.520685 0.351429 0.044223 0.060952
0 0.439372 0.632857 0.320970 0.058095
0 0.289586 0.496667 0.039943 0.058095
0 0.431883 0.564762 0.039230 0.055238
0 0.849857 0.633810 0.057775 0.050476
0 0.326676 0.423333 0.042796 0.058095
0 0.213623 0.567143 0.039230 0.056190
0 0.269615 0.424286 0.041369 0.058095
0 0.118759 0.351905 0.043509 0.061905
0 0.664765 0.421905 0.041369 0.059048
0 0.640514 0.631905 0.052782 0.052381
0 0.850571 0.455238 0.066334 0.131429
0 0.608417 0.422857 0.041369 0.059048
0 0.539586 0.563810 0.039230 0.055238
0 0.842368 0.343810 0.101284 0.060952
0 0.638730 0.348571 0.043509 0.060952
0 0.806348 0.562857 0.136234 0.057143
0 0.648359 0.565238 0.039943 0.056190
0 0.564551 0.495714 0.040656 0.056190
0 0.158702 0.567143 0.039230 0.058095
0 0.486448 0.564286 0.039943 0.054286
0 0.700071 0.347619 0.043509 0.060952
0 0.578816 0.349048 0.043509 0.061905
0 0.462910 0.350952 0.042796 0.060000
0 0.157275 0.423333 0.042083 0.058095
0 0.234308 0.496667 0.040656 0.058095
0 0.215050 0.423810 0.042083 0.059048
0 0.383024 0.423810 0.041369 0.057143
0 0.099501 0.571429 0.052068 0.060952
0 0.620542 0.494286 0.039943 0.057143
0 0.406205 0.350952 0.043509 0.060000
0 0.702568 0.565714 0.039943 0.057143
0 0.103780 0.500952 0.079173 0.059048
0 0.550642 0.423810 0.041369 0.057143
