0 0.383966 0.349906 0.032349 0.043152
0 0.561181 0.351313 0.070323 0.042214
0 0.396273 0.503752 0.033052 0.045028
0 0.553094 0.502814 0.101969 0.045028
0 0.196554 0.399156 0.033052 0.044090
0 0.463783 0.351782 0.031646 0.043152
0 0.363221 0.400094 0.031646 0.042214
0 0.135373 0.347561 0.033052 0.044090
0 0.138537 0.506567 0.033755 0.045028
0 0.503516 0.350844 0.029536 0.041276
0 0.049578 0.507974 0.035865 0.045966
0 0.280942 0.400094 0.031646 0.042214
0 0.271449 0.568011 0.243319 0.062852
0 0.302743 0.349437 0.031646 0.044090
0 0.094233 0.507036 0.035162 0.045966
0 0.524262 0.401032 0.031646 0.044090
0 0.455696 0.450750 0.032349 0.044090
0 0.239100 0.399625 0.032349 0.043152
0 0.049226 0.347092 0.033755 0.043152
0 0.332630 0.451220 0.032349 0.045028
0 0.477496 0.503283 0.032349 0.045966
0 0.415260 0.451689 0.031646 0.044090
0 0.268636 0.504690 0.033755 0.045028
0 0.220464 0.348499 0.033052 0.044090
0 0.021097 0.399625 0.040788 0.045028
0 0.248594 0.450750 0.033052 0.044090
0 0.581224 0.559099 0.056962 0.054409
0 0.012658 0.508443 0.023910 0.046904
0 0.067159 0.400094 0.034459 0.044090
0 0.015823 0.567542 0.030239 0.056285
0 0.162799 0.452158 0.033052 0.045028
0 0.074895 0.453096 0.034459 0.045028
0 0.343179 0.350375 0.032349 0.044090
0 0.024613 0.453096 0.047820 0.045028
0 0.205345 0.451689 0.032349 0.044090
0 0.575598 0.426360 0.052743 0.096623
0 0.290436 0.451689 0.032349 0.044090
0 0.421238 0.560507 0.045007 0.053471
0 0.495781 0.451220 0.032349 0.045028
0 0.322785 0.401032 0.032349 0.044090
0 0.444796 0.400094 0.030239 0.042214
0 0.424402 0.350844 0.031646 0.043152
0 0.118847 0.452158 0.033755 0.045028
0 0.178622 0.347561 0.032349 0.044090
0 0.011603 0.346623 0.021800 0.044090
0 0.353376 0.505159 0.034459 0.045966
0 0.484177 0.400094 0.031646 0.042214
0 0.437060 0.504221 0.031646 0.044090
0 0.153657 0.399156 0.033052 0.044090
0 0.092827 0.347092 0.033755 0.045028
0 0.464838 0.424953 0.928270 0.403377
0 0.535865 0.450750 0.030942 0.044090
0 0.374121 0.451220 0.032349 0.043152
0 0.181786 0.505629 0.034459 0.045028
0 0.311533 0.504690 0.033755 0.045028
0 0.225738 0.504690 0.033755 0.045028
0 0.118847 0.565666 0.047820 0.052533
0 0.405415 0.400094 0.031646 0.042214
0 0.110759 0.400094 0.033052 0.044090
0 0.261603 0.348499 0.032349 0.044090
