0 0.416875 0.314167 0.028750 0.038333
0 0.574375 0.315417 0.062500 0.037500
0 0.427812 0.450833 0.029375 0.040000
0 0.567187 0.450000 0.090625 0.040000
0 0.250312 0.357917 0.029375 0.039167
0 0.487812 0.315833 0.028125 0.038333
0 0.398438 0.358750 0.028125 0.037500
0 0.195937 0.312083 0.029375 0.039167
0 0.198750 0.453333 0.030000 0.040000
0 0.523125 0.315000 0.026250 0.036667
0 0.119688 0.454583 0.031875 0.040833
0 0.325313 0.358750 0.028125 0.037500
0 0.316875 0.507917 0.216250 0.055833
0 0.344687 0.313750 0.028125 0.039167
0 0.159375 0.453750 0.031250 0.040833
0 0.541562 0.359583 0.028125 0.039167
0 0.480625 0.403750 0.028750 0.039167
0 0.288125 0.358333 0.028750 0.038333
0 0.119375 0.311667 0.030000 0.038333
0 0.371250 0.404167 0.028750 0.040000
0 0.500000 0.450417 0.028750 0.040833
0 0.444688 0.404583 0.028125 0.039167
0 0.314375 0.451667 0.030000 0.040000
0 0.271562 0.312917 0.029375 0.039167
0 0.086875 0.358333 0.051250 0.040000
0 0.296563 0.403750 0.029375 0.039167
0 0.592187 0.500000 0.050625 0.048333
0 0.074688 0.455000 0.043125 0.041667
0 0.135313 0.358750 0.030625 0.039167
0 0.075313 0.507500 0.054375 0.050000
0 0.220312 0.405000 0.029375 0.040000
0 0.142187 0.405833 0.030625 0.040000
0 0.380625 0.314583 0.028750 0.039167
0 0.088125 0.405833 0.061250 0.040000
0 0.258125 0.404583 0.028750 0.039167
0 0.587187 0.382083 0.046875 0.085833
0 0.333750 0.404583 0.028750 0.039167
0 0.450000 0.501250 0.040000 0.047500
0 0.516250 0.404167 0.028750 0.040000
0 0.362500 0.359583 0.028750 0.039167
0 0.470938 0.358750 0.026875 0.037500
0 0.452813 0.315000 0.028125 0.038333
0 0.181250 0.405000 0.030000 0.040000
0 0.234375 0.312083 0.028750 0.039167
0 0.080625 0.311250 0.030000 0.039167
0 0.389688 0.452083 0.030625 0.040833
0 0.505938 0.358750 0.028125 0.037500
0 0.464062 0.451250 0.028125 0.039167
0 0.212188 0.357917 0.029375 0.039167
0 0.158125 0.311667 0.030000 0.040000
0 0.466875 0.380833 0.868750 0.358333
0 0.551875 0.403750 0.027500 0.039167
0 0.408125 0.404167 0.028750 0.038333
0 0.237187 0.452500 0.030625 0.040000
0 0.352500 0.451667 0.030000 0.040000
0 0.276250 0.451667 0.030000 0.040000
0 0.181250 0.505833 0.042500 0.046667
0 0.435937 0.358750 0.028125 0.037500
0 0.174063 0.358750 0.029375 0.039167
0 0.308125 0.312917 0.028750 0.039167
