0 0.617072 0.444245 0.053306 0.061151
0 0.125843 0.310252 0.056005 0.059353
0 0.675776 0.316097 0.050607 0.056655
0 0.530364 0.378597 0.051282 0.059353
0 0.063765 0.442446 0.126181 0.066547
0 0.643387 0.254047 0.049258 0.054856
0 0.432524 0.379496 0.863698 0.446043
0 0.249663 0.376799 0.053981 0.061151
0 0.363360 0.378147 0.051957 0.060252
0 0.567476 0.315647 0.049933 0.057554
0 0.730094 0.316547 0.049933 0.055755
0 0.307018 0.377698 0.051282 0.059353
0 0.560729 0.444245 0.052632 0.062950
0 0.295547 0.313399 0.052632 0.058453
0 0.696019 0.255396 0.047908 0.053957
0 0.765182 0.444694 0.122807 0.062050
0 0.760796 0.257194 0.073549 0.053957
0 0.585358 0.379047 0.050607 0.058453
0 0.182861 0.309802 0.053981 0.060252
0 0.325911 0.251349 0.049933 0.054856
0 0.630904 0.518885 0.056680 0.077338
0 0.406545 0.314748 0.050607 0.057554
0 0.271592 0.250450 0.049258 0.054856
0 0.695344 0.379047 0.053306 0.058453
0 0.054656 0.308004 0.085020 0.062050
0 0.105263 0.246403 0.052632 0.055755
0 0.216262 0.444245 0.056005 0.064748
0 0.538462 0.255396 0.048583 0.053957
0 0.334008 0.444694 0.053981 0.063849
0 0.673077 0.444694 0.054656 0.062050
0 0.485830 0.254496 0.048583 0.053957
0 0.460526 0.315647 0.050607 0.057554
0 0.190621 0.375899 0.054656 0.061151
0 0.621457 0.315198 0.049933 0.056655
0 0.021592 0.521583 0.041835 0.080935
0 0.590756 0.254496 0.049258 0.053957
0 0.274966 0.444694 0.056005 0.063849
0 0.133941 0.521583 0.061404 0.080935
0 0.640013 0.378597 0.051957 0.059353
0 0.419703 0.378597 0.051282 0.059353
0 0.448381 0.445144 0.053306 0.062950
0 0.433536 0.254047 0.049258 0.054856
0 0.504723 0.444694 0.053981 0.063849
0 0.160931 0.248201 0.051957 0.055755
0 0.514845 0.316097 0.048583 0.056655
0 0.215924 0.249101 0.052632 0.055755
0 0.156208 0.444245 0.057355 0.062950
0 0.391026 0.444694 0.054656 0.063849
0 0.783401 0.317896 0.049933 0.054856
0 0.351215 0.313849 0.050607 0.057554
0 0.771592 0.379047 0.092443 0.060252
0 0.052294 0.374550 0.101889 0.062050
0 0.385628 0.519784 0.284076 0.077338
0 0.049258 0.246403 0.053981 0.055755
0 0.133266 0.375450 0.054656 0.060252
0 0.474696 0.378597 0.050607 0.059353
0 0.239541 0.312050 0.052632 0.059353
0 0.379555 0.253147 0.049258 0.054856
