0 0.234773 0.469000 0.051700 0.072000
0 0.245042 0.688500 0.052408 0.073000
0 0.578612 0.606500 0.048159 0.069000
0 0.465652 0.536000 0.047450 0.066000
0 0.297450 0.687000 0.052408 0.072000
0 0.677408 0.571000 0.075779 0.142000
0 0.271246 0.613000 0.049575 0.070000
0 0.589235 0.465000 0.046742 0.070000
0 0.628895 0.606500 0.049575 0.069000
0 0.453612 0.681000 0.047450 0.070000
0 0.182365 0.467000 0.051700 0.070000
0 0.539660 0.466500 0.048159 0.071000
0 0.259915 0.540000 0.049575 0.068000
0 0.154745 0.541500 0.051700 0.071000
0 0.299575 0.762000 0.301700 0.076000
0 0.128187 0.470000 0.053824 0.072000
0 0.553470 0.676500 0.047450 0.063000
0 0.428116 0.608500 0.048867 0.069000
0 0.500708 0.545000 1.000000 0.638000
0 0.191572 0.690000 0.053116 0.074000
0 0.349150 0.686000 0.052408 0.072000
0 0.389518 0.467000 0.050992 0.072000
0 0.363669 0.539000 0.050283 0.070000
0 0.101275 0.542000 0.052408 0.072000
0 0.440156 0.466000 0.048867 0.070000
0 0.207861 0.541000 0.051700 0.070000
0 0.516997 0.534500 0.043909 0.065000
0 0.219547 0.614500 0.049575 0.071000
0 0.565864 0.535500 0.046742 0.069000
0 0.415368 0.537000 0.047450 0.068000
0 0.311615 0.540500 0.049575 0.071000
0 0.029745 0.694000 0.058074 0.074000
0 0.016643 0.618000 0.031870 0.070000
0 0.664660 0.464500 0.097025 0.071000
0 0.490793 0.465000 0.048159 0.068000
0 0.047096 0.542500 0.055949 0.071000
0 0.113669 0.767500 0.071530 0.075000
0 0.338173 0.466500 0.050283 0.069000
0 0.649079 0.677000 0.135269 0.068000
0 0.059136 0.616500 0.054533 0.069000
0 0.112960 0.617000 0.053116 0.072000
0 0.401204 0.683000 0.051700 0.072000
0 0.286827 0.468500 0.050992 0.073000
0 0.084632 0.690500 0.055949 0.069000
0 0.025850 0.471500 0.050283 0.073000
0 0.614377 0.535500 0.047450 0.069000
0 0.529037 0.607500 0.048159 0.069000
0 0.138456 0.691000 0.053116 0.074000
0 0.075425 0.470500 0.053116 0.071000
0 0.324008 0.613000 0.050283 0.072000
0 0.482649 0.757000 0.065864 0.074000
0 0.166431 0.615000 0.050992 0.070000
0 0.479108 0.607500 0.047450 0.069000
0 0.376416 0.610500 0.050283 0.071000
0 0.504603 0.678500 0.046034 0.067000
