0 0.189688 0.544583 0.036875 0.047500
0 0.539062 0.552500 0.103125 0.046667
0 0.134375 0.492500 0.036250 0.046667
0 0.438750 0.448333 0.035000 0.046667
0 0.227500 0.392917 0.036250 0.045833
0 0.290625 0.495417 0.036250 0.047500
0 0.205313 0.442500 0.035625 0.046667
0 0.554688 0.400833 0.073125 0.046667
0 0.485938 0.500833 0.035625 0.048333
0 0.041563 0.437917 0.055625 0.045833
0 0.476875 0.450000 0.035000 0.046667
0 0.250937 0.494167 0.036875 0.046667
0 0.151250 0.390000 0.035000 0.046667
0 0.387813 0.549167 0.035625 0.048333
0 0.515000 0.450417 0.035000 0.045833
0 0.268750 0.547083 0.037500 0.047500
0 0.271875 0.600417 0.245000 0.052500
0 0.361563 0.446667 0.034375 0.045000
0 0.283438 0.444167 0.035625 0.046667
0 0.113750 0.389583 0.035000 0.045833
0 0.041563 0.489167 0.066875 0.046667
0 0.189375 0.390417 0.035000 0.045833
0 0.524375 0.501667 0.035000 0.046667
0 0.150625 0.543750 0.036250 0.047500
0 0.305625 0.394167 0.036250 0.046667
0 0.095625 0.491250 0.035000 0.047500
0 0.564375 0.477500 0.052500 0.098333
0 0.496875 0.399583 0.033750 0.045833
0 0.035937 0.387917 0.036875 0.044167
0 0.419375 0.602917 0.046250 0.049167
0 0.173125 0.492917 0.036250 0.047500
0 0.369688 0.497083 0.035625 0.047500
0 0.382812 0.396667 0.035625 0.046667
0 0.266250 0.393333 0.036250 0.046667
0 0.456250 0.470833 0.911250 0.383333
0 0.330313 0.496250 0.035625 0.047500
0 0.166875 0.440833 0.036250 0.046667
0 0.128438 0.440417 0.035625 0.047500
0 0.447188 0.500000 0.035625 0.046667
0 0.075313 0.389167 0.034375 0.045000
0 0.459062 0.398333 0.034375 0.046667
0 0.465938 0.551250 0.035625 0.047500
0 0.025313 0.593750 0.046875 0.049167
0 0.567813 0.607083 0.049375 0.049167
0 0.344062 0.395417 0.035625 0.047500
0 0.421250 0.398333 0.035000 0.046667
0 0.348125 0.549167 0.036250 0.048333
0 0.027500 0.541667 0.046250 0.046667
0 0.090000 0.440000 0.036250 0.046667
0 0.400000 0.447917 0.035000 0.045833
0 0.229063 0.545417 0.036875 0.047500
0 0.071875 0.541667 0.038750 0.046667
0 0.308750 0.548333 0.037500 0.048333
0 0.322813 0.445417 0.035625 0.047500
0 0.244062 0.443333 0.035625 0.046667
0 0.124688 0.596250 0.048125 0.049167
0 0.426875 0.550000 0.035000 0.046667
0 0.111562 0.542500 0.036875 0.046667
0 0.211562 0.493333 0.035625 0.046667
0 0.408438 0.498333 0.034375 0.046667
