0 0.148631 0.458261 0.032595 0.050435
0 0.194589 0.459565 0.033246 0.049565
0 0.478814 0.513913 0.033246 0.050435
0 0.512386 0.455652 0.033898 0.050435
0 0.045632 0.463043 0.054759 0.053043
0 0.209583 0.518696 0.031943 0.049565
0 0.333116 0.458261 0.032595 0.048696
0 0.162973 0.519130 0.031291 0.050435
0 0.117340 0.519565 0.031291 0.051304
0 0.468383 0.456087 0.033246 0.049565
0 0.095502 0.579130 0.031943 0.050435
0 0.390482 0.516522 0.031291 0.050435
0 0.501956 0.571739 0.033898 0.051304
0 0.544003 0.570435 0.034550 0.050435
0 0.399609 0.398261 0.033898 0.050435
0 0.345828 0.516522 0.031943 0.048696
0 0.413625 0.573913 0.033246 0.048696
0 0.287158 0.458261 0.031943 0.048696
0 0.578227 0.396957 0.032595 0.047826
0 0.658409 0.630000 0.049544 0.046087
0 0.141460 0.579130 0.031291 0.048696
0 0.502608 0.484783 0.996089 0.444348
0 0.485332 0.632174 0.048892 0.050435
0 0.369296 0.574783 0.031943 0.048696
0 0.075293 0.400000 0.033246 0.050435
0 0.610495 0.513043 0.031943 0.048696
0 0.255867 0.517826 0.031943 0.047826
0 0.444915 0.397826 0.034550 0.049565
0 0.102347 0.458696 0.032595 0.051304
0 0.307692 0.398696 0.033898 0.051304
0 0.627771 0.570000 0.108214 0.047826
0 0.458279 0.573043 0.032595 0.050435
0 0.555411 0.455652 0.033898 0.050435
0 0.054433 0.520870 0.064537 0.048696
0 0.279009 0.576522 0.032595 0.048696
0 0.599087 0.454348 0.033898 0.051304
0 0.353977 0.398261 0.032595 0.050435
0 0.533898 0.397826 0.033898 0.049565
0 0.655150 0.483913 0.054759 0.108696
0 0.324316 0.576087 0.031943 0.047826
0 0.044654 0.581304 0.042373 0.049565
0 0.329205 0.641739 0.245111 0.050435
0 0.242177 0.458261 0.033246 0.048696
0 0.523142 0.513913 0.031943 0.050435
0 0.261082 0.398696 0.033246 0.051304
0 0.121578 0.399565 0.033246 0.051304
0 0.566167 0.513043 0.033246 0.050435
0 0.169166 0.639565 0.048892 0.047826
0 0.489896 0.398261 0.037158 0.050435
0 0.030639 0.401739 0.029987 0.050435
0 0.435137 0.514783 0.031943 0.050435
0 0.215124 0.398696 0.033898 0.051304
0 0.300522 0.517391 0.031291 0.048696
0 0.233377 0.577826 0.032595 0.047826
0 0.645698 0.395652 0.077575 0.050435
0 0.378422 0.457826 0.031943 0.049565
0 0.048566 0.640435 0.046284 0.047826
0 0.423729 0.456957 0.032595 0.049565
0 0.187419 0.578261 0.031943 0.048696
0 0.168840 0.398696 0.033898 0.051304
