0 0.445180 0.126771 0.092628 0.053824
0 0.620038 0.434490 0.105860 0.067280
0 0.619093 0.159348 0.088847 0.049575
0 0.746692 0.399788 0.198488 0.390227
0 0.654537 0.065510 0.084121 0.040368
0 0.758507 0.038598 0.093573 0.075779
0 0.437618 0.598442 0.115312 0.075071
0 0.470227 0.866856 0.142722 0.130312
0 0.817580 0.166076 0.094518 0.055949
0 0.220227 0.800283 0.149338 0.152975
0 0.475898 0.263456 0.093573 0.056657
0 0.554820 0.320822 0.096408 0.059490
0 0.500945 0.502125 1.000000 0.997167
0 0.491021 0.037535 0.084121 0.045326
0 0.858223 0.013810 0.083176 0.026204
0 0.419187 0.174575 0.097353 0.057365
0 0.683837 0.251062 0.095463 0.058782
0 0.674858 0.025850 0.085066 0.037535
0 0.606805 0.900850 0.147448 0.145892
0 0.568998 0.579674 0.115312 0.074363
0 0.681474 0.659703 0.134216 0.104108
0 0.315217 0.595963 0.114367 0.075779
0 0.642722 0.368626 0.100189 0.063031
0 0.642250 0.109773 0.089792 0.050992
0 0.594518 0.504958 0.109641 0.069405
0 0.224480 0.540368 0.125709 0.080737
0 0.510397 0.753895 0.126654 0.094193
0 0.585066 0.024433 0.085066 0.037535
0 0.445180 0.323300 0.100189 0.067280
0 0.597353 0.208215 0.088847 0.049575
0 0.363894 0.280453 0.100189 0.066572
0 0.086011 0.796034 0.136106 0.103399
0 0.468336 0.081445 0.087902 0.050992
0 0.469282 0.522663 0.112476 0.070822
0 0.405482 0.680949 0.119093 0.080028
0 0.721645 0.148017 0.089792 0.050992
0 0.392722 0.225921 0.099244 0.060907
0 0.500000 0.451133 0.109641 0.069405
0 0.541115 0.660765 0.116257 0.080737
0 0.548677 0.112606 0.089792 0.050992
0 0.138469 0.701133 0.129490 0.087819
0 0.181947 0.618980 0.125709 0.090652
0 0.575614 0.265581 0.096408 0.059490
0 0.353497 0.520184 0.113422 0.072946
0 0.566163 0.064802 0.085066 0.043201
0 0.498582 0.211756 0.093573 0.056657
0 0.362949 0.814802 0.170132 0.156516
0 0.331758 0.338881 0.107750 0.070113
0 0.416352 0.385623 0.104915 0.072946
0 0.262760 0.468484 0.119093 0.077195
0 0.276465 0.680949 0.127599 0.087110
0 0.384688 0.451133 0.107750 0.072238
0 0.297732 0.401558 0.113422 0.072238
0 0.663989 0.308428 0.097353 0.060198
0 0.527410 0.385269 0.107750 0.066572
0 0.520794 0.161119 0.090737 0.051700
0 0.703214 0.197946 0.090737 0.051700
0 0.737713 0.097734 0.089792 0.050992
