0 0.185501 0.601852 0.034115 0.041311
0 0.518657 0.764245 0.033049 0.047009
0 0.097015 0.747151 0.046908 0.044160
0 0.276652 0.702279 0.033049 0.042735
0 0.547441 0.616809 0.030917 0.042735
0 0.115672 0.648148 0.052239 0.042735
0 0.528785 0.664530 0.031983 0.044160
0 0.351279 0.705840 0.033049 0.044160
0 0.270789 0.653134 0.034115 0.044160
0 0.405117 0.757835 0.034115 0.048433
0 0.187100 0.802707 0.047974 0.049858
0 0.388593 0.707265 0.033049 0.044160
0 0.197761 0.648148 0.035181 0.045584
0 0.291578 0.752137 0.033049 0.048433
0 0.418443 0.659544 0.033049 0.042735
0 0.442431 0.759972 0.031983 0.044160
0 0.589552 0.767094 0.098081 0.047009
0 0.575160 0.715100 0.033049 0.045584
0 0.344883 0.655983 0.033049 0.044160
0 0.214819 0.750000 0.037313 0.047009
0 0.139126 0.747151 0.039446 0.047009
0 0.501599 0.677350 0.911514 0.425926
0 0.480810 0.762108 0.031983 0.045584
0 0.402452 0.611111 0.033049 0.042735
0 0.366205 0.757123 0.035181 0.047009
0 0.438699 0.612536 0.030917 0.042735
0 0.087953 0.800570 0.056503 0.048433
0 0.252665 0.751425 0.036247 0.047009
0 0.510661 0.614672 0.031983 0.044160
0 0.257463 0.605413 0.033049 0.042735
0 0.294243 0.606838 0.031983 0.042735
0 0.164712 0.698006 0.035181 0.045584
0 0.462687 0.710826 0.031983 0.042735
0 0.612473 0.694444 0.050107 0.092593
0 0.472814 0.815527 0.045842 0.049858
0 0.235075 0.650997 0.035181 0.045584
0 0.500533 0.712251 0.033049 0.045584
0 0.382196 0.658832 0.033049 0.044160
0 0.601812 0.621083 0.067164 0.042735
0 0.178038 0.749288 0.036247 0.045584
0 0.220149 0.602564 0.033049 0.042735
0 0.307569 0.653134 0.033049 0.044160
0 0.619403 0.821937 0.046908 0.048433
0 0.537846 0.713675 0.035181 0.045584
0 0.113539 0.599003 0.035181 0.041311
0 0.474947 0.613248 0.033049 0.044160
0 0.313433 0.704416 0.034115 0.044160
0 0.565565 0.665954 0.033049 0.044160
0 0.366205 0.608262 0.030917 0.042735
0 0.329424 0.754986 0.034115 0.045584
0 0.238806 0.700142 0.034115 0.044160
0 0.201493 0.700142 0.036247 0.044160
0 0.113539 0.697293 0.062900 0.044160
0 0.455224 0.661681 0.031983 0.044160
0 0.492004 0.663105 0.033049 0.044160
0 0.330490 0.809117 0.234542 0.054131
0 0.160448 0.648860 0.035181 0.044160
0 0.149787 0.600427 0.035181 0.044160
0 0.425906 0.708689 0.033049 0.044160
0 0.331023 0.608262 0.033049 0.042735
