0 0.265199 0.541201 0.033543 0.046089
0 0.408805 0.385475 0.033543 0.047486
0 0.553983 0.430866 0.894130 0.437151
0 0.667191 0.453911 0.053459 0.097765
0 0.475891 0.485335 0.033543 0.046089
0 0.419811 0.537011 0.034591 0.046089
0 0.613208 0.013966 0.050314 0.025140
0 0.528826 0.585196 0.045073 0.047486
0 0.389937 0.436453 0.033543 0.046089
0 0.245283 0.491620 0.035639 0.044693
0 0.465933 0.434358 0.032495 0.044693
0 0.243187 0.594274 0.046122 0.048883
0 0.748428 0.011872 0.050314 0.020950
0 0.313417 0.438547 0.035639 0.047486
0 0.142034 0.598464 0.051363 0.048883
0 0.235849 0.439944 0.035639 0.047486
0 0.598532 0.379888 0.033543 0.044693
0 0.361111 0.488128 0.034591 0.046089
0 0.428197 0.435056 0.034591 0.046089
0 0.466457 0.014665 0.226415 0.026536
0 0.644654 0.530028 0.102725 0.046089
0 0.255241 0.388966 0.034591 0.046089
0 0.655660 0.378492 0.072327 0.047486
0 0.514151 0.483939 0.032495 0.046089
0 0.304507 0.540503 0.034591 0.047486
0 0.523061 0.382682 0.033543 0.047486
0 0.534591 0.533520 0.033543 0.044693
0 0.351153 0.436453 0.033543 0.046089
0 0.370545 0.387570 0.034591 0.046089
0 0.196017 0.442039 0.035639 0.046089
0 0.617925 0.430168 0.034591 0.047486
0 0.590671 0.481844 0.034591 0.047486
0 0.628931 0.480447 0.033543 0.044693
0 0.675577 0.582402 0.047170 0.047486
0 0.399371 0.486732 0.033543 0.046089
0 0.142034 0.545391 0.042977 0.043296
0 0.274633 0.439944 0.033543 0.047486
0 0.457547 0.536313 0.034591 0.047486
0 0.148847 0.442737 0.052411 0.044693
0 0.225891 0.542598 0.034591 0.046089
0 0.331761 0.387570 0.034591 0.046089
0 0.496855 0.534916 0.033543 0.044693
0 0.568134 0.034916 0.865828 0.067039
0 0.284067 0.490922 0.033543 0.046089
0 0.580189 0.431564 0.034591 0.047486
0 0.206499 0.493017 0.035639 0.047486
0 0.552935 0.483939 0.034591 0.046089
0 0.216981 0.391061 0.033543 0.044693
0 0.484801 0.384078 0.034591 0.044693
0 0.293501 0.388268 0.033543 0.044693
0 0.381027 0.538408 0.034591 0.046089
0 0.560797 0.381983 0.033543 0.046089
0 0.321803 0.015363 0.050314 0.027933
0 0.186583 0.543994 0.037736 0.046089
0 0.138889 0.393156 0.032495 0.046089
0 0.572327 0.532821 0.033543 0.046089
0 0.342243 0.539106 0.034591 0.047486
0 0.438155 0.485335 0.033543 0.046089
0 0.541929 0.432263 0.033543 0.046089
0 0.226415 0.015363 0.050314 0.027933
0 0.322851 0.488827 0.033543 0.044693
0 0.385744 0.590782 0.234801 0.050279
0 0.154088 0.495112 0.062893 0.046089
0 0.446541 0.384777 0.033543 0.046089
0 0.178197 0.391760 0.033543 0.046089
0 0.504193 0.433659 0.033543 0.046089
