0 0.277344 0.533203 0.031250 0.042969
0 0.411133 0.388021 0.031250 0.044271
0 0.551758 0.430339 0.843750 0.407552
0 0.651855 0.451823 0.049805 0.091146
0 0.473633 0.481120 0.031250 0.042969
0 0.421387 0.529297 0.032227 0.042969
0 0.601562 0.033203 0.046875 0.040365
0 0.522949 0.574219 0.041992 0.044271
0 0.393555 0.435547 0.031250 0.042969
0 0.258789 0.486979 0.033203 0.041667
0 0.464355 0.433594 0.030273 0.041667
0 0.256836 0.582682 0.042969 0.045573
0 0.727539 0.029297 0.046875 0.040365
0 0.322266 0.437500 0.033203 0.044271
0 0.162598 0.586589 0.047852 0.045573
0 0.250000 0.438802 0.033203 0.044271
0 0.587891 0.382812 0.031250 0.041667
0 0.366699 0.483724 0.032227 0.042969
0 0.429199 0.434245 0.032227 0.042969
0 0.464844 0.033203 0.210938 0.042969
0 0.630859 0.522786 0.095703 0.042969
0 0.268066 0.391276 0.032227 0.042969
0 0.641113 0.381510 0.067383 0.044271
0 0.509277 0.479818 0.030273 0.042969
0 0.313965 0.532552 0.032227 0.044271
0 0.517578 0.385417 0.031250 0.044271
0 0.528320 0.526042 0.031250 0.041667
0 0.357422 0.435547 0.031250 0.042969
0 0.375488 0.389974 0.032227 0.042969
0 0.212891 0.440755 0.033203 0.042969
0 0.605957 0.429688 0.032227 0.044271
0 0.580566 0.477865 0.032227 0.044271
0 0.616211 0.476562 0.031250 0.041667
0 0.659668 0.571615 0.043945 0.044271
0 0.402344 0.482422 0.031250 0.042969
0 0.162598 0.537109 0.040039 0.040365
0 0.286133 0.438802 0.031250 0.044271
0 0.456543 0.528646 0.032227 0.044271
0 0.168945 0.441406 0.048828 0.041667
0 0.240723 0.534505 0.032227 0.042969
0 0.339355 0.389974 0.032227 0.042969
0 0.493164 0.527344 0.031250 0.041667
0 0.577148 0.047526 0.841797 0.089844
0 0.294922 0.486328 0.031250 0.042969
0 0.570801 0.430990 0.032227 0.044271
0 0.222656 0.488281 0.033203 0.044271
0 0.545410 0.479818 0.032227 0.042969
0 0.232422 0.393229 0.031250 0.041667
0 0.481934 0.386719 0.032227 0.041667
0 0.303711 0.390625 0.031250 0.041667
0 0.385254 0.530599 0.032227 0.042969
0 0.552734 0.384766 0.031250 0.042969
0 0.330078 0.035807 0.046875 0.040365
0 0.204102 0.535807 0.035156 0.042969
0 0.159668 0.395182 0.030273 0.042969
0 0.563477 0.525391 0.031250 0.042969
0 0.349121 0.531250 0.032227 0.044271
0 0.438477 0.481120 0.031250 0.042969
0 0.535156 0.431641 0.031250 0.042969
0 0.241211 0.035807 0.046875 0.040365
0 0.331055 0.484375 0.031250 0.041667
0 0.389648 0.579427 0.218750 0.046875
0 0.173828 0.490234 0.058594 0.042969
0 0.446289 0.387370 0.031250 0.042969
0 0.196289 0.393880 0.031250 0.042969
0 0.500000 0.432943 0.031250 0.042969
