0 0.257634 0.447189 0.059796 0.063032
0 0.135496 0.370528 0.095420 0.066440
0 0.701018 0.429302 0.055980 0.054514
0 0.893766 0.494889 0.146310 0.059625
0 0.215013 0.369676 0.063613 0.064736
0 0.209288 0.617547 0.087786 0.069847
0 0.095420 0.288756 0.061069 0.066440
0 0.876590 0.389267 0.117048 0.127768
0 0.435751 0.440375 0.059796 0.059625
0 0.507634 0.287905 0.053435 0.064736
0 0.395038 0.365417 0.057252 0.059625
0 0.450382 0.364566 0.055980 0.057922
0 0.377863 0.442930 0.061069 0.061329
0 0.708651 0.286201 0.053435 0.064736
0 0.749364 0.428450 0.058524 0.056218
0 0.250636 0.530664 0.071247 0.063032
0 0.757634 0.358603 0.054707 0.056218
0 0.652036 0.506814 0.067430 0.056218
0 0.709924 0.359455 0.053435 0.054514
0 0.610687 0.287905 0.053435 0.064736
0 0.561069 0.287905 0.053435 0.064736
0 0.336514 0.367121 0.062341 0.063032
0 0.342239 0.288756 0.058524 0.066440
0 0.399491 0.287053 0.058524 0.066440
0 0.597964 0.433560 0.055980 0.056218
0 0.500000 0.494889 0.989822 0.492334
0 0.798982 0.428450 0.058524 0.056218
0 0.557888 0.362010 0.057252 0.056218
0 0.435115 0.517888 0.066158 0.057922
0 0.660941 0.360307 0.054707 0.056218
0 0.828880 0.289608 0.097964 0.064736
0 0.491094 0.437819 0.061069 0.057922
0 0.804071 0.499148 0.063613 0.057922
0 0.546438 0.511925 0.069975 0.056218
0 0.648855 0.431857 0.058524 0.056218
0 0.610051 0.360307 0.054707 0.056218
0 0.575700 0.591141 0.362595 0.078365
0 0.161578 0.288756 0.061069 0.066440
0 0.705471 0.502555 0.062341 0.054514
0 0.755725 0.501704 0.063613 0.056218
0 0.225191 0.290460 0.061069 0.066440
0 0.376590 0.521295 0.066158 0.057922
0 0.180662 0.534072 0.089059 0.066440
0 0.491730 0.515332 0.064885 0.056218
0 0.908397 0.563884 0.073791 0.057922
0 0.276718 0.367121 0.059796 0.059625
0 0.756997 0.286201 0.053435 0.064736
0 0.601781 0.507666 0.061069 0.054514
0 0.166667 0.453152 0.122137 0.068143
0 0.804071 0.357751 0.058524 0.057922
0 0.368321 0.603918 0.082697 0.066440
0 0.454198 0.286201 0.053435 0.064736
0 0.283715 0.288756 0.058524 0.066440
0 0.783715 0.577513 0.073791 0.068143
0 0.545802 0.436116 0.058524 0.057922
0 0.660305 0.287905 0.053435 0.064736
0 0.318702 0.444634 0.062341 0.061329
0 0.844784 0.424191 0.061069 0.057922
0 0.316794 0.525554 0.066158 0.059625
0 0.505089 0.362862 0.055980 0.057922
