0 0.193680 0.430389 0.038173 0.085329
0 0.160513 0.205090 0.040676 0.095808
0 0.106070 0.206587 0.040676 0.095808
0 0.565394 0.539671 0.040676 0.085329
0 0.605444 0.207335 0.039424 0.088323
0 0.329474 0.208832 0.039424 0.088323
0 0.297872 0.318862 0.038798 0.092814
0 0.895494 0.651946 0.066333 0.106287
0 0.846370 0.540419 0.148310 0.083832
0 0.451189 0.538174 0.040050 0.082335
0 0.115144 0.433383 0.086358 0.085329
0 0.335106 0.538922 0.039424 0.080838
0 0.494055 0.479042 0.924280 0.676647
0 0.453692 0.658683 0.322904 0.107784
0 0.183980 0.318862 0.040050 0.092814
0 0.494055 0.204341 0.039424 0.088323
0 0.622653 0.537425 0.038798 0.080838
0 0.113892 0.319611 0.072591 0.091317
0 0.089174 0.657934 0.068210 0.112275
0 0.801314 0.317365 0.040676 0.092814
0 0.593242 0.428892 0.038798 0.085329
0 0.366083 0.428892 0.037547 0.085329
0 0.744994 0.316617 0.038173 0.091317
0 0.763767 0.428892 0.038173 0.085329
0 0.852315 0.204341 0.100125 0.097305
0 0.738110 0.538174 0.039424 0.079341
0 0.633605 0.317365 0.038173 0.089820
0 0.649249 0.428892 0.038173 0.085329
0 0.273154 0.205838 0.040676 0.094311
0 0.276909 0.538174 0.039424 0.082335
0 0.820401 0.428144 0.040050 0.083832
0 0.522528 0.318114 0.038798 0.091317
0 0.439612 0.208832 0.039424 0.088323
0 0.308824 0.429641 0.038173 0.086826
0 0.549124 0.205838 0.039424 0.088323
0 0.479662 0.428144 0.038173 0.083832
0 0.536295 0.428892 0.037547 0.085329
0 0.661139 0.208832 0.039424 0.088323
0 0.241239 0.316617 0.039424 0.091317
0 0.218398 0.539671 0.041302 0.082335
0 0.770964 0.202844 0.041302 0.097305
0 0.689925 0.315868 0.038173 0.089820
0 0.715269 0.204341 0.041302 0.094311
0 0.423029 0.428144 0.037547 0.083832
0 0.681164 0.537425 0.038173 0.077844
0 0.694931 0.290419 0.038173 0.089820
0 0.705882 0.428144 0.038798 0.083832
0 0.092929 0.541168 0.059449 0.085329
0 0.385169 0.208832 0.039424 0.088323
0 0.159887 0.539671 0.041927 0.085329
0 0.411765 0.323353 0.038798 0.089820
0 0.216834 0.206587 0.040676 0.095808
0 0.578223 0.317365 0.037547 0.089820
0 0.392678 0.538174 0.039424 0.082335
0 0.251877 0.430389 0.039424 0.088323
0 0.248436 0.655689 0.065081 0.107784
0 0.466834 0.317365 0.038798 0.089820
0 0.875156 0.372006 0.078223 0.211078
0 0.354506 0.318862 0.038173 0.089820
0 0.507822 0.538174 0.039424 0.082335
0 0.658949 0.654192 0.063830 0.107784
