0 0.232500 0.439495 0.033889 0.075798
0 0.203056 0.239362 0.036111 0.085106
0 0.154722 0.240691 0.036111 0.085106
0 0.562500 0.536569 0.036111 0.075798
0 0.598056 0.241356 0.035000 0.078457
0 0.353056 0.242686 0.035000 0.078457
0 0.325000 0.340426 0.034444 0.082447
0 0.855556 0.636303 0.058889 0.094415
0 0.811944 0.537234 0.131667 0.074468
0 0.461111 0.535239 0.035556 0.073138
0 0.162778 0.442154 0.076667 0.075798
0 0.358056 0.535904 0.035000 0.071809
0 0.499167 0.482713 0.820556 0.601064
0 0.463333 0.642287 0.286667 0.095745
0 0.223889 0.340426 0.035556 0.082447
0 0.499167 0.238697 0.035000 0.078457
0 0.613333 0.534574 0.034444 0.071809
0 0.161667 0.341090 0.064444 0.081117
0 0.139722 0.641622 0.060556 0.099734
0 0.771944 0.339096 0.036111 0.082447
0 0.587222 0.438165 0.034444 0.075798
0 0.385556 0.438165 0.033333 0.075798
0 0.721944 0.338431 0.033889 0.081117
0 0.738611 0.438165 0.033889 0.075798
0 0.817222 0.238697 0.088889 0.086436
0 0.715833 0.535239 0.035000 0.070479
0 0.623056 0.339096 0.033889 0.079787
0 0.636944 0.438165 0.033889 0.075798
0 0.303056 0.240027 0.036111 0.083777
0 0.306389 0.535239 0.035000 0.073138
0 0.788889 0.437500 0.035556 0.074468
0 0.524444 0.339761 0.034444 0.081117
0 0.450833 0.242686 0.035000 0.078457
0 0.334722 0.438830 0.033889 0.077128
0 0.548056 0.240027 0.035000 0.078457
0 0.486389 0.437500 0.033889 0.074468
0 0.536667 0.438165 0.033333 0.075798
0 0.647500 0.242686 0.035000 0.078457
0 0.274722 0.338431 0.035000 0.081117
0 0.254444 0.536569 0.036667 0.073138
0 0.745000 0.237367 0.036667 0.086436
0 0.673056 0.337766 0.033889 0.079787
0 0.695556 0.238697 0.036667 0.083777
0 0.436111 0.437500 0.033333 0.074468
0 0.665278 0.534574 0.033889 0.069149
0 0.677500 0.315160 0.033889 0.079787
0 0.687222 0.437500 0.034444 0.074468
0 0.143056 0.537899 0.052778 0.075798
0 0.402500 0.242686 0.035000 0.078457
0 0.202500 0.536569 0.037222 0.075798
0 0.426111 0.344415 0.034444 0.079787
0 0.253056 0.240691 0.036111 0.085106
0 0.573889 0.339096 0.033333 0.079787
0 0.409167 0.535239 0.035000 0.073138
0 0.284167 0.439495 0.035000 0.078457
0 0.281111 0.639628 0.057778 0.095745
0 0.475000 0.339096 0.034444 0.079787
0 0.837500 0.387633 0.069444 0.187500
0 0.375278 0.340426 0.033889 0.079787
0 0.511389 0.535239 0.035000 0.073138
0 0.645556 0.638298 0.056667 0.095745
