0 0.567098 0.415123 0.078338 0.191358
0 0.524183 0.354167 0.048365 0.091049
0 0.355926 0.601080 0.060627 0.118827
0 0.370232 0.400463 0.047003 0.087963
0 0.165191 0.159722 0.040191 0.078704
0 0.503065 0.657407 0.087875 0.129630
0 0.420981 0.231481 0.046322 0.083333
0 0.233651 0.446759 0.043597 0.084877
0 0.353542 0.214506 0.044959 0.083333
0 0.151907 0.523148 0.057221 0.111111
0 0.582425 0.274691 0.085831 0.098765
0 0.225136 0.178241 0.041553 0.078704
0 0.476158 0.435185 0.049046 0.089506
0 0.331744 0.482253 0.046322 0.091049
0 0.053474 0.486111 0.056540 0.108025
0 0.270095 0.368056 0.044278 0.084877
0 0.320504 0.204475 0.042916 0.081790
0 0.287466 0.195216 0.043597 0.081790
0 0.348774 0.301698 0.044959 0.084877
0 0.506131 0.545525 0.114441 0.115741
0 0.206403 0.347222 0.042234 0.083333
0 0.451975 0.333333 0.045640 0.089506
0 0.254087 0.561728 0.177112 0.160494
0 0.238420 0.357253 0.043597 0.084877
0 0.386240 0.222222 0.046322 0.083333
0 0.513965 0.447531 0.049728 0.092593
0 0.436308 0.519290 0.048365 0.091049
0 0.400886 0.506173 0.048365 0.089506
0 0.175409 0.337191 0.041553 0.081790
0 0.189714 0.252315 0.040191 0.081790
0 0.336512 0.389660 0.046322 0.087963
0 0.283379 0.281636 0.042234 0.084877
0 0.439373 0.424383 0.047684 0.089506
0 0.251703 0.271605 0.041553 0.083333
0 0.525886 0.260031 0.046322 0.084877
0 0.220027 0.262346 0.040872 0.083333
0 0.507153 0.463735 0.985695 0.924383
0 0.490463 0.250000 0.046322 0.086420
0 0.487738 0.343364 0.047684 0.091049
0 0.265668 0.459105 0.044959 0.087963
0 0.169959 0.424383 0.041553 0.083333
0 0.455041 0.241512 0.046322 0.084877
0 0.110014 0.402778 0.045640 0.083333
0 0.140668 0.413580 0.041553 0.083333
0 0.298365 0.469907 0.044959 0.087963
0 0.159060 0.243827 0.041553 0.083333
0 0.382153 0.310957 0.044959 0.087963
0 0.366485 0.493827 0.047684 0.089506
0 0.256471 0.186728 0.041553 0.080247
0 0.416213 0.321759 0.044959 0.087963
0 0.122616 0.232253 0.055858 0.081790
0 0.194823 0.169753 0.040872 0.077160
0 0.075954 0.392747 0.047003 0.084877
0 0.200954 0.435957 0.044959 0.084877
0 0.404973 0.411265 0.047003 0.087963
0 0.105926 0.313272 0.064714 0.086420
0 0.135218 0.153549 0.041553 0.075617
0 0.146117 0.326389 0.041553 0.081790
0 0.315736 0.290895 0.044278 0.084877
0 0.303474 0.378858 0.045640 0.084877
