0 0.054641 0.281008 0.046407 0.120155
0 0.389222 0.542636 0.044910 0.116279
0 0.168413 0.410853 0.046407 0.116279
0 0.377246 0.412791 0.044910 0.120155
0 0.264222 0.281008 0.046407 0.120155
0 0.532186 0.412791 0.046407 0.120155
0 0.019461 0.410853 0.035928 0.116279
0 0.429641 0.410853 0.044910 0.116279
0 0.013473 0.279070 0.023952 0.116279
0 0.116766 0.410853 0.047904 0.116279
0 0.285928 0.544574 0.044910 0.120155
0 0.316617 0.281008 0.046407 0.120155
0 0.545659 0.546512 0.046407 0.116279
0 0.273952 0.412791 0.044910 0.120155
0 0.129491 0.546512 0.046407 0.116279
0 0.687874 0.410853 0.046407 0.116279
0 0.211078 0.672481 0.047904 0.120155
0 0.574102 0.281008 0.046407 0.120155
0 0.024701 0.542636 0.046407 0.116279
0 0.177395 0.821705 0.046407 0.155039
0 0.527695 0.819767 0.061377 0.151163
0 0.500000 0.488372 0.997006 0.945736
0 0.181886 0.544574 0.046407 0.120155
0 0.656437 0.672481 0.109281 0.120155
0 0.417665 0.672481 0.047904 0.120155
0 0.667665 0.540698 0.086826 0.120155
0 0.107036 0.279070 0.046407 0.116279
0 0.442365 0.544574 0.046407 0.112403
0 0.158683 0.672481 0.047904 0.120155
0 0.683383 0.279070 0.055389 0.116279
0 0.523204 0.281008 0.046407 0.120155
0 0.470808 0.672481 0.046407 0.120155
0 0.493263 0.542636 0.046407 0.116279
0 0.318114 0.821705 0.223054 0.155039
0 0.039671 0.672481 0.076347 0.120155
0 0.022455 0.821705 0.041916 0.155039
0 0.367515 0.281008 0.046407 0.120155
0 0.596557 0.542636 0.046407 0.116279
0 0.625749 0.279070 0.044910 0.116279
0 0.064371 0.412791 0.047904 0.120155
0 0.419162 0.281008 0.044910 0.120155
0 0.107036 0.674419 0.046407 0.116279
0 0.314371 0.672481 0.047904 0.120155
0 0.572605 0.674419 0.046407 0.116279
0 0.470808 0.281008 0.046407 0.120155
0 0.366766 0.672481 0.047904 0.120155
0 0.211826 0.279070 0.046407 0.116279
0 0.077096 0.542636 0.046407 0.116279
0 0.337575 0.544574 0.046407 0.112403
0 0.479790 0.412791 0.046407 0.120155
0 0.234281 0.542636 0.046407 0.116279
0 0.583084 0.410853 0.046407 0.116279
0 0.220808 0.410853 0.046407 0.116279
0 0.325599 0.412791 0.046407 0.120155
0 0.262725 0.674419 0.046407 0.116279
0 0.521707 0.670543 0.046407 0.116279
0 0.461826 0.817829 0.061377 0.155039
0 0.160180 0.281008 0.047904 0.120155
0 0.635479 0.410853 0.046407 0.116279
