0 0.307647 0.486880 0.038824 0.093294
0 0.064706 0.698251 0.072941 0.096210
0 0.441765 0.539359 0.860000 0.787172
0 0.048824 0.489796 0.038824 0.093294
0 0.091176 0.489796 0.041176 0.093294
0 0.476471 0.810496 0.051765 0.122449
0 0.125882 0.386297 0.040000 0.090379
0 0.298824 0.696793 0.040000 0.093294
0 0.082941 0.386297 0.038824 0.090379
0 0.490588 0.590379 0.037647 0.096210
0 0.514118 0.693878 0.040000 0.093294
0 0.522941 0.485423 0.038824 0.096210
0 0.274706 0.591837 0.038824 0.093294
0 0.101765 0.594752 0.038824 0.093294
0 0.361176 0.591837 0.037647 0.093294
0 0.051765 0.594752 0.049412 0.093294
0 0.255882 0.384840 0.038824 0.093294
0 0.050588 0.817784 0.044706 0.125364
0 0.342353 0.383382 0.037647 0.090379
0 0.558235 0.380466 0.038824 0.090379
0 0.534118 0.590379 0.040000 0.096210
0 0.566471 0.483965 0.038824 0.093294
0 0.404706 0.591837 0.037647 0.093294
0 0.144118 0.594752 0.038824 0.093294
0 0.212941 0.696793 0.040000 0.093294
0 0.610000 0.483965 0.038824 0.093294
0 0.220588 0.489796 0.038824 0.093294
0 0.212353 0.384840 0.038824 0.093294
0 0.264706 0.486880 0.037647 0.093294
0 0.594706 0.587464 0.074118 0.096210
0 0.584118 0.692420 0.090588 0.096210
0 0.447059 0.588921 0.037647 0.093294
0 0.177647 0.488338 0.040000 0.096210
0 0.318235 0.591837 0.038824 0.093294
0 0.385294 0.695335 0.041176 0.096210
0 0.437059 0.486880 0.038824 0.093294
0 0.255882 0.696793 0.038824 0.093294
0 0.184118 0.814869 0.041176 0.125364
0 0.394118 0.486880 0.037647 0.093294
0 0.385294 0.381924 0.038824 0.093294
0 0.043529 0.386297 0.030588 0.090379
0 0.607059 0.384840 0.049412 0.104956
0 0.168824 0.384840 0.038824 0.093294
0 0.427647 0.693878 0.038824 0.093294
0 0.187647 0.593294 0.038824 0.096210
0 0.134118 0.489796 0.040000 0.093294
0 0.514706 0.381924 0.038824 0.093294
0 0.471176 0.693878 0.038824 0.093294
0 0.472353 0.381924 0.038824 0.093294
0 0.125882 0.698251 0.040000 0.096210
0 0.341765 0.696793 0.038824 0.093294
0 0.421765 0.811953 0.050588 0.125364
0 0.231176 0.591837 0.038824 0.093294
0 0.480588 0.486880 0.038824 0.093294
0 0.428824 0.381924 0.038824 0.093294
0 0.350588 0.486880 0.040000 0.093294
0 0.300588 0.813411 0.184706 0.128280
0 0.298824 0.384840 0.037647 0.093294
0 0.169412 0.698251 0.040000 0.096210
