0 0.560333 0.411765 0.076667 0.187029
0 0.518333 0.352187 0.047333 0.088989
0 0.353667 0.593514 0.059333 0.116139
0 0.367667 0.397436 0.046000 0.085973
0 0.167000 0.162142 0.039333 0.076923
0 0.497667 0.648567 0.086000 0.126697
0 0.417333 0.232278 0.045333 0.081448
0 0.234000 0.442685 0.042667 0.082956
0 0.351333 0.215686 0.044000 0.081448
0 0.154000 0.517345 0.056000 0.108597
0 0.575333 0.274510 0.084000 0.096531
0 0.225667 0.180241 0.040667 0.076923
0 0.471333 0.431373 0.048000 0.087481
0 0.330000 0.477376 0.045333 0.088989
0 0.057667 0.481146 0.055333 0.105581
0 0.269667 0.365762 0.043333 0.082956
0 0.319000 0.205882 0.042000 0.079940
0 0.286667 0.196833 0.042667 0.079940
0 0.346667 0.300905 0.044000 0.082956
0 0.500667 0.539216 0.112000 0.113122
0 0.207333 0.345400 0.041333 0.081448
0 0.447667 0.331825 0.044667 0.087481
0 0.254000 0.555053 0.173333 0.156863
0 0.238667 0.355204 0.042667 0.082956
0 0.383333 0.223228 0.045333 0.081448
0 0.508333 0.443439 0.048667 0.090498
0 0.432333 0.513575 0.047333 0.088989
0 0.397667 0.500754 0.047333 0.087481
0 0.177000 0.335596 0.040667 0.079940
0 0.191000 0.252640 0.039333 0.079940
0 0.334667 0.386878 0.045333 0.085973
0 0.282667 0.281297 0.041333 0.082956
0 0.435333 0.420814 0.046667 0.087481
0 0.251667 0.271493 0.040667 0.081448
0 0.520000 0.260181 0.045333 0.082956
0 0.220667 0.262443 0.040000 0.081448
0 0.501667 0.457014 0.964667 0.907994
0 0.485333 0.250377 0.045333 0.084465
0 0.482667 0.341629 0.046667 0.088989
0 0.265333 0.454751 0.044000 0.085973
0 0.171667 0.420814 0.040667 0.081448
0 0.450667 0.242081 0.045333 0.082956
0 0.113000 0.399698 0.044667 0.081448
0 0.143000 0.410256 0.040667 0.081448
0 0.297333 0.465309 0.044000 0.085973
0 0.161000 0.244344 0.040667 0.081448
0 0.379333 0.309955 0.044000 0.085973
0 0.364000 0.488688 0.046667 0.087481
0 0.256333 0.188537 0.040667 0.078431
0 0.412667 0.320513 0.044000 0.085973
0 0.125333 0.233032 0.054667 0.079940
0 0.196000 0.171946 0.040000 0.075415
0 0.079667 0.389894 0.046000 0.082956
0 0.202000 0.432127 0.044000 0.082956
0 0.401667 0.407994 0.046000 0.085973
0 0.109000 0.312217 0.063333 0.084465
0 0.137667 0.156109 0.040667 0.073906
0 0.148333 0.325038 0.040667 0.079940
0 0.314333 0.290347 0.043333 0.082956
0 0.302333 0.376320 0.044667 0.082956
