0 0.532160 0.723485 0.042476 0.068182
0 0.212379 0.582386 0.046117 0.066288
0 0.222087 0.659091 0.046117 0.068182
0 0.433252 0.728220 0.043689 0.070076
0 0.213592 0.815341 0.046117 0.070076
0 0.667476 0.643939 0.043689 0.068182
0 0.364078 0.577652 0.043689 0.068182
0 0.574029 0.887311 0.046117 0.089015
0 0.272451 0.657197 0.044903 0.068182
0 0.423544 0.652462 0.043689 0.070076
0 0.520631 0.648674 0.043689 0.066288
0 0.611650 0.799242 0.043689 0.068182
0 0.560680 0.571970 0.043689 0.068182
0 0.129248 0.740530 0.044903 0.068182
0 0.373786 0.653409 0.043689 0.068182
0 0.608010 0.570076 0.043689 0.068182
0 0.089199 0.820076 0.088592 0.071970
0 0.380461 0.897727 0.214806 0.094697
0 0.180825 0.738636 0.046117 0.068182
0 0.415655 0.806818 0.044903 0.068182
0 0.512136 0.573864 0.043689 0.068182
0 0.513956 0.802083 0.042476 0.070076
0 0.161408 0.584280 0.046117 0.066288
0 0.629248 0.721591 0.042476 0.068182
0 0.563107 0.800189 0.043689 0.066288
0 0.715413 0.642992 0.042476 0.066288
0 0.170510 0.660985 0.044903 0.068182
0 0.064320 0.587121 0.036408 0.068182
0 0.472694 0.649621 0.042476 0.068182
0 0.161408 0.818182 0.046117 0.068182
0 0.463592 0.574811 0.043689 0.066288
0 0.282767 0.734848 0.043689 0.068182
0 0.264563 0.813447 0.046117 0.070076
0 0.569782 0.647727 0.042476 0.068182
0 0.364684 0.809659 0.044903 0.070076
0 0.483010 0.725379 0.043689 0.068182
0 0.513350 0.690341 0.975728 0.607955
0 0.333738 0.732955 0.043689 0.068182
0 0.074029 0.910985 0.058252 0.090909
0 0.698422 0.719697 0.083738 0.068182
0 0.314927 0.811553 0.044903 0.070076
0 0.232403 0.737689 0.044903 0.070076
0 0.580704 0.723485 0.042476 0.068182
0 0.691141 0.796402 0.100728 0.070076
0 0.520024 0.890152 0.054612 0.090909
0 0.262743 0.581439 0.044903 0.068182
0 0.111044 0.585227 0.044903 0.068182
0 0.383495 0.731061 0.043689 0.068182
0 0.073422 0.743371 0.054612 0.070076
0 0.323422 0.655303 0.042476 0.068182
0 0.465413 0.804924 0.044903 0.071970
0 0.069782 0.664773 0.047330 0.068182
0 0.710558 0.566288 0.052184 0.068182
0 0.618932 0.645833 0.043689 0.068182
0 0.119539 0.662879 0.047330 0.068182
0 0.657160 0.569129 0.042476 0.066288
0 0.415049 0.576705 0.043689 0.066288
0 0.239684 0.903409 0.057039 0.090909
0 0.313714 0.579545 0.044903 0.068182
