0 0.300147 0.728000 0.044248 0.080000
0 0.519912 0.638667 0.044248 0.080000
0 0.016593 0.545333 0.031711 0.082667
0 0.495944 0.726667 0.044985 0.082667
0 0.351032 0.727333 0.044248 0.081333
0 0.312684 0.548667 0.044248 0.081333
0 0.015118 0.814667 0.028761 0.085333
0 0.589602 0.725333 0.129056 0.080000
0 0.012537 0.725333 0.023599 0.082667
0 0.189528 0.460667 0.044248 0.081333
0 0.411504 0.550000 0.044248 0.081333
0 0.214233 0.549333 0.043510 0.080000
0 0.011431 0.456667 0.021386 0.078667
0 0.200959 0.726667 0.043510 0.080000
0 0.226032 0.638000 0.043510 0.078667
0 0.250737 0.727333 0.044248 0.081333
0 0.337021 0.464000 0.042773 0.080000
0 0.126106 0.638000 0.044248 0.081333
0 0.100664 0.727333 0.043510 0.078667
0 0.176622 0.637333 0.043510 0.080000
0 0.026917 0.637333 0.043510 0.080000
0 0.261431 0.814667 0.193953 0.085333
0 0.065634 0.548000 0.042773 0.080000
0 0.532448 0.463333 0.044248 0.081333
0 0.091077 0.461333 0.044985 0.080000
0 0.019912 0.635333 0.038348 0.078667
0 0.115044 0.548000 0.045723 0.082667
0 0.556785 0.551333 0.044248 0.081333
0 0.568215 0.638000 0.043510 0.081333
0 0.289454 0.461333 0.043510 0.080000
0 0.014381 0.725333 0.027286 0.080000
0 0.511799 0.556667 0.044248 0.081333
0 0.140487 0.460667 0.043510 0.078667
0 0.019543 0.548667 0.037611 0.081333
0 0.500737 0.569333 1.000000 0.720000
0 0.387906 0.465333 0.044248 0.080000
0 0.129425 0.816667 0.056785 0.084000
0 0.577065 0.819333 0.061209 0.084000
0 0.606932 0.462000 0.091445 0.081333
0 0.151549 0.726667 0.044985 0.082667
0 0.264012 0.549333 0.044248 0.080000
0 0.239676 0.461333 0.044248 0.080000
0 0.050516 0.725333 0.043510 0.080000
0 0.484513 0.465333 0.044248 0.080000
0 0.472345 0.638000 0.043510 0.078667
0 0.276180 0.638000 0.044985 0.081333
0 0.362094 0.550667 0.045723 0.077333
0 0.011431 0.459333 0.021386 0.081333
0 0.620575 0.595333 0.065634 0.166667
0 0.041298 0.459333 0.044248 0.081333
0 0.377950 0.640000 0.039086 0.077333
0 0.164454 0.549333 0.044248 0.080000
0 0.325221 0.636667 0.044248 0.081333
0 0.076327 0.637333 0.044985 0.080000
