0 0.059687 0.887500 0.048125 0.050000
0 0.235625 0.827917 0.037500 0.050833
0 0.463125 0.766250 0.035000 0.049167
0 0.161875 0.717083 0.035000 0.050833
0 0.172187 0.772917 0.035625 0.049167
0 0.277187 0.826250 0.034375 0.049167
0 0.130938 0.773333 0.036875 0.048333
0 0.628437 0.735000 0.056875 0.105000
0 0.391250 0.656667 0.037500 0.051667
0 0.204375 0.716250 0.036250 0.052500
0 0.058750 0.661250 0.037500 0.054167
0 0.296563 0.770000 0.036875 0.048333
0 0.121250 0.719167 0.037500 0.050000
0 0.286562 0.714167 0.036875 0.050000
0 0.072500 0.774167 0.066250 0.048333
0 0.068437 0.718750 0.054375 0.049167
0 0.545937 0.765417 0.035625 0.050833
0 0.217812 0.883333 0.049375 0.050000
0 0.339062 0.768750 0.036875 0.049167
0 0.504687 0.766250 0.035625 0.049167
0 0.512813 0.653750 0.035625 0.049167
0 0.183750 0.662500 0.036250 0.051667
0 0.410938 0.709583 0.034375 0.049167
0 0.451875 0.709583 0.036250 0.049167
0 0.431875 0.655417 0.036250 0.050833
0 0.265313 0.659583 0.036875 0.049167
0 0.380625 0.768750 0.035000 0.049167
0 0.595313 0.877500 0.049375 0.050000
0 0.110625 0.830000 0.036250 0.051667
0 0.244688 0.715000 0.036875 0.050000
0 0.553750 0.651667 0.035000 0.048333
0 0.142813 0.662917 0.036875 0.049167
0 0.355000 0.880417 0.218750 0.050833
0 0.485312 0.822500 0.036875 0.051667
0 0.213438 0.771667 0.034375 0.048333
0 0.472187 0.654167 0.036875 0.050000
0 0.493437 0.709167 0.035625 0.050000
0 0.060312 0.830833 0.046875 0.050000
0 0.422187 0.767500 0.035625 0.050000
0 0.359687 0.825417 0.036875 0.050833
0 0.616563 0.650000 0.075625 0.050000
0 0.152500 0.830417 0.036250 0.049167
0 0.488125 0.725833 0.952500 0.466667
0 0.443437 0.823750 0.035625 0.050833
0 0.328437 0.712500 0.036875 0.051667
0 0.369375 0.712083 0.037500 0.052500
0 0.307812 0.658333 0.038125 0.050000
0 0.534375 0.708333 0.036250 0.051667
0 0.490938 0.879167 0.048125 0.050000
0 0.101250 0.663333 0.036250 0.051667
0 0.575313 0.707500 0.035625 0.051667
0 0.224375 0.660000 0.036250 0.048333
0 0.525937 0.821250 0.036875 0.050833
0 0.193438 0.828750 0.036875 0.050833
0 0.255312 0.771250 0.035625 0.049167
0 0.316875 0.825417 0.036250 0.052500
0 0.587187 0.763333 0.035625 0.050000
0 0.401875 0.825417 0.037500 0.052500
0 0.350000 0.657917 0.037500 0.050833
0 0.605938 0.818750 0.109375 0.050833
