0 0.502681 0.671448 0.032172 0.069672
0 0.355898 0.594945 0.033512 0.069672
0 0.177614 0.523224 0.036193 0.071038
0 0.304290 0.513661 0.033512 0.068306
0 0.122989 0.525956 0.056971 0.073770
0 0.631702 0.489754 0.031501 0.064208
0 0.539879 0.756831 0.043566 0.076503
0 0.203418 0.695355 0.034182 0.073770
0 0.286193 0.431694 0.032172 0.065574
0 0.228217 0.604508 0.034182 0.069672
0 0.219839 0.519126 0.032172 0.068306
0 0.397788 0.591530 0.032842 0.068306
0 0.682641 0.529372 0.055630 0.154372
0 0.522118 0.582650 0.032172 0.069672
0 0.262735 0.517760 0.034853 0.071038
0 0.333110 0.683060 0.032172 0.071038
0 0.510724 0.500000 0.032172 0.068306
0 0.158512 0.440574 0.032842 0.066940
0 0.608579 0.410519 0.032172 0.066940
0 0.448727 0.422131 0.032842 0.068306
0 0.563003 0.578552 0.032172 0.069672
0 0.696716 0.745219 0.046247 0.075137
0 0.429290 0.505464 0.031501 0.068306
0 0.550938 0.495902 0.030831 0.065574
0 0.379692 0.776639 0.264745 0.096995
0 0.568365 0.414617 0.033512 0.066940
0 0.103887 0.803279 0.049598 0.084699
0 0.217493 0.786885 0.047587 0.079235
0 0.346515 0.510246 0.033512 0.069672
0 0.367962 0.426913 0.032172 0.066940
0 0.243633 0.435109 0.032842 0.069672
0 0.469839 0.502049 0.032172 0.066940
0 0.202748 0.437842 0.034182 0.066940
0 0.481233 0.585383 0.032172 0.069672
0 0.543901 0.668033 0.032842 0.068306
0 0.184987 0.609290 0.033512 0.071038
0 0.585121 0.664617 0.032172 0.069672
0 0.115617 0.442623 0.032842 0.065574
0 0.528150 0.566257 0.945040 0.632514
0 0.488941 0.419399 0.031501 0.068306
0 0.124330 0.613388 0.067694 0.073770
0 0.326743 0.429645 0.031501 0.064208
0 0.591488 0.493169 0.031501 0.068306
0 0.419571 0.677596 0.033512 0.071038
0 0.643432 0.573770 0.032172 0.071038
0 0.313673 0.598361 0.033512 0.071038
0 0.408512 0.423497 0.031501 0.065574
0 0.667895 0.406421 0.071716 0.069672
0 0.388740 0.507514 0.030831 0.066940
0 0.376676 0.681011 0.034853 0.072404
0 0.270777 0.602459 0.033512 0.071038
0 0.109249 0.706967 0.049598 0.075137
0 0.603552 0.576503 0.031501 0.068306
0 0.247319 0.691257 0.032172 0.071038
0 0.461126 0.675546 0.034853 0.072404
0 0.662534 0.658470 0.103887 0.073770
0 0.290885 0.687842 0.034853 0.072404
0 0.530496 0.416667 0.034182 0.068306
0 0.440013 0.588115 0.032842 0.069672
0 0.159853 0.700137 0.036863 0.077869
