0 0.366250 0.629379 0.037500 0.067797
0 0.552500 0.553672 0.037500 0.067797
0 0.071563 0.474576 0.054375 0.070056
0 0.532188 0.628249 0.038125 0.070056
0 0.409375 0.628814 0.037500 0.068927
0 0.376875 0.477401 0.037500 0.068927
0 0.063437 0.702825 0.049375 0.072316
0 0.611563 0.627119 0.109375 0.067797
0 0.114062 0.627119 0.036875 0.070056
0 0.272500 0.402825 0.037500 0.068927
0 0.460625 0.478531 0.037500 0.068927
0 0.293438 0.477966 0.036875 0.067797
0 0.063437 0.399435 0.036875 0.066667
0 0.282187 0.628249 0.036875 0.067797
0 0.303438 0.553107 0.036875 0.066667
0 0.324375 0.628814 0.037500 0.068927
0 0.397500 0.405650 0.036250 0.067797
0 0.218750 0.553107 0.037500 0.068927
0 0.197187 0.628814 0.036875 0.066667
0 0.261562 0.552542 0.036875 0.067797
0 0.134687 0.552542 0.036875 0.067797
0 0.333437 0.702825 0.164375 0.072316
0 0.167500 0.476836 0.036250 0.067797
0 0.563125 0.405085 0.037500 0.068927
0 0.189062 0.403390 0.038125 0.067797
0 0.076250 0.550847 0.065000 0.066667
0 0.209375 0.476836 0.038750 0.070056
0 0.583750 0.479661 0.037500 0.068927
0 0.593437 0.553107 0.036875 0.068927
0 0.357187 0.403390 0.036875 0.067797
0 0.063125 0.627119 0.046250 0.067797
0 0.545625 0.484181 0.037500 0.068927
0 0.230937 0.402825 0.036875 0.066667
0 0.125625 0.477401 0.037500 0.068927
0 0.493750 0.494915 0.950000 0.610169
0 0.440625 0.406780 0.037500 0.067797
0 0.221562 0.704520 0.048125 0.071186
0 0.600938 0.706780 0.051875 0.071186
0 0.626250 0.403955 0.077500 0.068927
0 0.240313 0.628249 0.038125 0.070056
0 0.335625 0.477966 0.037500 0.067797
0 0.315000 0.403390 0.037500 0.067797
0 0.154688 0.627119 0.036875 0.067797
0 0.522500 0.406780 0.037500 0.067797
0 0.512188 0.553107 0.036875 0.066667
0 0.345938 0.553107 0.038125 0.068927
0 0.418750 0.479096 0.038750 0.065537
0 0.105313 0.401695 0.036875 0.068927
0 0.637813 0.516949 0.055625 0.141243
0 0.146875 0.401695 0.037500 0.068927
0 0.432188 0.554802 0.033125 0.065537
0 0.251250 0.477966 0.037500 0.067797
0 0.387500 0.551977 0.037500 0.068927
0 0.176563 0.552542 0.038125 0.067797
