0 0.039301 0.486000 0.059680 0.108000
0 0.033843 0.723000 0.048763 0.106000
0 0.542213 0.488000 0.043668 0.112000
0 0.419578 0.605000 0.041485 0.110000
0 0.497089 0.488000 0.042213 0.112000
0 0.493450 0.840000 0.053857 0.116000
0 0.163392 0.372000 0.041485 0.108000
0 0.499636 0.553000 0.997817 0.842000
0 0.285298 0.605000 0.039301 0.106000
0 0.451965 0.487000 0.042213 0.110000
0 0.475619 0.370000 0.041485 0.112000
0 0.430859 0.371000 0.040757 0.110000
0 0.118996 0.372000 0.041485 0.108000
0 0.028384 0.368000 0.040757 0.108000
0 0.347889 0.840000 0.234352 0.112000
0 0.564047 0.368000 0.040757 0.112000
0 0.643377 0.546000 0.064047 0.228000
0 0.219432 0.722000 0.041485 0.108000
0 0.352620 0.724000 0.041485 0.108000
0 0.229985 0.487000 0.040757 0.110000
0 0.374454 0.604000 0.040029 0.112000
0 0.096070 0.489000 0.042213 0.110000
0 0.130640 0.723000 0.040029 0.106000
0 0.308224 0.722000 0.041485 0.108000
0 0.140830 0.488000 0.040029 0.108000
0 0.604440 0.842000 0.056041 0.116000
0 0.363537 0.489000 0.041485 0.110000
0 0.086608 0.723000 0.040757 0.110000
0 0.508370 0.606000 0.041485 0.112000
0 0.615721 0.720000 0.117904 0.108000
0 0.319141 0.487000 0.040029 0.110000
0 0.175036 0.724000 0.040029 0.108000
0 0.185953 0.488000 0.041485 0.112000
0 0.341703 0.371000 0.041485 0.110000
0 0.296215 0.371000 0.040757 0.110000
0 0.397380 0.725000 0.042213 0.114000
0 0.463610 0.605000 0.040757 0.110000
0 0.073872 0.371000 0.040029 0.106000
0 0.241266 0.605000 0.040029 0.110000
0 0.151747 0.605000 0.040029 0.110000
0 0.045124 0.604000 0.071325 0.108000
0 0.386099 0.370000 0.041485 0.112000
0 0.441776 0.725000 0.040757 0.110000
0 0.107715 0.604000 0.040757 0.108000
0 0.207424 0.370000 0.039301 0.108000
0 0.196507 0.605000 0.040757 0.110000
0 0.407933 0.488000 0.040029 0.108000
0 0.530568 0.724000 0.042213 0.112000
0 0.201601 0.840000 0.052402 0.112000
0 0.586608 0.488000 0.040757 0.112000
0 0.486536 0.722000 0.041485 0.108000
0 0.632824 0.365000 0.085153 0.114000
0 0.274381 0.487000 0.039301 0.110000
0 0.040393 0.848000 0.053130 0.108000
0 0.330058 0.605000 0.040029 0.110000
0 0.553857 0.606000 0.042213 0.112000
0 0.251456 0.369000 0.041485 0.110000
0 0.263828 0.723000 0.040029 0.106000
0 0.597889 0.604000 0.041485 0.112000
0 0.519287 0.370000 0.041485 0.112000
