0 0.017456 0.327485 0.032419 0.099415
0 0.018703 0.456140 0.034913 0.105263
0 0.631546 0.326023 0.041147 0.102339
0 0.308603 0.710526 0.043641 0.105263
0 0.152743 0.453216 0.041147 0.105263
0 0.495636 0.519006 0.988778 0.938596
0 0.026185 0.710526 0.042394 0.105263
0 0.336658 0.583333 0.042394 0.102339
0 0.448878 0.581871 0.042394 0.105263
0 0.379676 0.454678 0.041147 0.102339
0 0.015586 0.713450 0.028678 0.105263
0 0.604115 0.456140 0.041147 0.105263
0 0.562344 0.583333 0.042394 0.102339
0 0.011222 0.327485 0.019950 0.099415
0 0.364090 0.710526 0.044888 0.105263
0 0.266209 0.454678 0.041147 0.102339
0 0.393392 0.583333 0.041147 0.102339
0 0.082918 0.711988 0.041147 0.102339
0 0.462594 0.328947 0.042394 0.102339
0 0.210100 0.454678 0.041147 0.102339
0 0.519327 0.327485 0.043641 0.105263
0 0.022444 0.584795 0.042394 0.111111
0 0.435786 0.454678 0.041147 0.102339
0 0.350374 0.328947 0.042394 0.102339
0 0.124065 0.327485 0.043641 0.105263
0 0.097257 0.454678 0.042394 0.102339
0 0.576060 0.328947 0.042394 0.102339
0 0.548628 0.454678 0.039900 0.102339
0 0.279925 0.583333 0.043641 0.102339
0 0.293641 0.327485 0.043641 0.105263
0 0.236908 0.327485 0.042394 0.105263
0 0.532419 0.709064 0.042394 0.102339
0 0.036160 0.845029 0.057357 0.111111
0 0.015586 0.842105 0.028678 0.111111
0 0.041147 0.456140 0.042394 0.105263
0 0.476309 0.709064 0.042394 0.102339
0 0.731297 0.514620 0.068579 0.233918
0 0.596633 0.842105 0.058603 0.111111
0 0.180798 0.327485 0.042394 0.105263
0 0.195761 0.711988 0.042394 0.102339
0 0.167082 0.584795 0.042394 0.105263
0 0.252494 0.710526 0.043641 0.105263
0 0.716334 0.327485 0.100998 0.111111
0 0.504364 0.581871 0.043641 0.105263
0 0.315461 0.840643 0.341646 0.114035
0 0.587905 0.709064 0.043641 0.102339
0 0.673940 0.581871 0.041147 0.105263
0 0.491272 0.456140 0.042394 0.105263
0 0.696384 0.711988 0.140898 0.108187
0 0.659601 0.454678 0.042394 0.102339
0 0.420823 0.713450 0.043641 0.105263
0 0.055486 0.583333 0.041147 0.102339
0 0.111596 0.583333 0.041147 0.102339
0 0.068579 0.327485 0.042394 0.099415
0 0.738155 0.843567 0.059850 0.108187
0 0.224439 0.583333 0.042394 0.102339
0 0.617830 0.581871 0.043641 0.105263
0 0.139651 0.711988 0.042394 0.102339
0 0.323566 0.454678 0.041147 0.102339
0 0.406484 0.328947 0.042394 0.102339
