0 0.482634 0.434469 0.055701 0.051114
0 0.473132 0.373526 0.055046 0.049803
0 0.898755 0.493447 0.114679 0.069463
0 0.255242 0.311927 0.055701 0.048493
0 0.810616 0.468545 0.055046 0.053735
0 0.583552 0.406946 0.054391 0.051114
0 0.664810 0.607143 0.057012 0.055701
0 0.309305 0.326999 0.056356 0.048493
0 0.695937 0.436107 0.055046 0.053080
0 0.417759 0.358126 0.054391 0.049148
0 0.638598 0.421363 0.054391 0.051114
0 0.828637 0.594364 0.055701 0.055046
0 0.767366 0.576343 0.057667 0.055701
0 0.210026 0.472805 0.060944 0.051769
0 0.709371 0.499345 0.057012 0.052425
0 0.321429 0.505898 0.059633 0.053735
0 0.434142 0.538663 0.058322 0.053735
0 0.372543 0.402359 0.055701 0.051114
0 0.208060 0.354522 0.058322 0.049803
0 0.490498 0.556029 0.057012 0.054391
0 0.154653 0.456750 0.061599 0.051114
0 0.139908 0.515727 0.076671 0.058978
0 0.755570 0.696592 0.060288 0.060288
0 0.527851 0.389253 0.054391 0.049803
0 0.256225 0.428244 0.057667 0.051769
0 0.363368 0.342398 0.055701 0.049148
0 0.317497 0.386304 0.057012 0.050459
0 0.071756 0.494758 0.075360 0.058978
0 0.312254 0.444626 0.058322 0.051769
0 0.592726 0.526540 0.055701 0.054391
0 0.201835 0.411206 0.057667 0.051769
0 0.605832 0.589777 0.057012 0.056356
0 0.368283 0.461009 0.056356 0.053080
0 0.651704 0.482962 0.057012 0.052425
0 0.900721 0.582896 0.083224 0.122543
0 0.547837 0.572739 0.056356 0.055046
0 0.723788 0.624836 0.057012 0.057012
0 0.148755 0.281127 0.056356 0.045872
0 0.826671 0.532438 0.055701 0.054391
0 0.265072 0.489515 0.058322 0.053735
0 0.262451 0.369921 0.057012 0.050459
0 0.535387 0.509830 0.056356 0.055046
0 0.201835 0.296527 0.056356 0.047837
0 0.480013 0.492792 0.057012 0.052425
0 0.092398 0.439384 0.073394 0.055701
0 0.141547 0.336173 0.083879 0.056356
0 0.127130 0.390891 0.098296 0.060944
0 0.423329 0.477064 0.056356 0.052425
0 0.708388 0.559961 0.058978 0.054391
0 0.514744 0.503277 0.971822 0.604194
0 0.768021 0.515727 0.056356 0.053735
0 0.427588 0.417759 0.055701 0.050459
0 0.806029 0.647772 0.100917 0.074050
0 0.538663 0.451180 0.056356 0.051769
0 0.378113 0.521953 0.057667 0.053080
0 0.595020 0.465924 0.055046 0.051114
0 0.752949 0.452163 0.056356 0.053735
0 0.650066 0.543578 0.057667 0.054391
0 0.421691 0.599934 0.366317 0.150066
