0 0.701507 0.486451 0.059633 0.116259
0 0.400393 0.394231 0.035387 0.052448
0 0.655308 0.514860 0.034076 0.054196
0 0.262779 0.392483 0.035387 0.052448
0 0.433814 0.512238 0.034076 0.050699
0 0.088794 0.569493 0.042595 0.049825
0 0.599607 0.455420 0.035387 0.052448
0 0.624836 0.395105 0.033421 0.052448
0 0.455111 0.569930 0.034731 0.050699
0 0.411533 0.570367 0.031455 0.048077
0 0.150066 0.451923 0.035387 0.052448
0 0.577654 0.396416 0.038663 0.055070
0 0.355177 0.393357 0.038008 0.052448
0 0.239843 0.451923 0.032765 0.050699
0 0.217890 0.392920 0.038663 0.053322
0 0.092398 0.450612 0.053735 0.049825
0 0.122215 0.390297 0.030799 0.049825
0 0.587156 0.570804 0.035387 0.050699
0 0.161861 0.510490 0.030144 0.050699
0 0.102228 0.511364 0.070773 0.052448
0 0.194626 0.451486 0.031455 0.049825
0 0.521625 0.513112 0.032765 0.050699
0 0.644495 0.454983 0.034731 0.053322
0 0.565531 0.513549 0.034076 0.051573
0 0.543906 0.570367 0.034076 0.049825
0 0.554391 0.454108 0.032765 0.049825
0 0.691022 0.395542 0.083224 0.056818
0 0.297510 0.511364 0.030144 0.048951
0 0.204128 0.630245 0.046527 0.050699
0 0.388598 0.511801 0.031455 0.049825
0 0.140891 0.569056 0.035387 0.052448
0 0.321429 0.569930 0.033421 0.048951
0 0.422018 0.453671 0.032765 0.050699
0 0.343381 0.511364 0.032765 0.050699
0 0.206750 0.510927 0.030799 0.051573
0 0.184469 0.569493 0.030799 0.049825
0 0.669397 0.571678 0.118611 0.052448
0 0.500328 0.570367 0.034731 0.049825
0 0.332241 0.452360 0.032765 0.049825
0 0.539318 0.629371 0.044561 0.048951
0 0.230668 0.569930 0.031455 0.048951
0 0.478375 0.512238 0.035387 0.050699
0 0.510157 0.454545 0.033421 0.050699
0 0.169069 0.390734 0.031455 0.050699
0 0.377130 0.453234 0.032110 0.049825
0 0.472149 0.479895 0.859109 0.440559
0 0.610747 0.513986 0.036697 0.054196
0 0.307667 0.392483 0.033421 0.052448
0 0.371232 0.630245 0.274574 0.054196
0 0.702818 0.631993 0.051769 0.054196
0 0.534731 0.395979 0.038008 0.054196
0 0.466907 0.454108 0.032110 0.049825
0 0.252949 0.510927 0.032765 0.051573
0 0.076016 0.390734 0.031455 0.048951
0 0.275557 0.569056 0.032110 0.048951
0 0.365662 0.569930 0.032765 0.048951
0 0.489515 0.395105 0.036697 0.054196
0 0.089450 0.630245 0.043906 0.050699
0 0.444954 0.394668 0.035387 0.053322
0 0.286042 0.451923 0.032110 0.048951
