0 0.357070 0.578125 0.050205 0.135417
0 0.305328 0.234375 0.049180 0.135417
0 0.663934 0.747396 0.049180 0.135417
0 0.150102 0.582031 0.050205 0.138021
0 0.751025 0.406250 0.049180 0.135417
0 0.026639 0.233073 0.051230 0.138021
0 0.166496 0.234375 0.050205 0.140625
0 0.768443 0.579427 0.049180 0.138021
0 0.408811 0.407552 0.049180 0.138021
0 0.501025 0.502604 1.000000 1.000000
0 0.835553 0.578125 0.050205 0.140625
0 0.184939 0.753906 0.050205 0.138021
0 0.287398 0.579427 0.050205 0.138021
0 0.493340 0.579427 0.050205 0.138021
0 0.819160 0.403646 0.050205 0.140625
0 0.374488 0.231771 0.050205 0.135417
0 0.630123 0.578125 0.049180 0.135417
0 0.270492 0.407552 0.051230 0.138021
0 0.097336 0.234375 0.051230 0.140625
0 0.460041 0.751302 0.051230 0.138021
0 0.236680 0.235677 0.051230 0.138021
0 0.698770 0.579427 0.051230 0.138021
0 0.037398 0.929688 0.072746 0.145833
0 0.045594 0.408854 0.087090 0.140625
0 0.340676 0.407552 0.050205 0.138021
0 0.322234 0.752604 0.050205 0.135417
0 0.851434 0.928385 0.057377 0.148438
0 0.130635 0.932292 0.072746 0.140625
0 0.902664 0.576823 0.049180 0.138021
0 0.424693 0.578125 0.050205 0.135417
0 0.545594 0.407552 0.050205 0.138021
0 0.682377 0.404948 0.051230 0.138021
0 0.579918 0.234375 0.051230 0.135417
0 0.561475 0.579427 0.049180 0.138021
0 0.116803 0.753906 0.051230 0.138021
0 0.219775 0.582031 0.050205 0.138021
0 0.467213 0.927083 0.418033 0.151042
0 0.733094 0.748698 0.050205 0.132812
0 0.037398 0.755208 0.070697 0.140625
0 0.613217 0.406250 0.050205 0.135417
0 0.853996 0.230469 0.050205 0.132812
0 0.201844 0.406250 0.051230 0.140625
0 0.527664 0.750000 0.051230 0.135417
0 0.054816 0.583333 0.105533 0.140625
0 0.511783 0.234375 0.050205 0.135417
0 0.648053 0.231771 0.050205 0.135417
0 0.785348 0.231771 0.050205 0.135417
0 0.596311 0.748698 0.051230 0.138021
0 0.800717 0.752604 0.050205 0.135417
0 0.476947 0.407552 0.050205 0.138021
0 0.132172 0.406250 0.051230 0.140625
0 0.887295 0.404948 0.049180 0.138021
0 0.949283 0.231771 0.103484 0.135417
0 0.392418 0.751302 0.051230 0.138021
0 0.255635 0.753906 0.050205 0.138021
0 0.965164 0.497396 0.071721 0.317708
0 0.896004 0.752604 0.103484 0.140625
0 0.717213 0.233073 0.051230 0.138021
0 0.442623 0.234375 0.051230 0.135417
