0 0.126776 0.301020 0.037158 0.086735
0 0.089617 0.413265 0.061202 0.091837
0 0.669399 0.299745 0.036066 0.089286
0 0.386339 0.635204 0.038251 0.091837
0 0.249727 0.410714 0.036066 0.091837
0 0.506011 0.468112 0.955191 0.818878
0 0.138798 0.635204 0.037158 0.091837
0 0.410929 0.524235 0.037158 0.089286
0 0.509290 0.522959 0.037158 0.091837
0 0.448634 0.411990 0.036066 0.089286
0 0.083060 0.637755 0.050273 0.091837
0 0.645355 0.413265 0.036066 0.091837
0 0.608743 0.524235 0.037158 0.089286
0 0.077049 0.301020 0.036066 0.086735
0 0.434973 0.635204 0.039344 0.091837
0 0.349180 0.411990 0.036066 0.089286
0 0.460656 0.524235 0.036066 0.089286
0 0.188525 0.636480 0.036066 0.089286
0 0.521311 0.302296 0.037158 0.089286
0 0.300000 0.411990 0.036066 0.089286
0 0.571038 0.301020 0.038251 0.091837
0 0.096175 0.525510 0.074317 0.096939
0 0.497814 0.411990 0.036066 0.089286
0 0.422951 0.302296 0.037158 0.089286
0 0.224590 0.301020 0.038251 0.091837
0 0.201093 0.411990 0.037158 0.089286
0 0.620765 0.302296 0.037158 0.089286
0 0.596721 0.411990 0.034973 0.089286
0 0.361202 0.524235 0.038251 0.089286
0 0.373224 0.301020 0.038251 0.091837
0 0.323497 0.301020 0.037158 0.091837
0 0.582514 0.633929 0.037158 0.089286
0 0.147541 0.752551 0.050273 0.096939
0 0.084153 0.750000 0.050273 0.096939
0 0.151913 0.413265 0.037158 0.091837
0 0.533333 0.633929 0.037158 0.089286
0 0.756831 0.464286 0.060109 0.204082
0 0.638798 0.750000 0.051366 0.096939
0 0.274317 0.301020 0.037158 0.091837
0 0.287432 0.636480 0.037158 0.089286
0 0.262295 0.525510 0.037158 0.091837
0 0.337158 0.635204 0.038251 0.091837
0 0.743716 0.301020 0.088525 0.096939
0 0.557923 0.522959 0.038251 0.091837
0 0.392350 0.748724 0.299454 0.099490
0 0.631148 0.633929 0.038251 0.089286
0 0.706557 0.522959 0.036066 0.091837
0 0.546448 0.413265 0.037158 0.091837
0 0.726230 0.636480 0.123497 0.094388
0 0.693989 0.411990 0.037158 0.089286
0 0.484699 0.637755 0.038251 0.091837
0 0.164481 0.524235 0.036066 0.089286
0 0.213661 0.524235 0.036066 0.089286
0 0.175956 0.301020 0.037158 0.086735
0 0.762842 0.751276 0.052459 0.094388
0 0.312568 0.524235 0.037158 0.089286
0 0.657377 0.522959 0.038251 0.091837
0 0.238251 0.636480 0.037158 0.089286
0 0.399454 0.411990 0.036066 0.089286
0 0.472131 0.302296 0.037158 0.089286
