0 0.626875 0.220000 0.043750 0.050000
0 0.457813 0.256250 0.053125 0.054167
0 0.456562 0.327917 0.051875 0.057500
0 0.250937 0.555833 0.070625 0.080000
0 0.460625 0.504583 0.916250 0.729167
0 0.548125 0.236250 0.046250 0.052500
0 0.410313 0.266250 0.053125 0.059167
0 0.489687 0.391250 0.056875 0.055833
0 0.780625 0.356667 0.058750 0.056667
0 0.536250 0.444583 0.060000 0.054167
0 0.349375 0.355000 0.058750 0.061667
0 0.234687 0.302500 0.061875 0.065000
0 0.187500 0.686667 0.107500 0.111667
0 0.758125 0.305417 0.041250 0.044167
0 0.622812 0.412500 0.053125 0.050000
0 0.382812 0.506667 0.064375 0.066667
0 0.297812 0.288750 0.059375 0.064167
0 0.404375 0.341250 0.057500 0.057500
0 0.167187 0.315417 0.059375 0.067500
0 0.577812 0.361250 0.050625 0.050833
0 0.693750 0.204167 0.038750 0.045000
0 0.779062 0.268333 0.071875 0.090000
0 0.534687 0.375833 0.053125 0.053333
0 0.656563 0.335000 0.045625 0.048333
0 0.262500 0.463333 0.066250 0.071667
0 0.663438 0.271667 0.044375 0.046667
0 0.557187 0.521667 0.306875 0.176667
0 0.715625 0.443750 0.055000 0.054167
0 0.322188 0.530417 0.065625 0.075833
0 0.787813 0.416667 0.043125 0.051667
0 0.500938 0.316250 0.054375 0.049167
0 0.696875 0.324583 0.047500 0.047500
0 0.728125 0.312917 0.041250 0.044167
0 0.492500 0.463750 0.056250 0.057500
0 0.222500 0.389167 0.071250 0.070000
0 0.698438 0.264167 0.039375 0.046667
0 0.734062 0.254583 0.041875 0.047500
0 0.585625 0.290833 0.047500 0.048333
0 0.624687 0.281250 0.046875 0.045833
0 0.738750 0.372917 0.042500 0.052500
0 0.661563 0.212083 0.041875 0.045833
0 0.544375 0.302917 0.051250 0.049167
0 0.588750 0.227917 0.042500 0.050833
0 0.370312 0.600833 0.084375 0.086667
0 0.384688 0.424583 0.064375 0.064167
0 0.440000 0.406250 0.057500 0.060833
0 0.437812 0.483750 0.065625 0.060833
0 0.160625 0.497083 0.141250 0.100833
0 0.740938 0.196667 0.061875 0.050000
0 0.703750 0.383750 0.046250 0.050833
0 0.506563 0.246667 0.045625 0.056667
0 0.129062 0.414583 0.113125 0.087500
0 0.168125 0.587917 0.095000 0.092500
0 0.357812 0.277917 0.054375 0.062500
0 0.664062 0.397500 0.048125 0.050000
0 0.581562 0.430000 0.055625 0.056667
0 0.618437 0.348750 0.049375 0.049167
0 0.290000 0.371250 0.057500 0.062500
0 0.328437 0.442917 0.064375 0.069167
