0 0.189375 0.613689 0.080000 0.064965
0 0.570000 0.532483 0.037500 0.062645
0 0.709375 0.714037 0.036250 0.063805
0 0.667813 0.595128 0.036875 0.058005
0 0.255937 0.609049 0.040625 0.062645
0 0.186562 0.675174 0.054375 0.060325
0 0.533125 0.596868 0.036250 0.061485
0 0.305000 0.472158 0.043750 0.069606
0 0.383125 0.538863 0.038750 0.063805
0 0.151875 0.476218 0.047500 0.073086
0 0.740313 0.465197 0.039375 0.062645
0 0.285625 0.542343 0.041250 0.066125
0 0.552813 0.657773 0.035625 0.060325
0 0.236563 0.544664 0.043125 0.066125
0 0.429688 0.535963 0.038125 0.064965
0 0.622812 0.595128 0.036875 0.062645
0 0.711875 0.594548 0.037500 0.059165
0 0.420938 0.662993 0.036875 0.059165
0 0.810937 0.461717 0.089375 0.067285
0 0.523125 0.535383 0.038750 0.066125
0 0.596250 0.656032 0.035000 0.059165
0 0.355000 0.470998 0.041250 0.067285
0 0.395625 0.602668 0.037500 0.061485
0 0.693125 0.465777 0.040000 0.061485
0 0.405313 0.470998 0.040625 0.064965
0 0.174063 0.546984 0.069375 0.068445
0 0.254688 0.473898 0.044375 0.070766
0 0.251875 0.733759 0.051250 0.059165
0 0.334062 0.540023 0.040625 0.066125
0 0.577812 0.596288 0.036875 0.062645
0 0.486875 0.599188 0.036250 0.063805
0 0.349375 0.604408 0.038750 0.062645
0 0.518125 0.545824 0.810000 0.453596
0 0.239063 0.671114 0.040625 0.061485
0 0.375625 0.664733 0.037500 0.060325
0 0.662188 0.531323 0.038125 0.062645
0 0.285000 0.669374 0.037500 0.058005
0 0.754375 0.530162 0.040000 0.060325
0 0.615625 0.531903 0.038750 0.063805
0 0.756563 0.591647 0.038125 0.060325
0 0.502188 0.470418 0.039375 0.061485
0 0.453750 0.469838 0.040000 0.064965
0 0.597812 0.467517 0.039375 0.062645
0 0.646250 0.466357 0.040000 0.062645
0 0.465000 0.661253 0.036250 0.058005
0 0.194375 0.732019 0.053750 0.055684
0 0.550625 0.468677 0.038750 0.062645
0 0.476250 0.535963 0.037500 0.062645
0 0.683438 0.653712 0.035625 0.054524
0 0.331250 0.667633 0.038750 0.059165
0 0.708125 0.530742 0.040000 0.063805
0 0.467813 0.720418 0.268125 0.055684
0 0.204063 0.475638 0.044375 0.071926
0 0.509062 0.658933 0.036875 0.060325
0 0.302812 0.606729 0.039375 0.062645
0 0.810312 0.560905 0.066875 0.124130
0 0.640625 0.654292 0.035000 0.055684
0 0.441250 0.599768 0.036250 0.062645
0 0.741875 0.651972 0.068750 0.058005
