0 0.075512 0.809113 0.048635 0.115764
0 0.430887 0.353448 0.034130 0.105911
0 0.328072 0.807882 0.250000 0.108374
0 0.171075 0.467980 0.033276 0.103448
0 0.608362 0.353448 0.076792 0.105911
0 0.290956 0.466749 0.034130 0.100985
0 0.331911 0.465517 0.034130 0.103448
0 0.161689 0.689655 0.036689 0.103448
0 0.191126 0.355911 0.035836 0.105911
0 0.351536 0.354680 0.034130 0.103448
0 0.141212 0.578818 0.033276 0.103448
0 0.441980 0.690887 0.035836 0.100985
0 0.341724 0.577586 0.034983 0.100985
0 0.461177 0.577586 0.034983 0.100985
0 0.401877 0.689655 0.035836 0.103448
0 0.470137 0.352217 0.035836 0.108374
0 0.270904 0.355911 0.034983 0.105911
0 0.120307 0.690887 0.034130 0.105911
0 0.281997 0.689655 0.034983 0.103448
0 0.231229 0.353448 0.034130 0.105911
0 0.311433 0.353448 0.035836 0.105911
0 0.604522 0.578818 0.086177 0.103448
0 0.110068 0.353448 0.034130 0.105911
0 0.500853 0.578818 0.034130 0.103448
0 0.302048 0.577586 0.034130 0.100985
0 0.086177 0.578818 0.066553 0.103448
0 0.263225 0.581281 0.034983 0.103448
0 0.619454 0.467980 0.056314 0.103448
0 0.383106 0.578818 0.035836 0.103448
0 0.509812 0.354680 0.034983 0.103448
0 0.478242 0.806650 0.046928 0.110837
0 0.569539 0.465517 0.034983 0.103448
0 0.130546 0.467980 0.035836 0.103448
0 0.322099 0.689655 0.036689 0.103448
0 0.480802 0.689655 0.034983 0.103448
0 0.069966 0.353448 0.035836 0.100985
0 0.540529 0.578818 0.034983 0.103448
0 0.242747 0.689655 0.036689 0.103448
0 0.371160 0.467980 0.035836 0.103448
0 0.203072 0.690887 0.035836 0.100985
0 0.251706 0.465517 0.035836 0.103448
0 0.221843 0.577586 0.034130 0.100985
0 0.080631 0.469212 0.055461 0.105911
0 0.549915 0.353448 0.033276 0.100985
0 0.391212 0.354680 0.034983 0.108374
0 0.529437 0.466749 0.034983 0.100985
0 0.210751 0.466749 0.034130 0.100985
0 0.150597 0.355911 0.034983 0.105911
0 0.594710 0.685961 0.107509 0.100985
0 0.176621 0.806650 0.047782 0.110837
0 0.505546 0.525862 0.936007 0.800493
0 0.421928 0.576355 0.034983 0.103448
0 0.520051 0.688424 0.034983 0.100985
0 0.181741 0.578818 0.035836 0.103448
0 0.626280 0.804187 0.049488 0.115764
0 0.075512 0.693350 0.046928 0.105911
0 0.410836 0.465517 0.033276 0.098522
0 0.450085 0.466749 0.034983 0.100985
0 0.362201 0.690887 0.036689 0.100985
0 0.490188 0.464286 0.033276 0.100985
