0 0.069397 0.818750 0.049138 0.117500
0 0.428448 0.356250 0.034483 0.107500
0 0.324569 0.817500 0.252586 0.110000
0 0.165948 0.472500 0.033621 0.105000
0 0.607759 0.356250 0.077586 0.107500
0 0.287069 0.471250 0.034483 0.102500
0 0.328448 0.470000 0.034483 0.105000
0 0.156466 0.697500 0.037069 0.105000
0 0.186207 0.358750 0.036207 0.107500
0 0.348276 0.357500 0.034483 0.105000
0 0.135776 0.585000 0.033621 0.105000
0 0.439655 0.698750 0.036207 0.102500
0 0.338362 0.583750 0.035345 0.102500
0 0.459052 0.583750 0.035345 0.102500
0 0.399138 0.697500 0.036207 0.105000
0 0.468103 0.355000 0.036207 0.110000
0 0.266810 0.358750 0.035345 0.107500
0 0.114655 0.698750 0.034483 0.107500
0 0.278017 0.697500 0.035345 0.105000
0 0.226724 0.356250 0.034483 0.107500
0 0.307759 0.356250 0.036207 0.107500
0 0.603879 0.585000 0.087069 0.105000
0 0.104310 0.356250 0.034483 0.107500
0 0.499138 0.585000 0.034483 0.105000
0 0.298276 0.583750 0.034483 0.102500
0 0.080172 0.585000 0.067241 0.105000
0 0.259052 0.587500 0.035345 0.105000
0 0.618966 0.472500 0.056897 0.105000
0 0.380172 0.585000 0.036207 0.105000
0 0.508190 0.357500 0.035345 0.105000
0 0.476293 0.816250 0.047414 0.112500
0 0.568534 0.470000 0.035345 0.105000
0 0.125000 0.472500 0.036207 0.105000
0 0.318534 0.697500 0.037069 0.105000
0 0.478879 0.697500 0.035345 0.105000
0 0.063793 0.356250 0.036207 0.102500
0 0.539224 0.585000 0.035345 0.105000
0 0.238362 0.697500 0.037069 0.105000
0 0.368103 0.472500 0.036207 0.105000
0 0.198276 0.698750 0.036207 0.102500
0 0.247414 0.470000 0.036207 0.105000
0 0.217241 0.583750 0.034483 0.102500
0 0.074569 0.473750 0.056034 0.107500
0 0.548707 0.356250 0.033621 0.102500
0 0.388362 0.357500 0.035345 0.110000
0 0.528017 0.471250 0.035345 0.102500
0 0.206034 0.471250 0.034483 0.102500
0 0.145259 0.358750 0.035345 0.107500
0 0.593966 0.693750 0.108621 0.102500
0 0.171552 0.816250 0.048276 0.112500
0 0.503879 0.531250 0.945690 0.812500
0 0.419397 0.582500 0.035345 0.105000
0 0.518534 0.696250 0.035345 0.102500
0 0.176724 0.585000 0.036207 0.105000
0 0.625862 0.813750 0.050000 0.117500
0 0.069397 0.701250 0.047414 0.107500
0 0.408190 0.470000 0.033621 0.100000
0 0.447845 0.471250 0.035345 0.102500
0 0.359052 0.698750 0.037069 0.102500
0 0.488362 0.468750 0.033621 0.102500
