0 0.510312 0.394167 0.045625 0.031667
0 0.530000 0.353750 0.043750 0.030833
0 0.578125 0.492500 0.055000 0.046667
0 0.270937 0.403750 0.046875 0.034167
0 0.348438 0.569167 0.244375 0.063333
0 0.606563 0.545417 0.089375 0.044167
0 0.583125 0.353333 0.043750 0.035000
0 0.699375 0.410000 0.097500 0.086667
0 0.650000 0.433333 0.048750 0.036667
0 0.335938 0.404583 0.043125 0.035833
0 0.384375 0.502500 0.050000 0.043333
0 0.396250 0.399167 0.042500 0.031667
0 0.475938 0.444167 0.045625 0.036667
0 0.349687 0.449583 0.045625 0.037500
0 0.452813 0.397083 0.044375 0.032500
0 0.535000 0.440417 0.046250 0.035833
0 0.546875 0.480417 0.725000 0.499167
0 0.307188 0.362500 0.043125 0.033333
0 0.515312 0.494583 0.050625 0.042500
0 0.621250 0.390417 0.048750 0.034167
0 0.565625 0.394167 0.050000 0.036667
0 0.516875 0.551250 0.071250 0.045833
0 0.593437 0.437500 0.049375 0.036667
0 0.654687 0.486250 0.088125 0.044167
0 0.658438 0.347917 0.099375 0.034167
0 0.450000 0.497917 0.048750 0.040833
0 0.475000 0.355833 0.045000 0.030000
0 0.316563 0.505417 0.050625 0.042500
0 0.286562 0.454583 0.045625 0.037500
0 0.415938 0.448333 0.045625 0.036667
0 0.420938 0.357083 0.041875 0.029167
0 0.364063 0.359583 0.041875 0.029167
