0 0.959071 0.500836 0.084071 0.051839
0 0.815265 0.368729 0.033186 0.055184
0 0.794248 0.433946 0.033186 0.051839
0 0.219027 0.434783 0.033186 0.056856
0 0.683075 0.368729 0.036504 0.058528
0 0.846792 0.500000 0.032080 0.053512
0 0.262721 0.433110 0.032080 0.053512
0 0.324115 0.363712 0.033186 0.055184
0 0.857301 0.368729 0.033186 0.055184
0 0.719580 0.631271 0.142699 0.051839
0 0.405973 0.490803 0.033186 0.055184
0 0.316925 0.494147 0.029867 0.051839
0 0.928650 0.566054 0.065265 0.051839
0 0.741150 0.564381 0.033186 0.055184
0 0.868916 0.565217 0.032080 0.053512
0 0.350111 0.428094 0.032080 0.053512
0 0.966814 0.367893 0.068584 0.053512
0 0.804204 0.500000 0.030973 0.053512
0 0.339602 0.558528 0.033186 0.053512
0 0.231195 0.500000 0.030973 0.053512
0 0.751106 0.433946 0.030973 0.051839
0 0.675885 0.505853 0.033186 0.051839
0 0.899889 0.368729 0.032080 0.055184
0 0.168142 0.636288 0.057522 0.055184
0 0.243916 0.472408 0.421460 0.476589
0 0.667035 0.439799 0.035398 0.053512
0 0.238385 0.368729 0.032080 0.055184
0 0.163717 0.436455 0.053097 0.053512
0 0.717920 0.499164 0.033186 0.051839
0 0.891593 0.501672 0.030973 0.053512
0 0.696350 0.563545 0.034292 0.053512
0 0.305863 0.430602 0.032080 0.055184
0 0.771571 0.367893 0.032080 0.056856
0 0.376106 0.626254 0.143805 0.058528
0 0.820243 0.631271 0.043142 0.051839
0 0.274336 0.496656 0.030973 0.053512
0 0.150996 0.370401 0.032080 0.051839
0 0.817478 0.475753 0.367257 0.453177
0 0.728982 0.368729 0.033186 0.058528
0 0.413717 0.359532 0.037611 0.056856
0 0.194690 0.371237 0.030973 0.053512
0 0.880531 0.434783 0.030973 0.053512
0 0.253319 0.564381 0.030973 0.051839
0 0.394912 0.426421 0.033186 0.053512
0 0.919801 0.438963 0.040929 0.061873
0 0.172013 0.502508 0.063053 0.055184
0 0.707412 0.434783 0.032080 0.053512
0 0.762721 0.500000 0.032080 0.053512
0 0.271018 0.629599 0.046460 0.055184
0 0.183075 0.568562 0.087389 0.056856
0 0.386062 0.556856 0.030973 0.053512
0 0.361173 0.492475 0.032080 0.051839
0 0.837942 0.433946 0.032080 0.051839
0 0.297013 0.561873 0.032080 0.053512
0 0.826327 0.564381 0.033186 0.051839
0 0.430310 0.558528 0.030973 0.053512
0 0.973451 0.439799 0.044248 0.060201
0 0.782080 0.564381 0.033186 0.055184
0 0.368916 0.362040 0.032080 0.055184
0 0.886062 0.632943 0.068584 0.051839
0 0.281527 0.367893 0.034292 0.056856
