0 0.634167 0.335812 0.031667 0.049199
0 0.767917 0.509725 0.030833 0.046911
0 0.717083 0.336384 0.030833 0.048055
0 0.789167 0.453089 0.030000 0.048055
0 0.237500 0.395309 0.031667 0.049199
0 0.623750 0.453089 0.032500 0.048055
0 0.675000 0.336384 0.031667 0.050343
0 0.321250 0.392449 0.030833 0.050343
0 0.623750 0.566934 0.134167 0.046911
0 0.297917 0.336384 0.032500 0.048055
0 0.286667 0.566934 0.043333 0.049199
0 0.778750 0.395309 0.030833 0.049199
0 0.783750 0.568078 0.064167 0.046911
0 0.684167 0.509725 0.031667 0.049199
0 0.255833 0.336957 0.031667 0.049199
0 0.706250 0.450801 0.030833 0.048055
0 0.397917 0.505149 0.030833 0.046911
0 0.262917 0.427918 0.402500 0.416476
0 0.720417 0.566362 0.040833 0.048055
0 0.183750 0.395881 0.050833 0.048055
0 0.385000 0.334668 0.031667 0.049199
0 0.425417 0.331236 0.032500 0.049199
0 0.190417 0.453661 0.062500 0.049199
0 0.170417 0.338101 0.030833 0.046911
0 0.374167 0.448513 0.030000 0.048055
0 0.331250 0.449085 0.030833 0.049199
0 0.856667 0.453661 0.083333 0.046911
0 0.757917 0.336957 0.030833 0.049199
0 0.278750 0.393593 0.032500 0.048055
0 0.289583 0.450801 0.030833 0.048055
0 0.602083 0.507437 0.030833 0.046911
0 0.801250 0.337529 0.032500 0.048055
0 0.824583 0.509725 0.062500 0.046911
0 0.312083 0.508009 0.030833 0.048055
0 0.247917 0.451945 0.030833 0.048055
0 0.387917 0.564645 0.137500 0.049199
0 0.864167 0.336957 0.070000 0.046911
0 0.747083 0.452517 0.030833 0.049199
0 0.816667 0.397597 0.040000 0.053776
0 0.187500 0.571510 0.055000 0.049199
0 0.213333 0.338673 0.030000 0.048055
0 0.270417 0.510297 0.030833 0.048055
0 0.201250 0.512586 0.084167 0.050343
0 0.590000 0.335240 0.033333 0.050343
0 0.353333 0.506865 0.031667 0.048055
0 0.738333 0.394165 0.030000 0.046911
0 0.743333 0.426201 0.396667 0.390160
0 0.644583 0.508581 0.032500 0.046911
0 0.654583 0.393021 0.030833 0.046911
0 0.726667 0.508581 0.030000 0.046911
0 0.666250 0.455378 0.030833 0.048055
0 0.867500 0.399886 0.043333 0.056064
0 0.581667 0.455378 0.031667 0.048055
0 0.364167 0.390732 0.031667 0.046911
0 0.569583 0.391876 0.030833 0.049199
0 0.696250 0.393021 0.030833 0.046911
0 0.406667 0.389588 0.031667 0.046911
0 0.612917 0.393593 0.030833 0.048055
0 0.339167 0.333524 0.031667 0.049199
0 0.441667 0.506293 0.031667 0.049199
0 0.417083 0.446796 0.032500 0.049199
