0 0.466333 0.415934 0.043333 0.071429
0 0.544333 0.479121 0.055333 0.072527
0 0.092667 0.553846 0.081333 0.083516
0 0.346000 0.204396 0.044000 0.070330
0 0.205667 0.218132 0.047333 0.071429
0 0.302000 0.361538 0.045333 0.074725
0 0.390667 0.199451 0.042667 0.069231
0 0.437667 0.343956 0.043333 0.072527
0 0.481333 0.338462 0.042667 0.070330
0 0.237667 0.448901 0.047333 0.075824
0 0.332000 0.435165 0.045333 0.074725
0 0.628333 0.247253 0.040667 0.065934
0 0.668000 0.385714 0.109333 0.072527
0 0.236000 0.292308 0.046667 0.074725
0 0.188667 0.456044 0.048000 0.076923
0 0.434333 0.196154 0.043333 0.069231
0 0.551667 0.401648 0.043333 0.069231
0 0.422667 0.421978 0.044000 0.072527
0 0.565667 0.327473 0.042000 0.068132
0 0.138333 0.463187 0.050000 0.078022
0 0.330000 0.281319 0.044000 0.072527
0 0.606333 0.321978 0.040667 0.068132
0 0.548000 0.257143 0.041333 0.068132
0 0.056000 0.231868 0.050667 0.074725
0 0.506000 0.262088 0.042667 0.069231
0 0.138333 0.303297 0.050000 0.076923
0 0.682333 0.277473 0.066000 0.135165
0 0.524000 0.332418 0.041333 0.069231
0 0.254000 0.212637 0.045333 0.071429
0 0.087000 0.390110 0.090000 0.081319
0 0.347667 0.356044 0.044667 0.072527
0 0.463333 0.265934 0.041333 0.068132
0 0.419667 0.271978 0.043333 0.071429
0 0.375333 0.276374 0.044000 0.071429
0 0.187333 0.297802 0.046667 0.074725
0 0.520000 0.188462 0.042667 0.069231
0 0.157333 0.380220 0.048000 0.076923
0 0.646333 0.316484 0.040667 0.065934
0 0.157333 0.222527 0.048000 0.073626
0 0.108000 0.226923 0.048000 0.073626
0 0.387667 0.508242 0.260667 0.104396
0 0.074333 0.310989 0.075333 0.079121
0 0.285333 0.442308 0.048000 0.075824
0 0.206333 0.374725 0.048667 0.074725
0 0.500333 0.324176 0.994000 0.646154
0 0.226333 0.531319 0.062000 0.080220
0 0.589000 0.252747 0.042000 0.068132
0 0.509667 0.408791 0.042000 0.070330
0 0.702000 0.453297 0.061333 0.069231
0 0.254333 0.368132 0.046000 0.074725
0 0.377000 0.428571 0.046000 0.072527
0 0.592333 0.396703 0.042000 0.068132
0 0.561000 0.184066 0.042000 0.067033
0 0.660333 0.175275 0.076667 0.064835
0 0.478000 0.192308 0.042667 0.068132
0 0.080000 0.473626 0.065333 0.081319
0 0.283667 0.286813 0.046000 0.072527
0 0.300000 0.208791 0.045333 0.070330
0 0.393333 0.350000 0.044000 0.071429
0 0.601667 0.179670 0.040667 0.064835
