0 0.496875 0.432870 0.935417 0.462037
0 0.268750 0.598148 0.056944 0.070370
0 0.755208 0.576852 0.054861 0.070370
0 0.105208 0.382870 0.082639 0.062037
0 0.887153 0.496296 0.103472 0.068519
0 0.823264 0.424074 0.053472 0.064815
0 0.743403 0.358796 0.052083 0.062037
0 0.567361 0.508796 0.054167 0.065741
0 0.763889 0.292593 0.047222 0.055556
0 0.744792 0.501389 0.052083 0.065741
0 0.544097 0.301389 0.049306 0.056481
0 0.138194 0.605093 0.076389 0.069444
0 0.107292 0.454630 0.100694 0.066667
0 0.490278 0.303241 0.047222 0.056481
0 0.420486 0.442130 0.050694 0.063889
0 0.707986 0.429630 0.052083 0.064815
0 0.463889 0.370370 0.048611 0.061111
0 0.765278 0.427315 0.051389 0.062037
0 0.878125 0.284722 0.059028 0.056481
0 0.272917 0.520833 0.052778 0.067593
0 0.451042 0.513889 0.053472 0.066667
0 0.155903 0.313426 0.052083 0.058333
0 0.211458 0.312037 0.050694 0.059259
0 0.593056 0.434722 0.051389 0.062037
0 0.631250 0.363889 0.051389 0.061111
0 0.363542 0.443519 0.052083 0.062963
0 0.188889 0.450463 0.054167 0.063889
0 0.305556 0.446759 0.052778 0.065741
0 0.098611 0.316204 0.052778 0.058333
0 0.686806 0.361574 0.051389 0.060185
0 0.438194 0.591204 0.141667 0.075000
0 0.709375 0.294907 0.049306 0.056481
0 0.879514 0.387037 0.096528 0.138889
0 0.519097 0.368981 0.049306 0.060185
0 0.212847 0.523148 0.053472 0.064815
0 0.236458 0.377778 0.052083 0.061111
0 0.323958 0.308333 0.050694 0.057407
0 0.350000 0.375000 0.051389 0.061111
0 0.656250 0.581481 0.040278 0.070370
0 0.686111 0.503704 0.052778 0.062963
0 0.266667 0.310648 0.051389 0.060185
0 0.115278 0.527315 0.130556 0.069444
0 0.535417 0.437500 0.050000 0.062037
0 0.653472 0.295833 0.051389 0.056481
0 0.575000 0.366204 0.050000 0.060185
0 0.598264 0.299074 0.049306 0.057407
0 0.406597 0.372222 0.050694 0.061111
0 0.626389 0.506019 0.052778 0.065741
0 0.800000 0.357407 0.050000 0.062963
0 0.246181 0.449074 0.054861 0.064815
0 0.332639 0.518519 0.054167 0.066667
0 0.478472 0.439352 0.051389 0.058333
0 0.509375 0.510648 0.053472 0.065741
0 0.178819 0.380556 0.054861 0.061111
0 0.650000 0.432407 0.051389 0.062963
0 0.379167 0.306944 0.050000 0.056481
0 0.293056 0.375463 0.051389 0.060185
0 0.435069 0.305093 0.049306 0.056481
0 0.395139 0.519444 0.054167 0.066667
