0 0.527500 0.663333 0.038750 0.050000
0 0.377812 0.555417 0.036875 0.045833
0 0.320937 0.715833 0.236875 0.055000
0 0.401562 0.506667 0.035625 0.043333
0 0.425312 0.607083 0.038125 0.047500
0 0.175625 0.548750 0.037500 0.045833
0 0.273750 0.657917 0.040000 0.049167
0 0.617188 0.511667 0.075625 0.041667
0 0.538438 0.560000 0.036875 0.045000
0 0.204063 0.500417 0.036875 0.044167
0 0.079687 0.597917 0.070625 0.047500
0 0.498125 0.558333 0.036250 0.045000
0 0.466562 0.608333 0.036875 0.046667
0 0.316250 0.658750 0.040000 0.049167
0 0.259688 0.603750 0.038125 0.047500
0 0.135937 0.599583 0.039375 0.047500
0 0.296875 0.553333 0.037500 0.045000
0 0.231250 0.656250 0.040000 0.049167
0 0.607187 0.664583 0.114375 0.049167
0 0.581875 0.722083 0.065000 0.054167
0 0.441250 0.507500 0.036250 0.043333
0 0.282500 0.503333 0.037500 0.043333
0 0.401250 0.661250 0.040000 0.050833
0 0.056875 0.650833 0.052500 0.050000
0 0.479375 0.508333 0.036250 0.041667
0 0.322813 0.504583 0.036875 0.042500
0 0.506875 0.609583 0.037500 0.047500
0 0.518125 0.510000 0.035000 0.041667
0 0.164687 0.498750 0.038125 0.044167
0 0.125625 0.497917 0.037500 0.044167
0 0.493437 0.626250 0.981875 0.445833
0 0.577812 0.560000 0.036875 0.045000
0 0.457500 0.555833 0.036250 0.045000
0 0.300938 0.604583 0.038125 0.047500
0 0.384375 0.605833 0.037500 0.046667
0 0.105625 0.651667 0.042500 0.051667
0 0.443437 0.661667 0.038125 0.050000
0 0.176875 0.601250 0.038750 0.047500
0 0.135313 0.548333 0.039375 0.046667
0 0.418750 0.555833 0.036250 0.045000
0 0.548125 0.610417 0.037500 0.047500
0 0.180625 0.710833 0.042500 0.051667
0 0.630625 0.587500 0.060000 0.098333
0 0.557500 0.510417 0.035000 0.040833
0 0.342813 0.605833 0.038125 0.046667
0 0.358750 0.660000 0.038750 0.050000
0 0.085625 0.496667 0.037500 0.043333
0 0.466875 0.718333 0.051250 0.055000
0 0.589063 0.611667 0.036875 0.046667
0 0.256250 0.552083 0.037500 0.045833
0 0.215312 0.550417 0.038125 0.045833
0 0.338125 0.554583 0.037500 0.045833
0 0.045937 0.706667 0.054375 0.051667
0 0.085312 0.546667 0.059375 0.045000
0 0.218125 0.602917 0.038750 0.049167
0 0.242812 0.501667 0.035625 0.043333
0 0.189375 0.655000 0.040000 0.050000
0 0.147187 0.653333 0.040625 0.050000
0 0.485625 0.662500 0.038750 0.050000
0 0.362500 0.505417 0.036250 0.042500
