0 0.155172 0.314929 0.057029 0.064488
0 0.714523 0.321555 0.056366 0.063604
0 0.633289 0.248233 0.054377 0.061837
0 0.096154 0.470848 0.080902 0.072438
0 0.244695 0.174028 0.054377 0.058304
0 0.660146 0.178445 0.053714 0.058304
0 0.330902 0.245141 0.054377 0.060954
0 0.067971 0.314488 0.106764 0.065371
0 0.217175 0.316254 0.056366 0.063604
0 0.776857 0.321996 0.056366 0.064488
0 0.755305 0.249117 0.054377 0.061837
0 0.391578 0.246025 0.053714 0.060954
0 0.687334 0.395760 0.057692 0.067138
0 0.065650 0.172703 0.054377 0.057420
0 0.871021 0.396643 0.173077 0.068905
0 0.279841 0.317138 0.055703 0.065371
0 0.304377 0.174470 0.051724 0.059187
0 0.370027 0.393551 0.057029 0.066254
0 0.652520 0.320671 0.054377 0.063604
0 0.432029 0.474823 0.322944 0.073322
0 0.147215 0.242933 0.057029 0.061837
0 0.778515 0.179329 0.053050 0.060071
0 0.868037 0.180654 0.115385 0.060954
0 0.403515 0.318463 0.053714 0.064488
0 0.070623 0.242491 0.086870 0.060954
0 0.750332 0.395760 0.059019 0.067138
0 0.114390 0.390459 0.059019 0.067138
0 0.434019 0.394876 0.057692 0.067138
0 0.694297 0.248675 0.054377 0.060954
0 0.363727 0.175353 0.052387 0.057420
0 0.718833 0.178887 0.053050 0.057420
0 0.756631 0.476148 0.061008 0.070671
0 0.541114 0.178004 0.053050 0.057420
0 0.208554 0.242933 0.055040 0.061837
0 0.491048 0.326855 0.980769 0.487633
0 0.179045 0.391343 0.058355 0.067138
0 0.242374 0.391784 0.057692 0.068021
0 0.268899 0.243816 0.055040 0.061837
0 0.624005 0.395760 0.057029 0.067138
0 0.041446 0.390901 0.076260 0.068021
0 0.560013 0.395760 0.057692 0.068905
0 0.125332 0.172703 0.053050 0.059187
0 0.184350 0.173587 0.054377 0.059187
0 0.814987 0.248675 0.054377 0.062721
0 0.573276 0.247350 0.053714 0.060071
0 0.422745 0.176237 0.052387 0.057420
0 0.497016 0.394876 0.056366 0.067138
0 0.527851 0.319346 0.054377 0.064488
0 0.306366 0.393110 0.058355 0.067138
0 0.838196 0.321113 0.055703 0.064488
0 0.626989 0.475707 0.059019 0.071555
0 0.600464 0.178004 0.053714 0.057420
0 0.897546 0.285336 0.100133 0.139576
0 0.341844 0.317580 0.055040 0.064488
0 0.512599 0.247350 0.054377 0.061837
0 0.482095 0.176237 0.051724 0.057420
0 0.590517 0.320230 0.055040 0.062721
0 0.235080 0.471731 0.060345 0.070671
0 0.452255 0.246466 0.054377 0.061837
0 0.466180 0.318905 0.055703 0.063604
