0 0.719709 0.325231 0.051696 0.155093
0 0.232633 0.162037 0.050081 0.148148
0 0.068659 0.821759 0.066236 0.148148
0 0.474556 0.659722 0.052504 0.152778
0 0.402666 0.159722 0.050889 0.148148
0 0.203554 0.327546 0.051696 0.150463
0 0.345719 0.162037 0.051696 0.148148
0 0.189015 0.658565 0.050081 0.150463
0 0.064216 0.162037 0.049273 0.148148
0 0.777060 0.159722 0.109855 0.148148
0 0.417609 0.660880 0.051696 0.150463
0 0.648223 0.659722 0.052504 0.152778
0 0.091276 0.326389 0.051696 0.152778
0 0.677706 0.495370 0.053312 0.152778
0 0.302504 0.657407 0.050889 0.152778
0 0.037157 0.491898 0.072698 0.145833
0 0.076737 0.655093 0.050081 0.152778
0 0.533118 0.659722 0.051696 0.157407
0 0.361470 0.826389 0.281906 0.152778
0 0.161551 0.491898 0.050081 0.150463
0 0.023021 0.656250 0.044426 0.145833
0 0.360258 0.656250 0.051696 0.155093
0 0.690630 0.158565 0.051696 0.150463
0 0.030695 0.327546 0.059774 0.145833
0 0.633279 0.160880 0.051696 0.145833
0 0.604604 0.327546 0.052504 0.155093
0 0.175687 0.163194 0.050889 0.145833
0 0.794023 0.410880 0.080775 0.321759
0 0.590468 0.657407 0.051696 0.152778
0 0.147415 0.326389 0.050889 0.152778
0 0.431341 0.327546 0.051696 0.155093
0 0.517771 0.160880 0.051696 0.150463
0 0.133279 0.657407 0.050081 0.148148
0 0.734653 0.494213 0.050889 0.150463
0 0.245557 0.657407 0.051696 0.152778
0 0.374394 0.326389 0.050889 0.157407
0 0.489903 0.326389 0.050889 0.152778
0 0.460420 0.163194 0.051696 0.145833
0 0.661955 0.327546 0.052504 0.159722
0 0.105412 0.493056 0.049273 0.148148
0 0.445477 0.491898 0.050889 0.145833
0 0.273829 0.491898 0.050081 0.145833
0 0.648627 0.829861 0.053312 0.150463
0 0.575525 0.162037 0.052504 0.148148
0 0.619144 0.494213 0.052504 0.150463
0 0.016559 0.163194 0.031502 0.145833
0 0.217286 0.494213 0.050081 0.150463
0 0.503635 0.493056 0.052504 0.152778
0 0.188207 0.825231 0.050081 0.150463
0 0.260501 0.327546 0.050889 0.150463
0 0.289176 0.163194 0.051696 0.145833
0 0.561389 0.491898 0.051696 0.150463
0 0.757674 0.658565 0.155089 0.150463
0 0.120355 0.163194 0.050081 0.145833
0 0.546446 0.326389 0.052504 0.157407
0 0.317044 0.326389 0.050889 0.152778
0 0.388530 0.491898 0.051696 0.145833
0 0.500808 0.500000 1.000000 0.995370
0 0.533118 0.829861 0.051696 0.150463
0 0.330775 0.490741 0.049273 0.148148
