0 0.259531 0.364326 0.051808 0.091082
0 0.757087 0.509488 0.049853 0.089184
0 0.568426 0.635674 0.051808 0.094877
0 0.453568 0.650854 0.054741 0.094877
0 0.539589 0.336812 0.048876 0.085389
0 0.593353 0.331120 0.046921 0.085389
0 0.478006 0.541746 0.050831 0.089184
0 0.484848 0.342505 0.046921 0.085389
0 0.784946 0.405123 0.044966 0.089184
0 0.363148 0.557875 0.051808 0.091082
0 0.699413 0.317837 0.049853 0.085389
0 0.334311 0.667932 0.054741 0.098672
0 0.817204 0.307400 0.074291 0.087287
0 0.429619 0.348197 0.049853 0.085389
0 0.804497 0.609108 0.072336 0.094877
0 0.752199 0.312144 0.047898 0.081594
0 0.624145 0.628083 0.051808 0.094877
0 0.516618 0.437381 0.049853 0.089184
0 0.571359 0.429791 0.047898 0.085389
0 0.647116 0.324478 0.048876 0.087287
0 0.171065 0.478178 0.052786 0.094877
0 0.078201 0.820683 0.076246 0.108159
0 0.498045 0.552182 0.925709 0.721063
0 0.243891 0.573055 0.053763 0.094877
0 0.405181 0.448767 0.049853 0.089184
0 0.680352 0.418406 0.050831 0.089184
0 0.274682 0.677419 0.052786 0.094877
0 0.082600 0.705882 0.071359 0.102467
0 0.461877 0.443074 0.049853 0.089184
0 0.347507 0.455408 0.051808 0.091082
0 0.646139 0.522770 0.048876 0.089184
0 0.535191 0.537002 0.049853 0.091082
0 0.734115 0.412713 0.048876 0.089184
0 0.681329 0.621442 0.052786 0.092979
0 0.288856 0.462049 0.053763 0.092979
0 0.316716 0.358634 0.048876 0.087287
0 0.739492 0.614801 0.051808 0.094877
0 0.201369 0.370968 0.052786 0.089184
0 0.806452 0.500949 0.044966 0.091082
0 0.840665 0.446869 0.064516 0.187856
0 0.274194 0.790323 0.055718 0.100569
0 0.304008 0.565465 0.052786 0.094877
0 0.761975 0.719165 0.073314 0.098672
0 0.458456 0.764706 0.299120 0.132827
0 0.421799 0.549336 0.051808 0.092979
0 0.638319 0.735294 0.052786 0.096774
0 0.214076 0.687856 0.054741 0.096774
0 0.230694 0.469639 0.052786 0.092979
0 0.395406 0.660342 0.051808 0.094877
0 0.085044 0.383302 0.052786 0.091082
0 0.144184 0.379507 0.051808 0.091082
0 0.101662 0.592979 0.097752 0.104364
0 0.372923 0.351992 0.049853 0.085389
0 0.184262 0.580645 0.053763 0.094877
0 0.590420 0.528463 0.050831 0.089184
0 0.625122 0.425047 0.049853 0.087287
0 0.701857 0.517078 0.050831 0.089184
0 0.511241 0.642315 0.050831 0.092979
0 0.096285 0.485769 0.081134 0.094877
0 0.152004 0.695446 0.053763 0.100569
