0 0.500772 0.477881 1.000000 0.513374
0 0.263117 0.661523 0.063272 0.078189
0 0.803627 0.637860 0.060957 0.078189
0 0.081404 0.422325 0.091821 0.068930
0 0.946759 0.548354 0.108025 0.076132
0 0.879244 0.468107 0.059414 0.072016
0 0.790509 0.395576 0.057870 0.068930
0 0.594907 0.562243 0.060185 0.073045
0 0.813272 0.322016 0.052469 0.061728
0 0.792052 0.554012 0.057870 0.073045
0 0.569059 0.331790 0.054784 0.062757
0 0.118056 0.669239 0.084877 0.077160
0 0.083719 0.502058 0.111883 0.074074
0 0.509259 0.333848 0.052469 0.062757
0 0.431713 0.488169 0.056327 0.070988
0 0.751157 0.474280 0.057870 0.072016
0 0.479938 0.408436 0.054012 0.067901
0 0.814815 0.471708 0.057099 0.068930
0 0.940201 0.313272 0.065586 0.062757
0 0.267747 0.575617 0.058642 0.075103
0 0.465664 0.567901 0.059414 0.074074
0 0.137731 0.345165 0.057870 0.064815
0 0.199460 0.343621 0.056327 0.065844
0 0.623457 0.479938 0.057099 0.068930
0 0.665895 0.401235 0.057099 0.067901
0 0.368441 0.489712 0.057870 0.069959
0 0.174383 0.497428 0.060185 0.070988
0 0.304012 0.493313 0.058642 0.073045
0 0.074074 0.348251 0.058642 0.064815
0 0.727623 0.398663 0.057099 0.066872
0 0.451389 0.653807 0.157407 0.083333
0 0.752701 0.324588 0.054784 0.062757
0 0.941744 0.426955 0.107253 0.154321
0 0.541281 0.406893 0.054784 0.066872
0 0.201003 0.578189 0.059414 0.072016
0 0.227238 0.416667 0.057870 0.067901
0 0.324460 0.339506 0.056327 0.063786
0 0.353395 0.413580 0.057099 0.067901
0 0.693673 0.643004 0.044753 0.078189
0 0.726852 0.556584 0.058642 0.069959
0 0.260802 0.342078 0.057099 0.066872
0 0.092593 0.582819 0.145062 0.077160
0 0.559414 0.483025 0.055556 0.068930
0 0.690586 0.325617 0.057099 0.062757
0 0.603395 0.403807 0.055556 0.066872
0 0.629244 0.329218 0.054784 0.063786
0 0.416281 0.410494 0.056327 0.067901
0 0.660494 0.559156 0.058642 0.073045
0 0.853395 0.394033 0.055556 0.069959
0 0.238040 0.495885 0.060957 0.072016
0 0.334105 0.573045 0.060185 0.074074
0 0.496142 0.485082 0.057099 0.064815
0 0.530478 0.564300 0.059414 0.073045
0 0.163194 0.419753 0.060957 0.067901
0 0.686728 0.477366 0.057099 0.069959
0 0.385802 0.337963 0.055556 0.062757
0 0.290123 0.414095 0.057099 0.066872
0 0.447917 0.335905 0.054784 0.062757
0 0.403549 0.574074 0.060185 0.074074
