0 0.474375 0.599344 0.031250 0.053421
0 0.585000 0.724461 0.103750 0.052484
0 0.464375 0.723055 0.031250 0.051546
0 0.402500 0.661200 0.030000 0.053421
0 0.329375 0.537020 0.030000 0.052484
0 0.320937 0.660262 0.030625 0.051546
0 0.453750 0.537957 0.032500 0.054358
0 0.370000 0.538425 0.031250 0.053421
0 0.536875 0.537957 0.031250 0.052484
0 0.280000 0.659794 0.030000 0.052484
0 0.163438 0.781162 0.040625 0.053421
0 0.218750 0.720244 0.031250 0.053421
0 0.515938 0.599813 0.031875 0.054358
0 0.350313 0.599344 0.030625 0.053421
0 0.310625 0.598407 0.030000 0.053421
0 0.610000 0.788660 0.057500 0.055295
0 0.206875 0.537020 0.030000 0.052484
0 0.125625 0.537020 0.030000 0.050609
0 0.502812 0.613402 0.969375 0.462043
0 0.423438 0.723524 0.030625 0.052484
0 0.382188 0.722587 0.031875 0.054358
0 0.269688 0.597938 0.028125 0.052484
0 0.557500 0.599813 0.031250 0.054358
0 0.300000 0.720712 0.031250 0.052484
0 0.411562 0.538425 0.031875 0.053421
0 0.485625 0.661668 0.032500 0.054358
0 0.098437 0.717432 0.030625 0.051546
0 0.229063 0.597938 0.029375 0.052484
0 0.239375 0.659325 0.028750 0.051546
0 0.247188 0.537020 0.030625 0.052484
0 0.086250 0.537020 0.030000 0.050609
0 0.060000 0.657919 0.050000 0.050609
0 0.059062 0.779756 0.050625 0.052484
0 0.506563 0.723524 0.031875 0.052484
0 0.148125 0.597470 0.028750 0.051546
0 0.449062 0.785848 0.043125 0.053421
0 0.391875 0.599344 0.031250 0.051546
0 0.118125 0.657919 0.030000 0.052484
0 0.165937 0.537488 0.030625 0.051546
0 0.199063 0.659325 0.029375 0.053421
0 0.177813 0.719775 0.029375 0.052484
0 0.158438 0.658388 0.029375 0.051546
0 0.433125 0.599344 0.031250 0.053421
0 0.059062 0.597938 0.048125 0.050609
0 0.137813 0.719306 0.029375 0.051546
0 0.340625 0.722118 0.031250 0.053421
0 0.600313 0.538425 0.075625 0.055295
0 0.611875 0.634021 0.052500 0.119025
0 0.053750 0.719306 0.040000 0.049672
0 0.567813 0.662137 0.031875 0.053421
0 0.047188 0.537488 0.026875 0.047798
0 0.443437 0.662137 0.030625 0.053421
0 0.527188 0.661668 0.031875 0.054358
0 0.495000 0.538425 0.031250 0.053421
0 0.108438 0.597001 0.030625 0.052484
0 0.288125 0.537957 0.031250 0.052484
0 0.305625 0.785848 0.227500 0.055295
0 0.360938 0.660262 0.030625 0.053421
0 0.188125 0.597470 0.030000 0.053421
0 0.260000 0.720712 0.030000 0.052484
