0 0.340667 0.388120 0.042667 0.065744
0 0.114333 0.389850 0.043333 0.062284
0 0.718667 0.279700 0.053333 0.132641
0 0.569000 0.178201 0.042000 0.061130
0 0.593000 0.314879 0.042000 0.064591
0 0.530667 0.246251 0.041333 0.061130
0 0.574333 0.464245 0.044667 0.077278
0 0.436333 0.178777 0.040667 0.059977
0 0.501667 0.311419 0.846000 0.431373
0 0.409667 0.315456 0.042000 0.063437
0 0.395667 0.246251 0.040667 0.061130
0 0.228667 0.318339 0.041333 0.062284
0 0.622000 0.385813 0.049333 0.065744
0 0.204333 0.389850 0.042000 0.064591
0 0.526667 0.386967 0.042667 0.065744
0 0.347667 0.181661 0.040667 0.058824
0 0.262000 0.249712 0.041333 0.061130
0 0.294667 0.388697 0.042667 0.064591
0 0.318667 0.317186 0.041333 0.062284
0 0.666333 0.245098 0.042000 0.061130
0 0.244333 0.465975 0.043333 0.076125
0 0.685333 0.313725 0.042667 0.062284
0 0.184333 0.320069 0.040667 0.061130
0 0.480667 0.178777 0.040000 0.059977
0 0.525000 0.178201 0.042000 0.061130
0 0.547333 0.314879 0.041333 0.064591
0 0.174333 0.186275 0.039333 0.058824
0 0.480000 0.386967 0.044000 0.065744
0 0.306667 0.249135 0.041333 0.059977
0 0.658333 0.178777 0.040667 0.059977
0 0.486333 0.246251 0.040667 0.061130
0 0.455667 0.314879 0.042000 0.064591
0 0.304000 0.182238 0.040000 0.059977
0 0.501667 0.314879 0.042000 0.064591
0 0.614000 0.178777 0.041333 0.059977
0 0.621667 0.246251 0.042000 0.061130
0 0.108000 0.466551 0.045333 0.077278
0 0.526667 0.463668 0.044000 0.076125
0 0.385667 0.465398 0.232667 0.077278
0 0.273333 0.318339 0.041333 0.062284
0 0.391667 0.179931 0.040667 0.057670
0 0.364000 0.316032 0.041333 0.062284
0 0.440667 0.246251 0.041333 0.061130
0 0.174667 0.252018 0.041333 0.061130
0 0.249333 0.389273 0.042667 0.065744
0 0.386667 0.387543 0.044000 0.066897
0 0.350667 0.247405 0.040000 0.061130
0 0.711333 0.178201 0.056000 0.058824
0 0.433333 0.387543 0.042667 0.066897
0 0.576667 0.246251 0.041333 0.061130
0 0.128333 0.253172 0.046000 0.061130
0 0.130333 0.320646 0.062000 0.062284
0 0.260667 0.183391 0.041333 0.059977
0 0.573333 0.386390 0.044000 0.064591
0 0.701000 0.383506 0.100667 0.065744
0 0.218000 0.250288 0.040000 0.059977
0 0.158333 0.389273 0.043333 0.063437
0 0.639000 0.314879 0.043333 0.064591
0 0.131333 0.186851 0.040000 0.057670
0 0.217000 0.183968 0.040667 0.061130
