0 0.165119 0.309629 0.057029 0.064488
0 0.724469 0.316254 0.056366 0.063604
0 0.643236 0.242933 0.054377 0.061837
0 0.106101 0.465548 0.080902 0.072438
0 0.254642 0.168728 0.054377 0.058304
0 0.670093 0.173145 0.053714 0.058304
0 0.340849 0.239841 0.054377 0.060954
0 0.077918 0.309187 0.106764 0.065371
0 0.227122 0.310954 0.056366 0.063604
0 0.786804 0.316696 0.056366 0.064488
0 0.765252 0.243816 0.054377 0.061837
0 0.401525 0.240724 0.053714 0.060954
0 0.697281 0.390459 0.057692 0.067138
0 0.075597 0.167403 0.054377 0.057420
0 0.880968 0.391343 0.173077 0.068905
0 0.289788 0.311837 0.055703 0.065371
0 0.314324 0.169170 0.051724 0.059187
0 0.379973 0.388251 0.057029 0.066254
0 0.662467 0.315371 0.054377 0.063604
0 0.441976 0.469523 0.322944 0.073322
0 0.157162 0.237633 0.057029 0.061837
0 0.788462 0.174028 0.053050 0.060071
0 0.877984 0.175353 0.115385 0.060954
0 0.413462 0.313163 0.053714 0.064488
0 0.080570 0.237191 0.086870 0.060954
0 0.760279 0.390459 0.059019 0.067138
0 0.124337 0.385159 0.059019 0.067138
0 0.443966 0.389576 0.057692 0.067138
0 0.704244 0.243375 0.054377 0.060954
0 0.373674 0.170053 0.052387 0.057420
0 0.728780 0.173587 0.053050 0.057420
0 0.766578 0.470848 0.061008 0.070671
0 0.551061 0.172703 0.053050 0.057420
0 0.218501 0.237633 0.055040 0.061837
0 0.496021 0.321555 0.990716 0.487633
0 0.188992 0.386042 0.058355 0.067138
0 0.252321 0.386484 0.057692 0.068021
0 0.278846 0.238516 0.055040 0.061837
0 0.633952 0.390459 0.057029 0.067138
0 0.051393 0.385601 0.076260 0.068021
0 0.569960 0.390459 0.057692 0.068905
0 0.135279 0.167403 0.053050 0.059187
0 0.194297 0.168286 0.054377 0.059187
0 0.824934 0.243375 0.054377 0.062721
0 0.583223 0.242049 0.053714 0.060071
0 0.432692 0.170936 0.052387 0.057420
0 0.506963 0.389576 0.056366 0.067138
0 0.537798 0.314046 0.054377 0.064488
0 0.316313 0.387809 0.058355 0.067138
0 0.848143 0.315813 0.055703 0.064488
0 0.636936 0.470406 0.059019 0.071555
0 0.610411 0.172703 0.053714 0.057420
0 0.907493 0.280035 0.100133 0.139576
0 0.351790 0.312279 0.055040 0.064488
0 0.522546 0.242049 0.054377 0.061837
0 0.492042 0.170936 0.051724 0.057420
0 0.600464 0.314929 0.055040 0.062721
0 0.245027 0.466431 0.060345 0.070671
0 0.462202 0.241166 0.054377 0.061837
0 0.476127 0.313604 0.055703 0.063604
