0 0.368333 0.677005 0.047333 0.070588
0 0.446667 0.597861 0.048000 0.068449
0 0.144000 0.674332 0.073333 0.069519
0 0.223667 0.754011 0.047333 0.070588
0 0.137667 0.832086 0.060667 0.070588
0 0.616333 0.832086 0.047333 0.068449
0 0.590333 0.754545 0.047333 0.069519
0 0.190000 0.910695 0.064000 0.069519
0 0.381000 0.755080 0.047333 0.068449
0 0.500000 0.597861 0.046667 0.068449
0 0.151000 0.753476 0.087333 0.069519
0 0.458667 0.911765 0.260000 0.071658
0 0.564000 0.833690 0.048000 0.069519
0 0.694667 0.754545 0.048000 0.069519
0 0.276333 0.755080 0.047333 0.070588
0 0.578000 0.677005 0.046667 0.068449
0 0.668333 0.831016 0.047333 0.068449
0 0.708667 0.597861 0.048000 0.068449
0 0.237000 0.596257 0.047333 0.069519
0 0.719667 0.830481 0.047333 0.067380
0 0.131333 0.595187 0.046667 0.069519
0 0.839000 0.595722 0.100667 0.070588
0 0.407333 0.833155 0.046667 0.068449
0 0.629667 0.677005 0.047333 0.070588
0 0.473000 0.677005 0.047333 0.070588
0 0.289333 0.597326 0.048000 0.069519
0 0.354667 0.832620 0.048000 0.069519
0 0.538000 0.754545 0.048000 0.069519
0 0.342000 0.597326 0.046667 0.069519
0 0.615333 0.909626 0.048000 0.069519
0 0.785667 0.674866 0.047333 0.068449
0 0.817667 0.828342 0.138000 0.069519
0 0.420333 0.676471 0.047333 0.069519
0 0.394333 0.597861 0.047333 0.068449
0 0.263333 0.675936 0.048000 0.070588
0 0.747333 0.754545 0.048000 0.069519
0 0.682000 0.677005 0.048000 0.070588
0 0.525000 0.677005 0.047333 0.070588
0 0.315333 0.677005 0.048000 0.070588
0 0.499000 0.740107 0.791333 0.500535
0 0.655667 0.597861 0.048667 0.068449
0 0.604333 0.598396 0.048667 0.069519
0 0.511667 0.833155 0.047333 0.068449
0 0.459667 0.832620 0.048667 0.067380
0 0.760000 0.596257 0.046667 0.069519
0 0.210333 0.675936 0.048667 0.070588
0 0.719667 0.909091 0.047333 0.070588
0 0.250000 0.833155 0.048000 0.070588
0 0.197333 0.832086 0.048000 0.070588
0 0.328333 0.755080 0.047333 0.070588
0 0.734333 0.677540 0.047333 0.071658
0 0.485667 0.755080 0.047333 0.066310
0 0.851667 0.713369 0.074000 0.151872
0 0.798667 0.752941 0.046667 0.068449
0 0.300667 0.910695 0.048000 0.069519
0 0.642333 0.754545 0.046000 0.069519
0 0.551667 0.598930 0.047333 0.068449
0 0.433000 0.754545 0.046000 0.069519
0 0.302333 0.833155 0.047333 0.070588
0 0.184667 0.596257 0.046667 0.069519
