0 0.473154 0.693182 0.302013 0.083333
0 0.578020 0.335859 0.052013 0.075758
0 0.786074 0.422980 0.052013 0.078283
0 0.726510 0.422980 0.053691 0.078283
0 0.322987 0.511364 0.052013 0.078283
0 0.744128 0.511364 0.052013 0.078283
0 0.563758 0.511364 0.053691 0.078283
0 0.488255 0.422980 0.053691 0.078283
0 0.548658 0.422980 0.053691 0.078283
0 0.340604 0.333333 0.053691 0.075758
0 0.624161 0.511364 0.053691 0.078283
0 0.428691 0.421717 0.052013 0.075758
0 0.503356 0.510101 0.053691 0.075758
0 0.382550 0.511364 0.053691 0.078283
0 0.593960 0.602273 0.053691 0.078283
0 0.667785 0.422980 0.053691 0.078283
0 0.104027 0.334596 0.050336 0.073232
0 0.683725 0.511364 0.052013 0.078283
0 0.458893 0.335859 0.052013 0.075758
0 0.803691 0.511364 0.053691 0.078283
0 0.845638 0.422980 0.053691 0.078283
0 0.655201 0.691919 0.055369 0.080808
0 0.261745 0.511364 0.053691 0.078283
0 0.411913 0.601010 0.052013 0.075758
0 0.249161 0.421717 0.052013 0.080808
0 0.863255 0.511364 0.052013 0.078283
0 0.120805 0.510101 0.097315 0.075758
0 0.203020 0.511364 0.053691 0.078283
0 0.655201 0.601010 0.055369 0.075758
0 0.115772 0.421717 0.080537 0.075758
0 0.921980 0.467172 0.082215 0.166667
0 0.189597 0.422980 0.053691 0.078283
0 0.608221 0.421717 0.052013 0.075758
0 0.888423 0.599747 0.162752 0.078283
0 0.288591 0.690657 0.053691 0.078283
0 0.473154 0.602273 0.053691 0.078283
0 0.280201 0.334596 0.053691 0.073232
0 0.442953 0.510101 0.050336 0.075758
0 0.714765 0.601010 0.053691 0.075758
0 0.221477 0.334596 0.053691 0.073232
0 0.519295 0.512626 0.921141 0.575758
0 0.169463 0.599747 0.053691 0.078283
0 0.369128 0.422980 0.053691 0.078283
0 0.308725 0.422980 0.053691 0.078283
0 0.901846 0.338384 0.112416 0.075758
0 0.159396 0.690657 0.070470 0.078283
0 0.163591 0.334596 0.052013 0.073232
0 0.533557 0.599747 0.053691 0.078283
0 0.696309 0.334596 0.053691 0.073232
0 0.815436 0.335859 0.050336 0.075758
0 0.351510 0.599747 0.055369 0.078283
0 0.755872 0.337121 0.052013 0.073232
0 0.101510 0.601010 0.068792 0.075758
0 0.231544 0.601010 0.053691 0.075758
0 0.637584 0.335859 0.053691 0.075758
0 0.399329 0.334596 0.053691 0.073232
0 0.517617 0.334596 0.052013 0.073232
0 0.291107 0.601010 0.052013 0.075758
0 0.776007 0.601010 0.055369 0.075758
0 0.779362 0.694444 0.055369 0.085859
