0 0.960177 0.197970 0.075221 0.081218
0 0.452434 0.376904 0.073009 0.078680
0 0.962389 0.335025 0.070796 0.167513
0 0.188053 0.286802 0.070796 0.076142
0 0.330752 0.197970 0.073009 0.076142
0 0.849558 0.376904 0.053097 0.078680
0 0.250000 0.196701 0.070796 0.073604
0 0.655973 0.467005 0.073009 0.076142
0 0.575221 0.469543 0.075221 0.076142
0 0.289823 0.376904 0.070796 0.078680
0 0.657080 0.558376 0.075221 0.081218
0 0.432522 0.286802 0.073009 0.076142
0 0.022124 0.465736 0.039823 0.078680
0 0.087389 0.196701 0.073009 0.078680
0 0.737832 0.468274 0.073009 0.078680
0 0.350664 0.286802 0.073009 0.076142
0 0.032080 0.557107 0.059735 0.078680
0 0.169248 0.559645 0.077434 0.083756
0 0.015487 0.194162 0.026549 0.078680
0 0.412611 0.197970 0.073009 0.076142
0 0.268805 0.286802 0.073009 0.076142
0 0.502212 0.371827 1.000000 0.560914
0 0.022124 0.195431 0.039823 0.076142
0 0.594027 0.286802 0.073009 0.076142
0 0.882743 0.197970 0.061947 0.076142
0 0.655973 0.197970 0.073009 0.076142
0 0.021018 0.285533 0.037611 0.078680
0 0.534292 0.375635 0.073009 0.076142
0 0.889381 0.286802 0.053097 0.076142
0 0.932522 0.469543 0.134956 0.081218
0 0.494469 0.199239 0.073009 0.073604
0 0.736726 0.558376 0.075221 0.081218
0 0.813053 0.197970 0.059735 0.076142
0 0.777655 0.378173 0.073009 0.081218
0 0.737832 0.199239 0.073009 0.078680
0 0.411504 0.468274 0.075221 0.078680
0 0.575221 0.197970 0.070796 0.076142
0 0.512168 0.288071 0.073009 0.078680
0 0.369469 0.376904 0.075221 0.078680
0 0.025442 0.375635 0.046460 0.076142
0 0.126106 0.375635 0.075221 0.076142
0 0.105088 0.285533 0.073009 0.078680
0 0.168142 0.196701 0.075221 0.078680
0 0.673673 0.288071 0.073009 0.078680
0 0.045354 0.375635 0.073009 0.076142
0 0.030973 0.285533 0.057522 0.078680
0 0.492257 0.467005 0.073009 0.076142
0 0.695796 0.376904 0.073009 0.078680
0 0.827434 0.286802 0.053097 0.076142
0 0.413717 0.559645 0.402655 0.078680
0 0.330752 0.465736 0.073009 0.078680
0 0.615044 0.376904 0.070796 0.078680
0 0.085177 0.465736 0.073009 0.078680
0 0.206858 0.376904 0.073009 0.078680
0 0.021018 0.465736 0.037611 0.078680
0 0.818584 0.468274 0.075221 0.078680
0 0.910398 0.379442 0.055310 0.083756
0 0.758850 0.290609 0.075221 0.078680
0 0.168142 0.469543 0.075221 0.086294
0 0.251106 0.469543 0.073009 0.076142
