0 0.863730 0.626543 0.151639 0.077160
0 0.655738 0.456790 0.053279 0.077160
0 0.426230 0.456019 0.051230 0.075617
0 0.125000 0.457562 0.079918 0.075617
0 0.168545 0.371142 0.050205 0.072531
0 0.224898 0.371142 0.052254 0.075617
0 0.310963 0.457562 0.052254 0.075617
0 0.412398 0.628086 0.052254 0.077160
0 0.340164 0.370370 0.051230 0.074074
0 0.116291 0.628858 0.066598 0.075617
0 0.512295 0.529321 0.864754 0.533951
0 0.469775 0.628086 0.054303 0.077160
0 0.210553 0.542438 0.050205 0.075617
0 0.727459 0.542438 0.051230 0.078704
0 0.173668 0.716049 0.070697 0.080247
0 0.281762 0.371142 0.053279 0.075617
0 0.641906 0.627315 0.052254 0.078704
0 0.296619 0.628086 0.052254 0.077160
0 0.296107 0.715278 0.053279 0.078704
0 0.454406 0.370370 0.052254 0.074074
0 0.181352 0.628086 0.053279 0.077160
0 0.784324 0.542438 0.050205 0.075617
0 0.670082 0.541667 0.051230 0.077160
0 0.540984 0.456790 0.051230 0.077160
0 0.626025 0.371142 0.053279 0.075617
0 0.483607 0.456019 0.051230 0.078704
0 0.555328 0.541667 0.051230 0.077160
0 0.397029 0.371142 0.052254 0.075617
0 0.354508 0.628086 0.053279 0.077160
0 0.496926 0.541667 0.053279 0.074074
0 0.739754 0.371142 0.051230 0.072531
0 0.569160 0.371142 0.052254 0.072531
0 0.325307 0.542438 0.052254 0.078704
0 0.699283 0.627315 0.052254 0.075617
0 0.110656 0.370370 0.051230 0.074074
0 0.512295 0.371142 0.051230 0.072531
0 0.757684 0.713735 0.054303 0.078704
0 0.254098 0.456019 0.051230 0.075617
0 0.267930 0.543210 0.052254 0.077160
0 0.712602 0.456790 0.052254 0.077160
0 0.756148 0.627315 0.053279 0.075617
0 0.612705 0.541667 0.051230 0.077160
0 0.882172 0.371914 0.108607 0.074074
0 0.769467 0.456790 0.051230 0.077160
0 0.382684 0.541667 0.052254 0.077160
0 0.440061 0.541667 0.050205 0.077160
0 0.825307 0.456019 0.052254 0.075617
0 0.368852 0.456790 0.051230 0.077160
0 0.898566 0.499228 0.077869 0.165123
0 0.797131 0.370370 0.051230 0.074074
0 0.642930 0.714506 0.054303 0.080247
0 0.584529 0.628086 0.054303 0.077160
0 0.196209 0.456790 0.054303 0.077160
0 0.132684 0.543210 0.095287 0.077160
0 0.840164 0.542438 0.051230 0.075617
0 0.527152 0.628086 0.052254 0.077160
0 0.471311 0.716821 0.286885 0.081790
0 0.682889 0.370370 0.052254 0.074074
0 0.239754 0.628858 0.051230 0.075617
0 0.598361 0.456019 0.051230 0.075617
