0 0.117052 0.315511 0.033237 0.049133
0 0.324061 0.373314 0.032514 0.049133
0 0.232298 0.374759 0.033960 0.048170
0 0.651012 0.398362 0.056358 0.108863
0 0.185694 0.374759 0.033237 0.048170
0 0.380780 0.432563 0.033237 0.048170
0 0.548772 0.371387 0.033960 0.049133
0 0.140535 0.375723 0.032514 0.048170
0 0.317558 0.555877 0.257948 0.055877
0 0.311416 0.491811 0.034682 0.049133
0 0.071532 0.316474 0.033237 0.049133
0 0.493136 0.490366 0.035405 0.048170
0 0.414740 0.372832 0.033237 0.048170
0 0.081286 0.497592 0.033960 0.047206
0 0.623555 0.487958 0.114162 0.047206
0 0.335621 0.433044 0.033960 0.047206
0 0.026373 0.316956 0.032514 0.048170
0 0.196893 0.434971 0.033960 0.049133
0 0.094653 0.376686 0.033237 0.048170
0 0.243497 0.434971 0.033237 0.049133
0 0.172688 0.495665 0.031792 0.047206
0 0.425939 0.431118 0.033960 0.049133
0 0.403179 0.491811 0.036127 0.049133
0 0.154986 0.557322 0.046965 0.049133
0 0.039017 0.378613 0.056358 0.048170
0 0.570448 0.309730 0.032514 0.049133
0 0.503613 0.370906 0.034682 0.048170
0 0.458815 0.371869 0.034682 0.048170
0 0.559971 0.429191 0.034682 0.049133
0 0.537934 0.489403 0.035405 0.048170
0 0.038295 0.438825 0.056358 0.049133
0 0.652818 0.547688 0.061416 0.049133
0 0.208815 0.314547 0.033237 0.049133
0 0.162934 0.315029 0.033960 0.048170
0 0.637645 0.307803 0.080202 0.051060
0 0.346821 0.314066 0.033237 0.048170
0 0.391257 0.313102 0.033960 0.048170
0 0.028540 0.499037 0.046965 0.048170
0 0.300217 0.312620 0.033960 0.049133
0 0.105853 0.436898 0.032514 0.049133
0 0.480853 0.311657 0.033960 0.049133
0 0.278179 0.373796 0.033237 0.048170
0 0.436416 0.312139 0.033237 0.048170
0 0.515173 0.430636 0.034682 0.050096
0 0.290101 0.434008 0.033960 0.049133
0 0.604408 0.428709 0.033960 0.048170
0 0.126084 0.496628 0.032514 0.047206
0 0.369220 0.372832 0.033237 0.048170
0 0.358020 0.491811 0.033960 0.047206
0 0.500723 0.393064 1.000000 0.450867
0 0.033598 0.559730 0.059971 0.050096
0 0.254335 0.314066 0.033237 0.048170
0 0.151012 0.435934 0.033237 0.049133
0 0.477240 0.549615 0.046965 0.049133
0 0.265535 0.493256 0.033960 0.048170
0 0.525650 0.311175 0.033960 0.048170
0 0.470737 0.431118 0.033960 0.049133
0 0.447977 0.490366 0.034682 0.048170
0 0.593569 0.369461 0.033960 0.049133
0 0.219653 0.494701 0.033237 0.049133
