0 0.426199 0.755525 0.332103 0.091160
0 0.541513 0.364641 0.057196 0.082873
0 0.770295 0.459945 0.057196 0.085635
0 0.704797 0.459945 0.059041 0.085635
0 0.261070 0.556630 0.057196 0.085635
0 0.724170 0.556630 0.057196 0.085635
0 0.525830 0.556630 0.059041 0.085635
0 0.442804 0.459945 0.059041 0.085635
0 0.509225 0.459945 0.059041 0.085635
0 0.280443 0.361878 0.059041 0.082873
0 0.592251 0.556630 0.059041 0.085635
0 0.377306 0.458564 0.057196 0.082873
0 0.459410 0.555249 0.059041 0.082873
0 0.326568 0.556630 0.059041 0.085635
0 0.559041 0.656077 0.059041 0.085635
0 0.640221 0.459945 0.059041 0.085635
0 0.024908 0.363260 0.046125 0.080110
0 0.657749 0.556630 0.057196 0.085635
0 0.410517 0.364641 0.057196 0.082873
0 0.789668 0.556630 0.059041 0.085635
0 0.835793 0.459945 0.059041 0.085635
0 0.626384 0.754144 0.060886 0.088398
0 0.193727 0.556630 0.059041 0.085635
0 0.358856 0.654696 0.057196 0.082873
0 0.179889 0.458564 0.057196 0.088398
0 0.855166 0.556630 0.057196 0.085635
0 0.047048 0.555249 0.090406 0.082873
0 0.129151 0.556630 0.059041 0.085635
0 0.626384 0.654696 0.060886 0.082873
0 0.039668 0.458564 0.075646 0.082873
0 0.919742 0.508287 0.090406 0.182320
0 0.114391 0.459945 0.059041 0.085635
0 0.574723 0.458564 0.057196 0.082873
0 0.882841 0.653315 0.178967 0.085635
0 0.223247 0.752762 0.059041 0.085635
0 0.426199 0.656077 0.059041 0.085635
0 0.214022 0.363260 0.059041 0.080110
0 0.392989 0.555249 0.055351 0.082873
0 0.691882 0.654696 0.059041 0.082873
0 0.149446 0.363260 0.059041 0.080110
0 0.492620 0.558011 0.981550 0.629834
0 0.092251 0.653315 0.059041 0.085635
0 0.311808 0.459945 0.059041 0.085635
0 0.245387 0.459945 0.059041 0.085635
0 0.897601 0.367403 0.123616 0.082873
0 0.081181 0.752762 0.077491 0.085635
0 0.085793 0.363260 0.057196 0.080110
0 0.492620 0.653315 0.059041 0.085635
0 0.671587 0.363260 0.059041 0.080110
0 0.802583 0.364641 0.055351 0.082873
0 0.292435 0.653315 0.060886 0.085635
0 0.737085 0.366022 0.057196 0.080110
0 0.028598 0.654696 0.053506 0.082873
0 0.160517 0.654696 0.059041 0.082873
0 0.607011 0.364641 0.059041 0.082873
0 0.345018 0.363260 0.059041 0.080110
0 0.475092 0.363260 0.057196 0.080110
0 0.226015 0.654696 0.057196 0.082873
0 0.759225 0.654696 0.060886 0.082873
0 0.762915 0.756906 0.060886 0.093923
