0 0.536743 0.340310 0.036743 0.051163
0 0.267130 0.465116 0.035750 0.055814
0 0.308342 0.465116 0.036743 0.055814
0 0.349057 0.464341 0.036743 0.054264
0 0.693644 0.525581 0.088381 0.055814
0 0.172790 0.344961 0.035750 0.051163
0 0.373883 0.341860 0.036743 0.051163
0 0.624131 0.402326 0.036743 0.054264
0 0.286991 0.527132 0.037736 0.055814
0 0.295432 0.402326 0.036743 0.054264
0 0.665343 0.402326 0.037736 0.054264
0 0.459782 0.402326 0.037736 0.054264
0 0.172294 0.404651 0.040715 0.052713
0 0.622642 0.526357 0.043694 0.054264
0 0.411619 0.594574 0.209533 0.066667
0 0.292949 0.342636 0.037736 0.052713
0 0.473188 0.463566 0.036743 0.055814
0 0.214499 0.403876 0.035750 0.054264
0 0.515392 0.463566 0.037736 0.055814
0 0.537239 0.525581 0.037736 0.055814
0 0.500993 0.401550 0.036743 0.052713
0 0.618173 0.341085 0.036743 0.052713
0 0.453823 0.526357 0.037736 0.054264
0 0.707547 0.341085 0.050645 0.052713
0 0.370407 0.526357 0.037736 0.054264
0 0.390268 0.464341 0.037736 0.054264
0 0.455809 0.341860 0.035750 0.051163
0 0.639523 0.463566 0.037736 0.055814
0 0.418570 0.402326 0.036743 0.054264
0 0.578947 0.525581 0.037736 0.055814
0 0.580933 0.595349 0.037736 0.065116
0 0.680735 0.463566 0.038729 0.055814
0 0.556604 0.463566 0.036743 0.055814
0 0.583416 0.401550 0.036743 0.052713
0 0.577954 0.341085 0.037736 0.052713
0 0.285005 0.593798 0.037736 0.065116
0 0.542205 0.400775 0.037736 0.054264
0 0.712512 0.432558 0.046673 0.117829
0 0.177259 0.465116 0.056604 0.055814
0 0.537239 0.593798 0.037736 0.065116
0 0.164846 0.526357 0.037736 0.054264
0 0.163853 0.596899 0.037736 0.065116
0 0.252731 0.343411 0.036743 0.051163
0 0.431976 0.463566 0.037736 0.055814
0 0.336147 0.403101 0.036743 0.052713
0 0.377855 0.402326 0.036743 0.054264
0 0.246773 0.526357 0.036743 0.054264
0 0.205065 0.526357 0.038729 0.054264
0 0.212512 0.344186 0.035750 0.052713
0 0.411619 0.526357 0.038729 0.057364
0 0.597815 0.463566 0.037736 0.055814
0 0.495035 0.525581 0.038729 0.055814
0 0.511420 0.455814 0.756703 0.381395
0 0.328699 0.527132 0.037736 0.055814
0 0.496028 0.341085 0.036743 0.052713
0 0.333664 0.342636 0.035750 0.052713
0 0.226415 0.465116 0.035750 0.055814
0 0.255214 0.403101 0.035750 0.052713
0 0.659881 0.341085 0.036743 0.052713
0 0.414598 0.341860 0.036743 0.051163
