0 0.602718 0.512032 0.052465 0.106952
0 0.896334 0.444519 0.085967 0.236631
0 0.557206 0.265374 0.053729 0.108289
0 0.322061 0.263369 0.053729 0.109626
0 0.529077 0.390374 0.051833 0.109626
0 0.633692 0.758021 0.054994 0.109626
0 0.076802 0.260695 0.053729 0.112299
0 0.398546 0.637701 0.053729 0.109626
0 0.457016 0.762701 0.293300 0.116310
0 0.102086 0.516711 0.103034 0.113636
0 0.412769 0.390374 0.053097 0.106952
0 0.230721 0.387701 0.054362 0.112299
0 0.500000 0.265374 0.051833 0.108289
0 0.260430 0.263369 0.055626 0.109626
0 0.573325 0.634358 0.053097 0.108289
0 0.862200 0.627005 0.158028 0.109626
0 0.186157 0.515374 0.053729 0.110963
0 0.763274 0.385027 0.053729 0.109626
0 0.751264 0.631684 0.053729 0.108289
0 0.199747 0.262701 0.055626 0.108289
0 0.457332 0.637032 0.053729 0.108289
0 0.338812 0.641043 0.055626 0.108289
0 0.752845 0.758021 0.055626 0.112299
0 0.691846 0.631016 0.053729 0.106952
0 0.615676 0.264037 0.053097 0.108289
0 0.878319 0.260027 0.111884 0.108289
0 0.836599 0.504679 0.051201 0.105615
0 0.645386 0.387032 0.053097 0.108289
0 0.515487 0.636364 0.053729 0.106952
0 0.674147 0.262032 0.053729 0.106952
0 0.732617 0.260695 0.053097 0.104278
0 0.216814 0.643717 0.054362 0.110963
0 0.139064 0.262701 0.054362 0.110963
0 0.093236 0.390374 0.086599 0.112299
0 0.277813 0.641711 0.053729 0.109626
0 0.086915 0.643717 0.070164 0.113636
0 0.170038 0.391711 0.055626 0.112299
0 0.486094 0.512701 0.053097 0.105615
0 0.381795 0.264037 0.054362 0.108289
0 0.291087 0.390374 0.054994 0.112299
0 0.426991 0.512701 0.051201 0.108289
0 0.661188 0.510027 0.053097 0.108289
0 0.780025 0.507353 0.053097 0.108289
0 0.632427 0.633021 0.053729 0.108289
0 0.790771 0.259358 0.050569 0.104278
0 0.471239 0.391043 0.052465 0.108289
0 0.148546 0.771390 0.072061 0.112299
0 0.720291 0.509358 0.053729 0.109626
0 0.587547 0.388369 0.051201 0.105615
0 0.353034 0.391043 0.054994 0.110963
0 0.543616 0.512032 0.051833 0.106952
0 0.704488 0.385027 0.053729 0.106952
0 0.276549 0.768048 0.054994 0.110963
0 0.307522 0.515374 0.054994 0.110963
0 0.495575 0.492647 0.905183 0.790107
0 0.821113 0.381684 0.051833 0.108289
0 0.156131 0.643717 0.054362 0.110963
0 0.246839 0.516043 0.054994 0.112299
0 0.440898 0.264706 0.053729 0.109626
0 0.367889 0.514037 0.054362 0.108289
