0 0.267033 0.519962 0.035165 0.066540
0 0.597253 0.527567 0.034066 0.066540
0 0.301648 0.683460 0.036264 0.066540
0 0.170330 0.519011 0.035165 0.068441
0 0.673626 0.688213 0.114286 0.064639
0 0.181319 0.600760 0.037363 0.068441
0 0.520879 0.768061 0.048352 0.064639
0 0.374725 0.602662 0.035165 0.064639
0 0.350000 0.683460 0.036264 0.066540
0 0.397802 0.683460 0.035165 0.066540
0 0.253297 0.682510 0.036264 0.068441
0 0.643407 0.527567 0.034066 0.066540
0 0.326374 0.602662 0.035165 0.064639
0 0.457692 0.524715 0.034066 0.064639
0 0.528022 0.443916 0.036264 0.066540
0 0.195055 0.437262 0.036264 0.068441
0 0.539011 0.687262 0.034066 0.062738
0 0.469231 0.605513 0.035165 0.066540
0 0.121429 0.518061 0.036264 0.066540
0 0.575275 0.445817 0.034066 0.066540
0 0.203846 0.681559 0.036264 0.066540
0 0.053297 0.767110 0.062637 0.070342
0 0.104945 0.682510 0.038462 0.068441
0 0.183516 0.766160 0.050549 0.072243
0 0.154396 0.683460 0.036264 0.066540
0 0.444505 0.685361 0.036264 0.066540
0 0.702747 0.570342 0.056044 0.144487
0 0.340110 0.441065 0.036264 0.068441
0 0.701648 0.769962 0.060440 0.068441
0 0.551099 0.526616 0.034066 0.064639
0 0.654945 0.607414 0.032967 0.066540
0 0.292308 0.439163 0.035165 0.068441
0 0.353846 0.769011 0.265934 0.074144
0 0.047802 0.433460 0.034066 0.068441
0 0.491209 0.685361 0.035165 0.066540
0 0.096703 0.435361 0.037363 0.068441
0 0.279670 0.602662 0.034066 0.064639
0 0.506044 0.557034 0.990110 0.600760
0 0.244505 0.438213 0.036264 0.066540
0 0.058242 0.600760 0.061538 0.068441
0 0.562637 0.607414 0.035165 0.066540
0 0.218681 0.519962 0.035165 0.066540
0 0.059890 0.518061 0.060440 0.066540
0 0.230220 0.601711 0.036264 0.066540
0 0.515934 0.605513 0.034066 0.066540
0 0.132418 0.599810 0.036264 0.070342
0 0.504396 0.525665 0.035165 0.066540
0 0.315934 0.520913 0.034066 0.064639
0 0.690110 0.447719 0.081319 0.070342
0 0.363187 0.521863 0.034066 0.066540
0 0.421978 0.603612 0.035165 0.066540
0 0.435165 0.443916 0.035165 0.066540
0 0.146154 0.436312 0.037363 0.070342
0 0.410440 0.523764 0.036264 0.066540
0 0.586264 0.686312 0.034066 0.064639
0 0.387912 0.442015 0.035165 0.066540
0 0.048352 0.683460 0.050549 0.066540
0 0.609341 0.607414 0.034066 0.066540
0 0.482418 0.443916 0.035165 0.066540
0 0.621429 0.445817 0.034066 0.066540
