0 0.093121 0.781761 0.088926 0.049057
0 0.250839 0.727358 0.062081 0.044654
0 0.505453 0.584906 0.054530 0.036478
0 0.628356 0.585535 0.055369 0.037736
0 0.489094 0.676730 0.058725 0.041509
0 0.357383 0.677358 0.058725 0.042767
0 0.802433 0.782390 0.066275 0.049057
0 0.914430 0.727987 0.169463 0.047170
0 0.242030 0.780818 0.066275 0.048428
0 0.422819 0.676730 0.058725 0.042767
0 0.856544 0.630189 0.058725 0.041509
0 0.291527 0.677673 0.059564 0.043396
0 0.473154 0.629560 0.057047 0.040252
0 0.345638 0.630189 0.058725 0.040252
0 0.442953 0.584906 0.055369 0.036478
0 0.318792 0.584591 0.055369 0.037107
0 0.131711 0.584277 0.057047 0.037736
0 0.911074 0.585535 0.124161 0.037736
0 0.409396 0.629245 0.057047 0.039623
0 0.661913 0.781447 0.063758 0.048428
0 0.752936 0.585849 0.057886 0.037107
0 0.657299 0.727358 0.061242 0.044654
0 0.690017 0.585535 0.056208 0.037736
0 0.115352 0.727044 0.064597 0.045283
0 0.454279 0.727358 0.061242 0.044654
0 0.818372 0.678302 0.061242 0.043396
0 0.728188 0.630818 0.058725 0.040252
0 0.499581 0.684591 0.995805 0.323899
0 0.664010 0.630503 0.057886 0.040881
0 0.225671 0.677358 0.060403 0.042767
0 0.068372 0.583962 0.057886 0.037107
0 0.318792 0.727358 0.062081 0.044654
0 0.620386 0.677358 0.059564 0.042767
0 0.072567 0.628931 0.094799 0.040252
0 0.536493 0.629560 0.056208 0.040252
0 0.522651 0.727673 0.060403 0.044025
0 0.815856 0.585535 0.056208 0.037736
0 0.792785 0.727673 0.063758 0.044025
0 0.452601 0.781132 0.344799 0.050314
0 0.600671 0.629874 0.057047 0.039623
0 0.566275 0.585220 0.055369 0.037107
0 0.256711 0.584906 0.057047 0.037736
0 0.153104 0.629560 0.061242 0.040252
0 0.554111 0.677044 0.057886 0.043396
0 0.752097 0.678302 0.059564 0.043396
0 0.380872 0.584906 0.055369 0.036478
0 0.686242 0.677673 0.058725 0.042138
0 0.386326 0.727358 0.061242 0.044654
0 0.193792 0.584906 0.057047 0.037736
0 0.724832 0.727673 0.062081 0.044025
0 0.883389 0.677987 0.060403 0.042767
0 0.159815 0.677044 0.061242 0.042138
0 0.183725 0.727358 0.063758 0.044654
0 0.217282 0.629560 0.060403 0.040252
0 0.589765 0.728302 0.062081 0.045283
0 0.792785 0.631132 0.058725 0.040881
0 0.040268 0.727358 0.078859 0.045912
0 0.945050 0.654403 0.111577 0.091195
0 0.067953 0.677358 0.114094 0.044025
0 0.281460 0.629874 0.059564 0.040881
