0 0.356132 0.183594 0.051887 0.078125
0 0.384434 0.269531 0.051887 0.078125
0 0.308962 0.447266 0.051887 0.082031
0 0.573113 0.359375 0.051887 0.078125
0 0.241745 0.181641 0.049528 0.074219
0 0.615566 0.271484 0.051887 0.074219
0 0.843160 0.189453 0.106132 0.074219
0 0.457547 0.359375 0.051887 0.078125
0 0.755896 0.189453 0.049528 0.074219
0 0.130896 0.447266 0.054245 0.082031
0 0.632075 0.359375 0.051887 0.078125
0 0.514151 0.359375 0.051887 0.078125
0 0.367925 0.447266 0.051887 0.082031
0 0.860849 0.320312 0.084906 0.171875
0 0.064858 0.449219 0.068396 0.078125
0 0.500000 0.269531 0.051887 0.078125
0 0.545991 0.451172 0.054245 0.082031
0 0.084906 0.361328 0.099057 0.082031
0 0.122642 0.542969 0.075472 0.085938
0 0.428066 0.542969 0.294811 0.085938
0 0.641509 0.187500 0.051887 0.070312
0 0.080189 0.267578 0.080189 0.074219
0 0.413915 0.185547 0.049528 0.074219
0 0.662736 0.453125 0.051887 0.078125
0 0.731132 0.273438 0.051887 0.078125
0 0.267689 0.267578 0.054245 0.074219
0 0.299528 0.181641 0.051887 0.074219
0 0.209906 0.267578 0.051887 0.074219
0 0.128538 0.181641 0.049528 0.074219
0 0.191038 0.447266 0.051887 0.082031
0 0.691038 0.361328 0.051887 0.082031
0 0.722877 0.451172 0.054245 0.082031
0 0.248821 0.447266 0.054245 0.082031
0 0.339623 0.357422 0.051887 0.074219
0 0.183962 0.181641 0.051887 0.074219
0 0.326651 0.269531 0.054245 0.078125
0 0.787736 0.273438 0.051887 0.078125
0 0.603774 0.451172 0.051887 0.082031
0 0.528302 0.185547 0.051887 0.074219
0 0.471698 0.185547 0.051887 0.074219
0 0.441038 0.269531 0.051887 0.078125
0 0.699292 0.187500 0.049528 0.070312
0 0.397406 0.359375 0.049528 0.078125
0 0.165094 0.355469 0.051887 0.078125
0 0.747642 0.363281 0.051887 0.078125
0 0.426887 0.451172 0.051887 0.082031
0 0.672170 0.273438 0.051887 0.078125
0 0.069575 0.181641 0.049528 0.066406
0 0.221698 0.355469 0.051887 0.078125
0 0.150943 0.267578 0.051887 0.074219
0 0.474057 0.365234 0.919811 0.589844
0 0.485849 0.451172 0.051887 0.082031
0 0.557783 0.271484 0.049528 0.074219
0 0.280660 0.357422 0.051887 0.074219
0 0.832547 0.453125 0.155660 0.078125
0 0.805425 0.363281 0.049528 0.078125
0 0.248821 0.542969 0.054245 0.085938
0 0.584906 0.183594 0.051887 0.078125
0 0.607311 0.544922 0.054245 0.089844
0 0.726415 0.546875 0.056604 0.085938
