0 0.495781 0.744841 0.043601 0.056285
0 0.327356 0.623358 0.041491 0.051595
0 0.263361 0.803940 0.266526 0.061914
0 0.354079 0.568480 0.040084 0.048780
0 0.380802 0.681520 0.042897 0.053471
0 0.099859 0.615854 0.042194 0.051595
0 0.210267 0.738743 0.045007 0.055347
0 0.596695 0.574109 0.085091 0.046904
0 0.508087 0.628518 0.041491 0.050657
0 0.131857 0.561445 0.041491 0.049719
0 0.020394 0.671201 0.039381 0.053471
0 0.462729 0.626642 0.040788 0.050657
0 0.427215 0.682927 0.041491 0.052533
0 0.258087 0.739681 0.045007 0.055347
0 0.194444 0.677767 0.042897 0.053471
0 0.055204 0.673077 0.044304 0.053471
0 0.236287 0.621013 0.042194 0.050657
0 0.162447 0.736867 0.045007 0.055347
0 0.585443 0.746248 0.128692 0.055347
0 0.556962 0.810976 0.073136 0.060976
0 0.398734 0.569418 0.040788 0.048780
0 0.220113 0.564728 0.042194 0.048780
0 0.353727 0.742495 0.045007 0.057223
0 0.015471 0.730769 0.029536 0.056285
0 0.441632 0.570356 0.040788 0.046904
0 0.265471 0.566135 0.041491 0.047842
0 0.472574 0.684334 0.042194 0.053471
0 0.485232 0.572233 0.039381 0.046904
0 0.087553 0.559568 0.042897 0.049719
0 0.043601 0.558630 0.042194 0.049719
0 0.500703 0.703096 1.000000 0.501876
0 0.552391 0.628518 0.041491 0.050657
0 0.417018 0.623827 0.040788 0.050657
0 0.240858 0.678705 0.042897 0.053471
0 0.334740 0.680113 0.042194 0.052533
0 0.022855 0.731707 0.044304 0.058161
0 0.401195 0.742964 0.042897 0.056285
0 0.101266 0.674953 0.043601 0.053471
0 0.054501 0.615385 0.044304 0.052533
0 0.373418 0.623827 0.040788 0.050657
0 0.518987 0.685272 0.042194 0.053471
0 0.105485 0.798311 0.047820 0.058161
0 0.611814 0.659475 0.067511 0.110694
0 0.529536 0.572702 0.039381 0.045966
0 0.287975 0.680113 0.042897 0.052533
0 0.305907 0.741088 0.043601 0.056285
0 0.011252 0.557223 0.021097 0.048780
0 0.427567 0.806754 0.057665 0.061914
0 0.565049 0.686679 0.041491 0.052533
0 0.190577 0.619606 0.042194 0.051595
0 0.144515 0.617730 0.042897 0.051595
0 0.282700 0.622420 0.042194 0.051595
0 0.015823 0.793621 0.030239 0.058161
0 0.017229 0.613508 0.033052 0.050657
0 0.147679 0.676829 0.043601 0.055347
0 0.175457 0.562852 0.040084 0.048780
0 0.115331 0.735460 0.045007 0.056285
0 0.067862 0.733583 0.045710 0.056285
0 0.448664 0.743902 0.043601 0.056285
0 0.310127 0.567073 0.040788 0.047842
