0 0.390625 0.188889 0.049107 0.074074
0 0.417411 0.270370 0.049107 0.074074
0 0.345982 0.438889 0.049107 0.077778
0 0.595982 0.355556 0.049107 0.074074
0 0.282366 0.187037 0.046875 0.070370
0 0.636161 0.272222 0.049107 0.070370
0 0.851562 0.194444 0.100446 0.070370
0 0.486607 0.355556 0.049107 0.074074
0 0.768973 0.194444 0.046875 0.070370
0 0.177455 0.438889 0.051339 0.077778
0 0.651786 0.355556 0.049107 0.074074
0 0.540179 0.355556 0.049107 0.074074
0 0.401786 0.438889 0.049107 0.077778
0 0.868304 0.318519 0.080357 0.162963
0 0.114955 0.440741 0.064732 0.074074
0 0.526786 0.270370 0.049107 0.074074
0 0.570312 0.442593 0.051339 0.077778
0 0.133929 0.357407 0.093750 0.077778
0 0.169643 0.529630 0.071429 0.081481
0 0.458705 0.529630 0.279018 0.081481
0 0.660714 0.192593 0.049107 0.066667
0 0.129464 0.268519 0.075893 0.070370
0 0.445312 0.190741 0.046875 0.070370
0 0.680804 0.444444 0.049107 0.074074
0 0.745536 0.274074 0.049107 0.074074
0 0.306920 0.268519 0.051339 0.070370
0 0.337054 0.187037 0.049107 0.070370
0 0.252232 0.268519 0.049107 0.070370
0 0.175223 0.187037 0.046875 0.070370
0 0.234375 0.438889 0.049107 0.077778
0 0.707589 0.357407 0.049107 0.077778
0 0.737723 0.442593 0.051339 0.077778
0 0.289062 0.438889 0.051339 0.077778
0 0.375000 0.353704 0.049107 0.070370
0 0.227679 0.187037 0.049107 0.070370
0 0.362723 0.270370 0.051339 0.074074
0 0.799107 0.274074 0.049107 0.074074
0 0.625000 0.442593 0.049107 0.077778
0 0.553571 0.190741 0.049107 0.070370
0 0.500000 0.190741 0.049107 0.070370
0 0.470982 0.270370 0.049107 0.074074
0 0.715402 0.192593 0.046875 0.066667
0 0.429688 0.355556 0.046875 0.074074
0 0.209821 0.351852 0.049107 0.074074
0 0.761161 0.359259 0.049107 0.074074
0 0.457589 0.442593 0.049107 0.077778
0 0.689732 0.274074 0.049107 0.074074
0 0.119420 0.187037 0.046875 0.062963
0 0.263393 0.351852 0.049107 0.074074
0 0.196429 0.268519 0.049107 0.070370
0 0.502232 0.361111 0.870536 0.559259
0 0.513393 0.442593 0.049107 0.077778
0 0.581473 0.272222 0.046875 0.070370
0 0.319196 0.353704 0.049107 0.070370
0 0.841518 0.444444 0.147321 0.074074
0 0.815848 0.359259 0.046875 0.074074
0 0.289062 0.529630 0.051339 0.081481
0 0.607143 0.188889 0.049107 0.074074
0 0.628348 0.531481 0.051339 0.085185
0 0.741071 0.533333 0.053571 0.081481
