0 0.741091 0.327560 0.046771 0.055723
0 0.476336 0.376130 0.951559 0.493223
0 0.411192 0.262048 0.045100 0.054217
0 0.150056 0.400979 0.047327 0.056476
0 0.469655 0.260542 0.045100 0.055723
0 0.381125 0.327937 0.043987 0.053464
0 0.560969 0.326807 0.043987 0.054217
0 0.706849 0.259036 0.046214 0.054217
0 0.063474 0.333961 0.085746 0.065512
0 0.646437 0.259789 0.046771 0.055723
0 0.762528 0.396837 0.048441 0.054217
0 0.854120 0.258660 0.106904 0.060994
0 0.680679 0.326054 0.045100 0.054217
0 0.351058 0.262048 0.046214 0.054217
0 0.232183 0.263931 0.046771 0.056476
0 0.638641 0.397590 0.047884 0.058735
0 0.209633 0.400226 0.048441 0.057982
0 0.064866 0.406250 0.107461 0.070030
0 0.300947 0.474021 0.049555 0.062500
0 0.515869 0.397967 0.047327 0.060994
0 0.587695 0.260542 0.046214 0.055723
0 0.849388 0.467620 0.165367 0.063253
0 0.114699 0.262801 0.046771 0.055723
0 0.613864 0.550075 0.056236 0.076054
0 0.100223 0.554593 0.076837 0.076054
0 0.454343 0.396084 0.050111 0.054217
0 0.699610 0.396837 0.046214 0.057229
0 0.393653 0.398343 0.046771 0.057229
0 0.139198 0.331325 0.046771 0.054217
0 0.440702 0.327937 0.045100 0.053464
0 0.271437 0.400602 0.047327 0.058735
0 0.549555 0.473268 0.048998 0.064006
0 0.799555 0.326807 0.047884 0.057229
0 0.223552 0.551958 0.055122 0.073795
0 0.198775 0.329819 0.046771 0.054217
0 0.333797 0.399096 0.047327 0.058735
0 0.238864 0.474774 0.048998 0.060994
0 0.426225 0.473645 0.050668 0.061747
0 0.822105 0.396084 0.047327 0.055723
0 0.054287 0.261295 0.047327 0.054217
0 0.043708 0.480045 0.077394 0.074548
0 0.488029 0.472515 0.047327 0.062500
0 0.420935 0.542922 0.325167 0.058735
0 0.173998 0.264684 0.047327 0.056476
0 0.292316 0.262048 0.045657 0.054217
0 0.673719 0.468750 0.046771 0.059488
0 0.765590 0.258283 0.043430 0.054217
0 0.500000 0.327560 0.045657 0.055723
0 0.612194 0.469880 0.047327 0.060241
0 0.739421 0.547816 0.059020 0.077560
0 0.528118 0.261295 0.047327 0.058735
0 0.114143 0.477786 0.051225 0.065512
0 0.878619 0.364458 0.108018 0.141566
0 0.734967 0.468750 0.047884 0.060994
0 0.319599 0.328690 0.046771 0.053464
0 0.578508 0.398343 0.046771 0.058735
0 0.363307 0.475527 0.049555 0.065512
0 0.619432 0.326807 0.048441 0.055723
0 0.176503 0.475527 0.048998 0.059488
0 0.259744 0.328313 0.046214 0.054217
