0 0.571562 0.445417 0.040625 0.049167
0 0.204063 0.392083 0.040625 0.047500
0 0.397500 0.445833 0.041250 0.050000
0 0.290000 0.393333 0.040000 0.048333
0 0.149375 0.289583 0.038750 0.044167
0 0.528125 0.503750 0.041250 0.057500
0 0.405000 0.340833 0.038750 0.046667
0 0.547813 0.392500 0.039375 0.048333
0 0.354375 0.446250 0.040000 0.049167
0 0.527188 0.290000 0.039375 0.045000
0 0.441250 0.446250 0.041250 0.049167
0 0.528438 0.446250 0.040625 0.049167
0 0.676562 0.391667 0.040625 0.046667
0 0.234375 0.290000 0.040000 0.045000
0 0.131250 0.501250 0.043750 0.057500
0 0.484687 0.445833 0.040625 0.050000
0 0.485000 0.290000 0.038750 0.045000
0 0.375625 0.392500 0.040000 0.046667
0 0.572187 0.503333 0.041875 0.058333
0 0.401562 0.290417 0.038125 0.044167
0 0.418750 0.392917 0.040000 0.047500
0 0.532188 0.340833 0.039375 0.046667
0 0.490000 0.340833 0.038750 0.046667
0 0.443437 0.290000 0.038125 0.045000
0 0.505000 0.392500 0.040000 0.048333
0 0.395937 0.503333 0.218125 0.056667
0 0.150625 0.392083 0.061250 0.047500
0 0.501250 0.387500 0.800000 0.331667
0 0.617188 0.340833 0.039375 0.046667
0 0.224062 0.445417 0.040625 0.049167
0 0.659375 0.340000 0.038750 0.046667
0 0.310625 0.445417 0.041250 0.049167
0 0.191875 0.290000 0.038750 0.045000
0 0.267188 0.445417 0.040625 0.049167
0 0.690937 0.444583 0.094375 0.050833
0 0.447813 0.341250 0.039375 0.045833
0 0.653125 0.290417 0.038750 0.044167
0 0.247188 0.392500 0.040625 0.048333
0 0.235313 0.340833 0.039375 0.046667
0 0.320312 0.341250 0.039375 0.045833
0 0.136563 0.443750 0.043125 0.047500
0 0.461875 0.392500 0.040000 0.048333
0 0.147500 0.340000 0.045000 0.046667
0 0.708750 0.366250 0.051250 0.099167
0 0.359375 0.290417 0.038750 0.044167
0 0.193125 0.340833 0.040000 0.046667
0 0.634062 0.392500 0.040625 0.048333
0 0.277813 0.340833 0.039375 0.046667
0 0.362812 0.340833 0.038125 0.046667
0 0.617188 0.445417 0.046875 0.049167
0 0.574688 0.340833 0.039375 0.046667
0 0.275938 0.290417 0.039375 0.045833
0 0.568438 0.290000 0.039375 0.045000
0 0.702500 0.290417 0.052500 0.045833
0 0.610625 0.290417 0.038750 0.044167
0 0.332813 0.392917 0.039375 0.047500
0 0.590000 0.392500 0.040000 0.048333
0 0.262813 0.502500 0.041875 0.058333
0 0.180000 0.444167 0.042500 0.048333
0 0.317812 0.290000 0.038125 0.045000
