0 0.571355 0.626263 0.109856 0.090909
0 0.119610 0.640152 0.035934 0.088384
0 0.596509 0.729798 0.061602 0.090909
0 0.431725 0.529040 0.035934 0.088384
0 0.462526 0.428030 0.035934 0.088384
0 0.088296 0.436869 0.036961 0.090909
0 0.255647 0.431818 0.036961 0.085859
0 0.276181 0.329545 0.036961 0.088384
0 0.108830 0.334596 0.036961 0.088384
0 0.150411 0.332071 0.037988 0.088384
0 0.441478 0.328283 0.036961 0.090909
0 0.193018 0.333333 0.036961 0.085859
0 0.411704 0.631313 0.036961 0.090909
0 0.035934 0.436869 0.057495 0.090909
0 0.513860 0.526515 0.035934 0.088384
0 0.171971 0.435606 0.037988 0.088384
0 0.328542 0.632576 0.036961 0.088384
0 0.596509 0.474747 0.057495 0.191919
0 0.145277 0.744949 0.048255 0.090909
0 0.265914 0.534091 0.036961 0.088384
0 0.349589 0.530303 0.035934 0.085859
0 0.308008 0.531566 0.036961 0.088384
0 0.544148 0.425505 0.036961 0.093434
0 0.182238 0.535354 0.035934 0.090909
0 0.390657 0.529040 0.035934 0.088384
0 0.502567 0.426768 0.035934 0.090909
0 0.482546 0.327020 0.036961 0.088384
0 0.338296 0.430556 0.035934 0.088384
0 0.224846 0.534091 0.036961 0.088384
0 0.245380 0.636364 0.036961 0.090909
0 0.042608 0.540404 0.068789 0.090909
0 0.035934 0.744949 0.059548 0.090909
0 0.523101 0.325758 0.035934 0.085859
0 0.472793 0.529040 0.035934 0.088384
0 0.025667 0.333333 0.036961 0.085859
0 0.292094 0.737374 0.237166 0.095960
0 0.078029 0.642677 0.036961 0.093434
0 0.359343 0.330808 0.036961 0.090909
0 0.436858 0.732323 0.048255 0.090909
0 0.586242 0.324495 0.078029 0.088384
0 0.286961 0.635101 0.037988 0.088384
0 0.099076 0.539141 0.035934 0.088384
0 0.380390 0.430556 0.035934 0.088384
0 0.318275 0.332071 0.036961 0.088384
0 0.234086 0.332071 0.036961 0.088384
0 0.140144 0.537879 0.035934 0.090909
0 0.067248 0.334596 0.035934 0.088384
0 0.213552 0.434343 0.036961 0.085859
0 0.203285 0.637626 0.036961 0.088384
0 0.161191 0.638889 0.036961 0.090909
0 0.554928 0.526515 0.035934 0.088384
0 0.493840 0.630051 0.036961 0.088384
0 0.297741 0.430556 0.036961 0.088384
0 0.370123 0.632576 0.037988 0.088384
0 0.129363 0.434343 0.036961 0.090909
0 0.420945 0.428030 0.036961 0.088384
0 0.452772 0.630051 0.036961 0.088384
0 0.482033 0.500000 0.962012 0.767677
0 0.400411 0.329545 0.036961 0.088384
0 0.030801 0.642677 0.047228 0.088384
