0 0.161269 0.821942 0.049933 0.048561
0 0.521255 0.657374 0.031714 0.041367
0 0.271930 0.714478 0.033738 0.042266
0 0.250337 0.621853 0.035088 0.042266
0 0.516532 0.754047 0.034413 0.044065
0 0.413630 0.661871 0.032389 0.041367
0 0.288124 0.763489 0.035088 0.044964
0 0.385290 0.709982 0.033738 0.042266
0 0.532726 0.704586 0.033063 0.042266
0 0.441633 0.757644 0.034413 0.045863
0 0.396424 0.616457 0.031714 0.040468
0 0.302969 0.665468 0.033738 0.041367
0 0.143725 0.672212 0.052632 0.042266
0 0.571525 0.611511 0.031039 0.039568
0 0.250337 0.764838 0.035088 0.044065
0 0.287112 0.620504 0.031714 0.041367
0 0.246626 0.817446 0.037112 0.046763
0 0.484818 0.658273 0.031714 0.041367
0 0.557018 0.656475 0.031714 0.041367
0 0.503711 0.805306 0.045209 0.047662
0 0.622807 0.748651 0.098516 0.044065
0 0.403846 0.758993 0.034413 0.044964
0 0.233468 0.715827 0.035088 0.043165
0 0.323212 0.619155 0.032389 0.040468
0 0.142713 0.720324 0.065452 0.044964
0 0.569163 0.703237 0.033063 0.043165
0 0.190958 0.669964 0.035088 0.043165
0 0.479420 0.755845 0.033063 0.044065
0 0.495951 0.705486 0.032389 0.042266
0 0.639339 0.678507 0.053306 0.087230
0 0.310054 0.712680 0.033063 0.042266
0 0.195682 0.717626 0.035088 0.043165
0 0.126181 0.771133 0.047233 0.045863
0 0.466599 0.614209 0.031714 0.041367
0 0.172402 0.768435 0.037112 0.045863
0 0.431511 0.616007 0.031714 0.041367
0 0.604926 0.700989 0.033063 0.044065
0 0.359312 0.617806 0.033063 0.041367
0 0.501350 0.613309 0.032389 0.041367
0 0.450067 0.660072 0.031039 0.041367
0 0.592443 0.654676 0.032389 0.043165
0 0.340418 0.664119 0.030364 0.040468
0 0.624494 0.608813 0.066802 0.039568
0 0.374494 0.812050 0.211876 0.052158
0 0.365385 0.760791 0.034413 0.044964
0 0.266194 0.667716 0.033063 0.042266
0 0.423077 0.709083 0.032389 0.042266
0 0.213563 0.622752 0.033063 0.040468
0 0.536437 0.612410 0.031039 0.039568
0 0.137989 0.625000 0.034413 0.039568
0 0.211201 0.767086 0.035088 0.044964
0 0.176451 0.624550 0.033063 0.040468
0 0.347841 0.711781 0.033063 0.042266
0 0.509447 0.702338 0.865047 0.368705
0 0.326923 0.761691 0.034413 0.044964
0 0.228070 0.667716 0.033738 0.042266
0 0.552969 0.752248 0.034413 0.044065
0 0.603914 0.800809 0.055331 0.047662
0 0.459852 0.707734 0.033063 0.041367
0 0.377530 0.664119 0.031714 0.040468
