0 0.492188 0.397059 0.046875 0.058824
0 0.573730 0.327941 0.045898 0.058824
0 0.169922 0.330147 0.039062 0.060294
0 0.517090 0.466176 0.047852 0.064706
0 0.819824 0.326471 0.040039 0.061765
0 0.388672 0.263235 0.039062 0.061765
0 0.789062 0.461765 0.117188 0.064706
0 0.440918 0.397059 0.045898 0.061765
0 0.167480 0.465441 0.047852 0.063235
0 0.465332 0.465441 0.047852 0.066176
0 0.557617 0.261765 0.039062 0.061765
0 0.643555 0.260294 0.039062 0.064706
0 0.616699 0.464706 0.040039 0.061765
0 0.446289 0.538235 0.224609 0.064706
0 0.686035 0.261765 0.040039 0.061765
0 0.497559 0.411765 0.731445 0.385294
0 0.568359 0.464706 0.046875 0.064706
0 0.515625 0.261765 0.039062 0.061765
0 0.286621 0.397059 0.045898 0.061765
0 0.805176 0.393382 0.079102 0.063235
0 0.258789 0.466176 0.046875 0.064706
0 0.594727 0.395588 0.046875 0.061765
0 0.310547 0.465441 0.046875 0.063235
0 0.816895 0.258088 0.041992 0.063235
0 0.522461 0.328676 0.044922 0.060294
0 0.234863 0.396324 0.045898 0.063235
0 0.414062 0.465441 0.046875 0.066176
0 0.581055 0.534559 0.041016 0.066176
0 0.260254 0.263971 0.038086 0.060294
0 0.600586 0.262500 0.039062 0.063235
0 0.421875 0.328676 0.044922 0.060294
0 0.738770 0.394118 0.040039 0.061765
0 0.302734 0.263235 0.039062 0.064706
0 0.319824 0.329412 0.045898 0.061765
0 0.774902 0.326471 0.040039 0.061765
0 0.675781 0.327206 0.044922 0.060294
0 0.163086 0.536765 0.050781 0.067647
0 0.269043 0.328676 0.045898 0.060294
0 0.345703 0.262500 0.039062 0.063235
0 0.624023 0.327206 0.044922 0.060294
0 0.389160 0.396324 0.043945 0.060294
0 0.661133 0.463235 0.041016 0.061765
0 0.304688 0.536765 0.048828 0.067647
0 0.645996 0.394853 0.045898 0.063235
0 0.177246 0.398529 0.059570 0.061765
0 0.211426 0.462500 0.036133 0.066176
0 0.430664 0.263235 0.039062 0.061765
0 0.472168 0.329412 0.045898 0.058824
0 0.726562 0.327206 0.046875 0.060294
0 0.337402 0.396324 0.045898 0.063235
0 0.361816 0.464706 0.047852 0.067647
0 0.671387 0.533824 0.040039 0.067647
0 0.731934 0.260294 0.040039 0.061765
0 0.543457 0.395588 0.045898 0.061765
0 0.473145 0.262500 0.040039 0.063235
0 0.705566 0.463235 0.041992 0.061765
0 0.217285 0.263971 0.038086 0.060294
0 0.217773 0.330147 0.046875 0.060294
0 0.370605 0.328676 0.045898 0.060294
0 0.694336 0.394118 0.041016 0.061765
