0 0.137187 0.410000 0.039375 0.051667
0 0.500313 0.583750 0.039375 0.050833
0 0.380937 0.469167 0.039375 0.051667
0 0.565000 0.526667 0.040000 0.051667
0 0.499063 0.512500 0.979375 0.455000
0 0.489375 0.410833 0.040000 0.051667
0 0.065000 0.527083 0.073750 0.052500
0 0.457188 0.584167 0.039375 0.051667
0 0.058750 0.468333 0.061250 0.051667
0 0.325937 0.585833 0.040625 0.051667
0 0.281562 0.585833 0.039375 0.051667
0 0.625313 0.582917 0.116875 0.050833
0 0.258750 0.527083 0.040000 0.050833
0 0.652500 0.497083 0.062500 0.110833
0 0.413750 0.585000 0.040000 0.051667
0 0.554375 0.469167 0.040000 0.051667
0 0.521875 0.526667 0.038750 0.051667
0 0.479063 0.526250 0.039375 0.050833
0 0.115312 0.469167 0.040625 0.053333
0 0.047188 0.409583 0.038125 0.050833
0 0.225938 0.410000 0.039375 0.051667
0 0.359063 0.410833 0.039375 0.051667
0 0.148750 0.587083 0.038750 0.052500
0 0.214688 0.527917 0.039375 0.052500
0 0.270000 0.410417 0.040000 0.050833
0 0.292812 0.468750 0.039375 0.052500
0 0.159375 0.468750 0.038750 0.052500
0 0.347813 0.527083 0.039375 0.050833
0 0.370000 0.585833 0.040000 0.051667
0 0.425000 0.468750 0.038750 0.050833
0 0.597187 0.467500 0.039375 0.051667
0 0.511563 0.469167 0.039375 0.051667
0 0.181250 0.410000 0.040000 0.051667
0 0.104063 0.585833 0.039375 0.053333
0 0.468438 0.469167 0.039375 0.051667
0 0.642500 0.410000 0.083750 0.051667
0 0.607812 0.525833 0.039375 0.051667
0 0.532500 0.410833 0.040000 0.051667
0 0.192812 0.586250 0.039375 0.052500
0 0.543125 0.583750 0.040000 0.050833
0 0.192500 0.644583 0.040000 0.052500
0 0.446562 0.410833 0.039375 0.051667
0 0.575937 0.410417 0.039375 0.050833
0 0.092813 0.410000 0.038125 0.051667
0 0.314688 0.410417 0.039375 0.050833
0 0.435625 0.526667 0.040000 0.051667
0 0.598125 0.642083 0.065000 0.052500
0 0.248125 0.468750 0.040000 0.052500
0 0.402500 0.410833 0.040000 0.051667
0 0.125625 0.527500 0.038750 0.051667
0 0.053125 0.586250 0.050000 0.052500
0 0.303125 0.526667 0.040000 0.051667
0 0.236875 0.585833 0.040000 0.051667
0 0.483438 0.641250 0.051875 0.052500
0 0.337187 0.469583 0.039375 0.052500
0 0.336562 0.643750 0.239375 0.054167
0 0.203750 0.469167 0.040000 0.053333
0 0.170313 0.527500 0.039375 0.051667
0 0.053125 0.645000 0.052500 0.051667
0 0.391250 0.526250 0.040000 0.050833
