0 0.075459 0.253866 0.066929 0.126289
0 0.498688 0.402062 0.068241 0.128866
0 0.952756 0.690722 0.097113 0.134021
0 0.709318 0.844072 0.069554 0.126289
0 0.574803 0.402062 0.068241 0.128866
0 0.249344 0.699742 0.068241 0.131443
0 0.556430 0.695876 0.068241 0.128866
0 0.593176 0.547680 0.065617 0.126289
0 0.287402 0.552835 0.068241 0.131443
0 0.402887 0.697165 0.068241 0.131443
0 0.017717 0.253866 0.032808 0.126289
0 0.363517 0.551546 0.068241 0.128866
0 0.209974 0.552835 0.070866 0.131443
0 0.440289 0.550258 0.066929 0.131443
0 0.479003 0.695876 0.070866 0.128866
0 0.381890 0.252577 0.068241 0.128866
0 0.707349 0.694588 0.068241 0.131443
0 0.036089 0.402062 0.069554 0.128866
0 0.763780 0.251289 0.068241 0.126289
0 0.152231 0.255155 0.068241 0.128866
0 0.877953 0.398196 0.068241 0.131443
0 0.669948 0.547680 0.066929 0.131443
0 0.458661 0.253866 0.069554 0.126289
0 0.114173 0.403351 0.073491 0.131443
0 0.172572 0.701031 0.069554 0.128866
0 0.651575 0.399485 0.066929 0.123711
0 0.746719 0.546392 0.065617 0.128866
0 0.839895 0.251289 0.068241 0.126289
0 0.914698 0.250000 0.065617 0.123711
0 0.325459 0.699742 0.070866 0.131443
0 0.726378 0.398196 0.069554 0.131443
0 0.191601 0.402062 0.068241 0.128866
0 0.501312 0.529639 1.000000 0.935567
0 0.516404 0.547680 0.069554 0.126289
0 0.980315 0.251289 0.041995 0.131443
0 0.801837 0.399485 0.068241 0.128866
0 0.267060 0.404639 0.069554 0.128866
0 0.345144 0.402062 0.068241 0.128866
0 0.094488 0.701031 0.070866 0.128866
0 0.228346 0.255155 0.068241 0.123711
0 0.860236 0.842784 0.069554 0.128866
0 0.480315 0.849227 0.377953 0.136598
0 0.612205 0.253866 0.069554 0.126289
0 0.821522 0.547680 0.068241 0.131443
0 0.970472 0.543814 0.061680 0.128866
0 0.133858 0.551546 0.068241 0.128866
0 0.859580 0.693299 0.068241 0.123711
0 0.248031 0.850515 0.068241 0.128866
0 0.536089 0.252577 0.066929 0.128866
0 0.026247 0.702320 0.049869 0.131443
0 0.896982 0.545103 0.066929 0.126289
0 0.631234 0.697165 0.070866 0.131443
0 0.422572 0.402062 0.068241 0.128866
0 0.047244 0.552835 0.091864 0.131443
0 0.083990 0.851804 0.091864 0.131443
0 0.687664 0.252577 0.068241 0.128866
0 0.784121 0.693299 0.069554 0.128866
0 0.954068 0.396907 0.068241 0.123711
0 0.306430 0.253866 0.066929 0.126289
