0 0.069753 0.206522 0.062963 0.118357
0 0.467901 0.345411 0.064198 0.120773
0 0.925309 0.615942 0.151852 0.125604
0 0.666049 0.759662 0.065432 0.118357
0 0.539506 0.345411 0.064198 0.120773
0 0.233333 0.624396 0.064198 0.123188
0 0.522222 0.620773 0.064198 0.120773
0 0.556790 0.481884 0.061728 0.118357
0 0.269136 0.486715 0.064198 0.123188
0 0.377778 0.621981 0.064198 0.123188
0 0.016667 0.206522 0.030864 0.118357
0 0.340741 0.485507 0.064198 0.120773
0 0.196296 0.486715 0.066667 0.123188
0 0.412963 0.484300 0.062963 0.123188
0 0.449383 0.620773 0.066667 0.120773
0 0.358025 0.205314 0.064198 0.120773
0 0.664198 0.619565 0.064198 0.123188
0 0.033333 0.345411 0.064198 0.120773
0 0.717284 0.204106 0.064198 0.118357
0 0.141975 0.207729 0.064198 0.120773
0 0.824691 0.341787 0.064198 0.123188
0 0.629012 0.481884 0.062963 0.123188
0 0.430247 0.206522 0.065432 0.118357
0 0.106173 0.346618 0.069136 0.123188
0 0.161111 0.625604 0.065432 0.120773
0 0.611728 0.342995 0.062963 0.115942
0 0.701235 0.480676 0.061728 0.120773
0 0.788889 0.204106 0.064198 0.118357
0 0.969753 0.411836 0.062963 0.263285
0 0.859259 0.202899 0.061728 0.115942
0 0.304938 0.624396 0.066667 0.123188
0 0.682099 0.341787 0.065432 0.123188
0 0.179012 0.345411 0.064198 0.120773
0 0.501235 0.464976 1.000000 0.876812
0 0.484568 0.481884 0.065432 0.118357
0 0.951235 0.204106 0.100000 0.123188
0 0.753086 0.342995 0.064198 0.120773
0 0.250000 0.347826 0.065432 0.120773
0 0.323457 0.345411 0.064198 0.120773
0 0.087654 0.625604 0.066667 0.120773
0 0.213580 0.207729 0.064198 0.115942
0 0.808025 0.758454 0.065432 0.120773
0 0.450617 0.764493 0.355556 0.128019
0 0.574691 0.206522 0.065432 0.118357
0 0.771605 0.481884 0.064198 0.123188
0 0.913580 0.478261 0.061728 0.120773
0 0.124691 0.485507 0.064198 0.120773
0 0.807407 0.618357 0.064198 0.115942
0 0.232099 0.765700 0.064198 0.120773
0 0.503086 0.205314 0.062963 0.120773
0 0.024074 0.626812 0.045679 0.123188
0 0.842593 0.479469 0.062963 0.118357
0 0.592593 0.621981 0.066667 0.123188
0 0.396296 0.345411 0.064198 0.120773
0 0.043827 0.486715 0.085185 0.123188
0 0.077778 0.766908 0.086420 0.123188
0 0.645679 0.205314 0.064198 0.120773
0 0.736420 0.618357 0.065432 0.120773
0 0.896296 0.340580 0.064198 0.115942
0 0.287037 0.206522 0.062963 0.118357
