0 0.506152 0.340035 0.041387 0.057692
0 0.202461 0.480769 0.040268 0.062937
0 0.248881 0.480769 0.041387 0.062937
0 0.294743 0.479895 0.041387 0.061189
0 0.682886 0.548951 0.099553 0.062937
0 0.096197 0.345280 0.040268 0.057692
0 0.322707 0.341783 0.041387 0.057692
0 0.604586 0.409965 0.041387 0.061189
0 0.224832 0.550699 0.042506 0.062937
0 0.234340 0.409965 0.041387 0.061189
0 0.651007 0.409965 0.042506 0.061189
0 0.419463 0.409965 0.042506 0.061189
0 0.095638 0.412587 0.045861 0.059441
0 0.602908 0.549825 0.049217 0.061189
0 0.365213 0.626748 0.236018 0.075175
0 0.231544 0.342657 0.042506 0.059441
0 0.434564 0.479021 0.041387 0.062937
0 0.143177 0.411713 0.040268 0.061189
0 0.482103 0.479021 0.042506 0.062937
0 0.506711 0.548951 0.042506 0.062937
0 0.465884 0.409091 0.041387 0.059441
0 0.597875 0.340909 0.041387 0.059441
0 0.412752 0.549825 0.042506 0.061189
0 0.698546 0.340909 0.057047 0.059441
0 0.318792 0.549825 0.042506 0.061189
0 0.341163 0.479895 0.042506 0.061189
0 0.414989 0.341783 0.040268 0.057692
0 0.621924 0.479021 0.042506 0.062937
0 0.373043 0.409965 0.041387 0.061189
0 0.553691 0.548951 0.042506 0.062937
0 0.555928 0.627622 0.042506 0.073427
0 0.668345 0.479021 0.043624 0.062937
0 0.528523 0.479021 0.041387 0.062937
0 0.558725 0.409091 0.041387 0.059441
0 0.552573 0.340909 0.042506 0.059441
0 0.222595 0.625874 0.042506 0.073427
0 0.512304 0.408217 0.042506 0.061189
0 0.704139 0.444056 0.052573 0.132867
0 0.101230 0.480769 0.063758 0.062937
0 0.506711 0.625874 0.042506 0.073427
0 0.087248 0.549825 0.042506 0.061189
0 0.086130 0.629371 0.042506 0.073427
0 0.186242 0.343531 0.041387 0.057692
0 0.388143 0.479021 0.042506 0.062937
0 0.280201 0.410839 0.041387 0.059441
0 0.327181 0.409965 0.041387 0.061189
0 0.179530 0.549825 0.041387 0.061189
0 0.132550 0.549825 0.043624 0.061189
0 0.140940 0.344406 0.040268 0.059441
0 0.365213 0.549825 0.043624 0.064685
0 0.574944 0.479021 0.042506 0.062937
0 0.459172 0.548951 0.043624 0.062937
0 0.477629 0.470280 0.852349 0.430070
0 0.271812 0.550699 0.042506 0.062937
0 0.460291 0.340909 0.041387 0.059441
0 0.277405 0.342657 0.040268 0.059441
0 0.156600 0.480769 0.040268 0.062937
0 0.189038 0.410839 0.040268 0.059441
0 0.644855 0.340909 0.041387 0.059441
0 0.368568 0.341783 0.041387 0.057692
