0 0.333686 0.366613 0.040254 0.055911
0 0.451801 0.301917 0.039195 0.054313
0 0.445445 0.430511 0.041314 0.059105
0 0.272246 0.241214 0.038136 0.054313
0 0.144068 0.242812 0.038136 0.054313
0 0.363877 0.302716 0.039195 0.055911
0 0.490466 0.500000 0.040254 0.067093
0 0.446504 0.239617 0.039195 0.054313
0 0.539195 0.301917 0.038136 0.054313
0 0.407839 0.302716 0.040254 0.055911
0 0.189089 0.303514 0.039195 0.054313
0 0.401483 0.430511 0.040254 0.055911
0 0.511123 0.365815 0.039195 0.057508
0 0.312500 0.429712 0.040254 0.057508
0 0.356462 0.430511 0.041314 0.059105
0 0.146186 0.304313 0.038136 0.055911
0 0.555085 0.365815 0.040254 0.057508
0 0.495233 0.302716 0.039195 0.055911
0 0.275953 0.303514 0.039195 0.054313
0 0.180085 0.430511 0.040254 0.055911
0 0.599576 0.365815 0.040254 0.057508
0 0.461335 0.357827 0.810381 0.392971
0 0.101165 0.243610 0.037076 0.052716
0 0.672140 0.239617 0.054025 0.054313
0 0.202860 0.367412 0.039195 0.057508
0 0.315678 0.240415 0.038136 0.052716
0 0.581568 0.430511 0.046610 0.055911
0 0.355932 0.500799 0.222458 0.068690
0 0.378178 0.366613 0.040254 0.055911
0 0.158898 0.367412 0.038136 0.057508
0 0.402542 0.239617 0.038136 0.054313
0 0.656780 0.429712 0.095339 0.057508
0 0.620763 0.239617 0.038136 0.054313
0 0.582627 0.302716 0.040254 0.055911
0 0.676907 0.333866 0.048729 0.121406
0 0.467161 0.365815 0.040254 0.057508
0 0.105932 0.367412 0.059322 0.057508
0 0.136123 0.430511 0.041314 0.055911
0 0.232521 0.302716 0.039195 0.055911
0 0.221398 0.500000 0.040254 0.067093
0 0.422140 0.365815 0.039195 0.057508
0 0.092161 0.503195 0.040254 0.067093
0 0.534428 0.429712 0.041314 0.057508
0 0.490466 0.429712 0.040254 0.057508
0 0.093750 0.430511 0.041314 0.055911
0 0.229343 0.241214 0.039195 0.054313
0 0.289725 0.366613 0.039195 0.055911
0 0.100636 0.305112 0.042373 0.054313
0 0.537076 0.503195 0.040254 0.067093
0 0.490466 0.238818 0.040254 0.052716
0 0.186970 0.242013 0.039195 0.052716
0 0.268008 0.431310 0.040254 0.057508
0 0.319915 0.303514 0.038136 0.054313
0 0.224047 0.431310 0.039195 0.057508
0 0.576801 0.239617 0.039195 0.054313
0 0.644068 0.365815 0.040254 0.057508
0 0.626589 0.301917 0.039195 0.054313
0 0.246292 0.367412 0.039195 0.057508
0 0.533369 0.238818 0.039195 0.052716
0 0.359110 0.239617 0.038136 0.054313
