0 0.583786 0.433544 0.044098 0.053345
0 0.184871 0.375678 0.044098 0.051537
0 0.394844 0.433996 0.044776 0.054250
0 0.278155 0.377034 0.043419 0.052441
0 0.125509 0.264467 0.042062 0.047920
0 0.536635 0.496835 0.044776 0.062387
0 0.402985 0.320072 0.042062 0.050633
0 0.558005 0.376130 0.042741 0.052441
0 0.348033 0.434448 0.043419 0.053345
0 0.535617 0.264919 0.042741 0.048825
0 0.442334 0.434448 0.044776 0.053345
0 0.536974 0.434448 0.044098 0.053345
0 0.697761 0.375226 0.044098 0.050633
0 0.217775 0.264919 0.043419 0.048825
0 0.105834 0.494123 0.047490 0.062387
0 0.489484 0.433996 0.044098 0.054250
0 0.489824 0.264919 0.042062 0.048825
0 0.371099 0.376130 0.043419 0.050633
0 0.584464 0.496383 0.045455 0.063291
0 0.399254 0.265371 0.041384 0.047920
0 0.417910 0.376582 0.043419 0.051537
0 0.541045 0.320072 0.042741 0.050633
0 0.495251 0.320072 0.042062 0.050633
0 0.444708 0.264919 0.041384 0.048825
0 0.511533 0.376130 0.043419 0.052441
0 0.393148 0.496383 0.236771 0.061483
0 0.126866 0.375678 0.066486 0.051537
0 0.507463 0.370705 0.868385 0.359855
0 0.633311 0.320072 0.042741 0.050633
0 0.206581 0.433544 0.044098 0.053345
0 0.679104 0.319168 0.042062 0.050633
0 0.300543 0.433544 0.044776 0.053345
0 0.171642 0.264919 0.042062 0.048825
0 0.253392 0.433544 0.044098 0.053345
0 0.713365 0.432640 0.102442 0.055154
0 0.449457 0.320524 0.042741 0.049729
0 0.672320 0.265371 0.042062 0.047920
0 0.231682 0.376130 0.044098 0.052441
0 0.218792 0.320072 0.042741 0.050633
0 0.311058 0.320524 0.042741 0.049729
0 0.111601 0.431736 0.046811 0.051537
0 0.464722 0.376130 0.043419 0.052441
0 0.123474 0.319168 0.048847 0.050633
0 0.732700 0.347649 0.055631 0.107595
0 0.353460 0.265371 0.042062 0.047920
0 0.172999 0.320072 0.043419 0.050633
0 0.651628 0.376130 0.044098 0.052441
0 0.264925 0.320072 0.042741 0.050633
0 0.357191 0.320072 0.041384 0.050633
0 0.633311 0.433544 0.050882 0.053345
0 0.587178 0.320072 0.042741 0.050633
0 0.262890 0.265371 0.042741 0.049729
0 0.580393 0.264919 0.042741 0.048825
0 0.725916 0.265371 0.056988 0.049729
0 0.626187 0.265371 0.042062 0.047920
0 0.324627 0.376582 0.042741 0.051537
0 0.603799 0.376130 0.043419 0.052441
0 0.248643 0.495479 0.045455 0.063291
0 0.158752 0.432188 0.046133 0.052441
0 0.308345 0.264919 0.041384 0.048825
