0 0.333437 0.371667 0.043125 0.056667
0 0.570625 0.372917 0.042500 0.055833
0 0.417500 0.498333 0.042500 0.055000
0 0.356563 0.307917 0.043125 0.055833
0 0.488125 0.435833 0.042500 0.055000
0 0.511563 0.498333 0.041875 0.055000
0 0.509375 0.561667 0.037500 0.055000
0 0.440937 0.435417 0.041875 0.055833
0 0.605625 0.497917 0.043750 0.054167
0 0.710000 0.403333 0.061250 0.121667
0 0.369375 0.562083 0.235000 0.057500
0 0.369688 0.498750 0.043125 0.054167
0 0.273438 0.498750 0.044375 0.055833
0 0.476250 0.372917 0.041250 0.055833
0 0.687187 0.497917 0.108125 0.055833
0 0.428750 0.373333 0.042500 0.056667
0 0.655625 0.371667 0.036250 0.056667
0 0.236563 0.371250 0.044375 0.055833
0 0.523125 0.373333 0.042500 0.056667
0 0.225625 0.498750 0.042500 0.055833
0 0.464375 0.499167 0.043750 0.055000
0 0.152812 0.434583 0.044375 0.055833
0 0.381563 0.372500 0.043125 0.056667
0 0.065000 0.305000 0.042500 0.055000
0 0.345313 0.435000 0.041875 0.055000
0 0.177813 0.498750 0.043125 0.055833
0 0.626250 0.435000 0.036250 0.055000
0 0.614688 0.372500 0.036875 0.056667
0 0.667188 0.435000 0.035625 0.055000
0 0.073125 0.498333 0.056250 0.055000
0 0.393437 0.434583 0.043125 0.054167
0 0.123125 0.562917 0.057500 0.055833
0 0.129062 0.497917 0.044375 0.055833
0 0.592812 0.562083 0.038125 0.055833
0 0.321875 0.498333 0.042500 0.055000
0 0.200937 0.435417 0.044375 0.055833
0 0.308750 0.307500 0.043750 0.055000
0 0.077813 0.370417 0.068125 0.055833
0 0.114062 0.305417 0.043125 0.055833
0 0.499688 0.309583 0.043125 0.055833
0 0.260313 0.306667 0.043125 0.055000
0 0.139063 0.370417 0.045625 0.057500
0 0.594375 0.309167 0.042500 0.055000
0 0.535000 0.435833 0.041250 0.055000
0 0.558750 0.497917 0.042500 0.054167
0 0.225625 0.562083 0.043750 0.055833
0 0.284687 0.371667 0.044375 0.056667
0 0.405313 0.308750 0.041875 0.055833
0 0.642188 0.308333 0.041875 0.055000
0 0.582187 0.436250 0.043125 0.055833
0 0.085312 0.434583 0.081875 0.055833
0 0.248750 0.435417 0.043750 0.055833
0 0.488750 0.445000 0.897500 0.446667
0 0.188125 0.370833 0.043750 0.056667
0 0.162500 0.306250 0.043750 0.055833
0 0.297500 0.434583 0.043750 0.055833
0 0.451875 0.309583 0.042500 0.055833
0 0.211562 0.306667 0.044375 0.056667
0 0.705625 0.308333 0.071250 0.056667
0 0.546562 0.309583 0.043125 0.055833
