0 0.035000 0.361702 0.050000 0.074468
0 0.205556 0.113475 0.048889 0.074468
0 0.423333 0.195035 0.046667 0.074468
0 0.087778 0.360816 0.051111 0.076241
0 0.386667 0.277482 0.046667 0.072695
0 0.523889 0.456560 0.050000 0.086879
0 0.209444 0.194149 0.047778 0.072695
0 0.098889 0.112589 0.046667 0.072695
0 0.715000 0.278369 0.050000 0.074468
0 0.155556 0.193262 0.046667 0.074468
0 0.360556 0.363475 0.047778 0.074468
0 0.252222 0.363475 0.048889 0.074468
0 0.578333 0.113475 0.047778 0.074468
0 0.117222 0.277482 0.047778 0.072695
0 0.417778 0.112589 0.046667 0.072695
0 0.638889 0.195035 0.046667 0.074468
0 0.262778 0.195035 0.047778 0.070922
0 0.364444 0.112589 0.046667 0.072695
0 0.658333 0.280142 0.047778 0.074468
0 0.631667 0.112589 0.047778 0.072695
0 0.152778 0.111702 0.047778 0.074468
0 0.046111 0.110816 0.045556 0.072695
0 0.030556 0.452128 0.050000 0.088652
0 0.686111 0.112589 0.045556 0.072695
0 0.756667 0.239362 0.062222 0.159574
0 0.316111 0.195035 0.045556 0.070922
0 0.470000 0.365248 0.048889 0.074468
0 0.694444 0.195035 0.048889 0.074468
0 0.257778 0.112589 0.046667 0.072695
0 0.360000 0.455674 0.271111 0.088652
0 0.548889 0.280142 0.046667 0.074468
0 0.495556 0.279255 0.046667 0.072695
0 0.279444 0.278369 0.045556 0.070922
0 0.225556 0.278369 0.046667 0.074468
0 0.530000 0.195922 0.046667 0.072695
0 0.751667 0.112589 0.067778 0.072695
0 0.525000 0.365248 0.047778 0.074468
0 0.499444 0.270390 0.985556 0.508865
0 0.441111 0.279255 0.046667 0.072695
0 0.585000 0.195922 0.047778 0.072695
0 0.636667 0.364362 0.055556 0.072695
0 0.523889 0.112589 0.047778 0.076241
0 0.307222 0.363475 0.047778 0.074468
0 0.603889 0.279255 0.047778 0.076241
0 0.333333 0.278369 0.046667 0.074468
0 0.311111 0.112589 0.046667 0.072695
0 0.197778 0.363475 0.046667 0.074468
0 0.102778 0.194149 0.047778 0.072695
0 0.580000 0.457447 0.048889 0.088652
0 0.415000 0.365248 0.047778 0.074468
0 0.731667 0.363475 0.121111 0.074468
0 0.579444 0.365248 0.047778 0.074468
0 0.369444 0.195922 0.045556 0.072695
0 0.143889 0.363475 0.047778 0.074468
0 0.194444 0.453901 0.048889 0.085106
0 0.470556 0.113475 0.047778 0.074468
0 0.477222 0.195035 0.045556 0.070922
0 0.050556 0.277482 0.072222 0.076241
0 0.171667 0.277482 0.047778 0.072695
0 0.045556 0.193262 0.053333 0.074468
