0 0.657100 0.212687 0.049849 0.072139
0 0.631042 0.379975 0.052115 0.075871
0 0.688066 0.378731 0.052870 0.073383
0 0.550982 0.557836 0.053625 0.090796
0 0.264728 0.465796 0.052115 0.075871
0 0.274169 0.296020 0.049849 0.074627
0 0.490937 0.212687 0.051360 0.074627
0 0.574396 0.379975 0.050604 0.075871
0 0.292296 0.380597 0.051360 0.074627
0 0.518505 0.379975 0.050604 0.075871
0 0.013973 0.463308 0.026435 0.075871
0 0.236027 0.379975 0.050604 0.075871
0 0.378776 0.466418 0.052115 0.077114
0 0.704683 0.461443 0.120846 0.077114
0 0.442598 0.296642 0.049849 0.073383
0 0.213369 0.212687 0.049094 0.072139
0 0.492825 0.558458 0.052115 0.089552
0 0.722810 0.212065 0.069486 0.073383
0 0.386707 0.296642 0.051360 0.075871
0 0.207326 0.465174 0.052115 0.077114
0 0.012840 0.213308 0.024169 0.070896
0 0.106495 0.296020 0.049849 0.074627
0 0.051360 0.296642 0.051360 0.073383
0 0.037387 0.463308 0.053625 0.075871
0 0.150680 0.465174 0.052115 0.077114
0 0.665785 0.296020 0.050604 0.074627
0 0.147659 0.557214 0.053625 0.089552
0 0.014728 0.295398 0.027946 0.073383
0 0.348943 0.380597 0.051360 0.074627
0 0.162387 0.296642 0.051360 0.075871
0 0.179381 0.381219 0.050604 0.075871
0 0.554758 0.296020 0.050604 0.074627
0 0.492825 0.466418 0.052115 0.077114
0 0.498112 0.296642 0.050604 0.075871
0 0.601586 0.212687 0.050604 0.072139
0 0.047961 0.213930 0.049094 0.072139
0 0.094411 0.465174 0.051360 0.077114
0 0.546828 0.212687 0.051360 0.074627
0 0.435045 0.213308 0.049849 0.073383
0 0.103097 0.213308 0.052115 0.073383
0 0.487160 0.369403 0.972810 0.524876
0 0.321752 0.466418 0.052870 0.077114
0 0.435801 0.466418 0.052870 0.077114
0 0.330438 0.297264 0.050604 0.074627
0 0.158610 0.214552 0.051360 0.073383
0 0.549471 0.465796 0.052115 0.075871
0 0.729230 0.338308 0.062689 0.159204
0 0.013973 0.554104 0.026435 0.090796
0 0.218278 0.296642 0.051360 0.073383
0 0.609139 0.465796 0.059668 0.075871
0 0.405589 0.379975 0.051360 0.075871
0 0.609894 0.296642 0.050604 0.075871
0 0.324396 0.213308 0.050604 0.073383
0 0.020015 0.379353 0.038520 0.074627
0 0.122356 0.379975 0.051360 0.075871
0 0.066843 0.379353 0.050604 0.074627
0 0.320997 0.558458 0.282477 0.092040
0 0.268882 0.213308 0.049849 0.070896
0 0.462236 0.379975 0.051360 0.075871
0 0.380665 0.212687 0.049849 0.074627
