0 0.417109 0.379417 0.046419 0.057420
0 0.495027 0.443905 0.048408 0.059187
0 0.178050 0.444346 0.065650 0.058304
0 0.653183 0.316696 0.046419 0.057420
0 0.728448 0.253975 0.045756 0.053887
0 0.468501 0.379417 0.047082 0.057420
0 0.754310 0.317138 0.047082 0.056537
0 0.429045 0.254417 0.046419 0.054770
0 0.700928 0.444346 0.047745 0.058304
0 0.179377 0.255742 0.045756 0.053887
0 0.451592 0.316254 0.046419 0.056537
0 0.629310 0.254417 0.046419 0.054770
0 0.300066 0.316254 0.045756 0.056537
0 0.401194 0.316696 0.046419 0.055654
0 0.340517 0.444788 0.047082 0.059187
0 0.338196 0.515018 0.049072 0.068905
0 0.552387 0.316696 0.046419 0.057420
0 0.622347 0.379417 0.047082 0.057420
0 0.862732 0.348940 0.061008 0.120141
0 0.264589 0.380300 0.046419 0.057420
0 0.229443 0.255742 0.045093 0.055654
0 0.578912 0.254417 0.045093 0.054770
0 0.603780 0.316254 0.045756 0.056537
0 0.650862 0.514134 0.048408 0.068905
0 0.703249 0.514134 0.048408 0.068905
0 0.672745 0.379417 0.045756 0.057420
0 0.570623 0.379417 0.045756 0.057420
0 0.391910 0.444788 0.047745 0.059187
0 0.192971 0.380300 0.088859 0.057420
0 0.479111 0.254417 0.045756 0.054770
0 0.803714 0.316254 0.046419 0.056537
0 0.774204 0.379859 0.047082 0.058304
0 0.379310 0.254417 0.045093 0.054770
0 0.754973 0.444346 0.055040 0.058304
0 0.679045 0.254417 0.046419 0.054770
0 0.723475 0.379859 0.046419 0.058304
0 0.546751 0.444346 0.047082 0.058304
0 0.329244 0.254859 0.047082 0.055654
0 0.778846 0.254859 0.045756 0.053887
0 0.519562 0.379417 0.047082 0.057420
0 0.315650 0.380300 0.046419 0.057420
0 0.842507 0.443021 0.110743 0.059187
0 0.529841 0.253975 0.045093 0.055654
0 0.598143 0.444788 0.047745 0.059187
0 0.174403 0.514576 0.067639 0.069788
0 0.366711 0.380300 0.046419 0.057420
0 0.525862 0.374117 0.779841 0.393110
0 0.495027 0.514134 0.255305 0.070671
0 0.649867 0.443905 0.047745 0.059187
0 0.249668 0.317138 0.047082 0.056537
0 0.846154 0.254859 0.080902 0.055654
0 0.279509 0.254417 0.047082 0.054770
0 0.824602 0.379417 0.047082 0.055654
0 0.443634 0.443905 0.047745 0.059187
0 0.289456 0.444788 0.047082 0.059187
0 0.502653 0.316254 0.046419 0.056537
0 0.187003 0.316696 0.068966 0.055654
0 0.237069 0.443905 0.049735 0.059187
0 0.350133 0.316696 0.046419 0.057420
0 0.704244 0.317138 0.046419 0.056537
