0 0.330417 0.382287 0.030833 0.056054
0 0.311250 0.238789 0.027500 0.056054
0 0.112500 0.308296 0.048333 0.056054
0 0.368333 0.165919 0.026667 0.058296
0 0.494583 0.238789 0.027500 0.056054
0 0.621667 0.480942 0.058333 0.100897
0 0.347083 0.238789 0.027500 0.056054
0 0.193750 0.460762 0.045833 0.065022
0 0.331667 0.165919 0.026667 0.062780
0 0.427917 0.312780 0.029167 0.056054
0 0.253750 0.381166 0.032500 0.053812
0 0.368333 0.386771 0.030000 0.056054
0 0.122083 0.237668 0.049167 0.062780
0 0.512917 0.167040 0.025833 0.060538
0 0.330417 0.466368 0.222500 0.071749
0 0.140833 0.380045 0.033333 0.056054
0 0.445417 0.385650 0.029167 0.053812
0 0.615417 0.278027 0.049167 0.134529
0 0.579167 0.316143 0.028333 0.058296
0 0.092500 0.459641 0.056667 0.067265
0 0.202500 0.235426 0.030000 0.058296
0 0.531250 0.241031 0.027500 0.056054
0 0.465417 0.313901 0.027500 0.058296
0 0.154583 0.163677 0.029167 0.058296
0 0.190000 0.163677 0.026667 0.058296
0 0.602083 0.170404 0.062500 0.058296
0 0.420833 0.238789 0.026667 0.056054
0 0.240417 0.310538 0.029167 0.060538
0 0.548750 0.167040 0.025833 0.060538
0 0.457917 0.239910 0.027500 0.058296
0 0.476250 0.168161 0.025833 0.058296
0 0.485000 0.385650 0.028333 0.053812
0 0.503333 0.313901 0.028333 0.058296
0 0.238333 0.237668 0.030000 0.058296
0 0.314583 0.311659 0.029167 0.058296
0 0.177917 0.380045 0.032500 0.056054
0 0.202917 0.309417 0.029167 0.058296
0 0.119583 0.160314 0.025833 0.056054
0 0.275417 0.237668 0.029167 0.058296
0 0.277917 0.308296 0.029167 0.056054
0 0.383750 0.238789 0.027500 0.056054
0 0.215417 0.380045 0.032500 0.056054
0 0.295833 0.167040 0.026667 0.060538
0 0.260000 0.164798 0.028333 0.060538
0 0.389167 0.310538 0.028333 0.056054
0 0.166667 0.238789 0.031667 0.060538
0 0.440000 0.169283 0.026667 0.060538
0 0.468333 0.478700 0.046667 0.096413
0 0.542083 0.313901 0.029167 0.058296
0 0.166667 0.308296 0.030000 0.060538
0 0.522917 0.385650 0.029167 0.053812
0 0.508750 0.292601 0.917500 0.531390
0 0.404583 0.168161 0.025833 0.058296
0 0.567500 0.241031 0.026667 0.056054
0 0.352917 0.312780 0.029167 0.056054
0 0.098333 0.380045 0.043333 0.056054
0 0.595417 0.385650 0.097500 0.053812
0 0.406250 0.384529 0.030833 0.056054
0 0.291667 0.381166 0.031667 0.053812
0 0.225000 0.165919 0.028333 0.058296
