0 0.698219 0.299649 0.045515 0.052724
0 0.380277 0.359402 0.044195 0.054482
0 0.257586 0.549209 0.061346 0.057996
0 0.577177 0.360721 0.043536 0.055360
0 0.331464 0.358524 0.044195 0.054482
0 0.553100 0.298330 0.042876 0.051845
0 0.768799 0.362478 0.034960 0.053603
0 0.266161 0.484622 0.045515 0.055360
0 0.281662 0.358524 0.046174 0.054482
0 0.738127 0.424868 0.044855 0.055360
0 0.844657 0.487698 0.106201 0.054482
0 0.503628 0.298330 0.044195 0.053603
0 0.221306 0.357645 0.067942 0.054482
0 0.391491 0.422232 0.044195 0.055360
0 0.465699 0.486819 0.044855 0.054482
0 0.292546 0.420914 0.044195 0.054482
0 0.626649 0.361160 0.043536 0.054482
0 0.490435 0.422232 0.044195 0.053603
0 0.316293 0.485501 0.044195 0.055360
0 0.516161 0.553163 0.246042 0.058875
0 0.863127 0.393673 0.062665 0.119508
0 0.664578 0.488576 0.044195 0.056239
0 0.747032 0.300088 0.042876 0.051845
0 0.341689 0.422232 0.044855 0.055360
0 0.564974 0.487698 0.045515 0.056239
0 0.440963 0.422671 0.044195 0.054482
0 0.688984 0.423989 0.044195 0.055360
0 0.823219 0.423989 0.035620 0.053603
0 0.540237 0.422232 0.044855 0.051845
0 0.714050 0.488137 0.045515 0.055360
0 0.365435 0.485940 0.044855 0.056239
0 0.364116 0.551406 0.046174 0.057118
0 0.723945 0.362478 0.044195 0.055360
0 0.406003 0.297012 0.042876 0.052724
0 0.614776 0.488576 0.046174 0.056239
0 0.307388 0.296134 0.043536 0.050967
0 0.415237 0.486380 0.045515 0.055360
0 0.807718 0.362478 0.034960 0.053603
0 0.763522 0.488576 0.045515 0.054482
0 0.747032 0.553163 0.038918 0.057118
0 0.209433 0.484183 0.058707 0.054482
0 0.782652 0.424429 0.034960 0.054482
0 0.224604 0.420475 0.082454 0.055360
0 0.795844 0.300967 0.042876 0.051845
0 0.429749 0.359842 0.044195 0.055360
0 0.478892 0.359842 0.043536 0.053603
0 0.211082 0.295255 0.042216 0.050967
0 0.649736 0.299209 0.044855 0.053603
0 0.675462 0.361599 0.044855 0.055360
0 0.356530 0.297012 0.044195 0.052724
0 0.454485 0.297891 0.043536 0.052724
0 0.601583 0.298770 0.043536 0.050967
0 0.639512 0.423989 0.045515 0.055360
0 0.528364 0.360281 0.043536 0.054482
0 0.856530 0.300967 0.069261 0.051845
0 0.514512 0.487258 0.046174 0.055360
0 0.535620 0.422671 0.740106 0.402460
0 0.589380 0.423111 0.044195 0.053603
0 0.259565 0.295694 0.042876 0.051845
0 0.662269 0.553603 0.038259 0.057996
