0 0.422500 0.493750 0.036250 0.045833
0 0.285000 0.602917 0.038750 0.049167
0 0.281875 0.442500 0.036250 0.045000
0 0.502500 0.493750 0.036250 0.047500
0 0.158750 0.604167 0.037500 0.050000
0 0.431250 0.546667 0.037500 0.048333
0 0.490938 0.546250 0.935625 0.424167
0 0.119688 0.442917 0.035625 0.045833
0 0.116875 0.603750 0.038750 0.050833
0 0.341250 0.495000 0.036250 0.046667
0 0.632812 0.519167 0.059375 0.101667
0 0.196875 0.659583 0.038750 0.050833
0 0.241563 0.442083 0.035625 0.045833
0 0.532500 0.600000 0.037500 0.050000
0 0.063750 0.660833 0.050000 0.051667
0 0.621250 0.440417 0.077500 0.045833
0 0.363125 0.441667 0.036250 0.046667
0 0.200625 0.603750 0.038750 0.049167
0 0.068437 0.604583 0.048125 0.049167
0 0.224375 0.548750 0.037500 0.049167
0 0.078125 0.442083 0.036250 0.044167
0 0.201250 0.442500 0.037500 0.046667
0 0.592812 0.545417 0.036875 0.047500
0 0.451250 0.601250 0.037500 0.049167
0 0.512188 0.546250 0.036875 0.047500
0 0.135313 0.495833 0.038125 0.048333
0 0.409687 0.601667 0.038125 0.050000
0 0.348750 0.547917 0.037500 0.047500
0 0.552500 0.546250 0.037500 0.049167
0 0.381563 0.494167 0.036875 0.046667
0 0.300000 0.495000 0.036250 0.046667
0 0.217812 0.495000 0.038125 0.048333
0 0.368437 0.602083 0.038125 0.049167
0 0.334375 0.658750 0.230000 0.052500
0 0.471875 0.546250 0.036250 0.047500
0 0.542188 0.493750 0.036875 0.047500
0 0.403125 0.442083 0.036250 0.045833
0 0.462500 0.493333 0.036250 0.046667
0 0.258750 0.495000 0.037500 0.046667
0 0.242500 0.602917 0.038750 0.049167
0 0.585625 0.655833 0.061250 0.051667
0 0.443437 0.442083 0.036875 0.045833
0 0.521563 0.441250 0.035625 0.045833
0 0.581562 0.492500 0.036875 0.046667
0 0.160312 0.442083 0.036875 0.045833
0 0.610000 0.598750 0.111250 0.049167
0 0.475625 0.655833 0.050000 0.051667
0 0.560937 0.440833 0.035625 0.045000
0 0.390313 0.546667 0.036875 0.048333
0 0.084687 0.548750 0.069375 0.047500
0 0.307500 0.547917 0.037500 0.047500
0 0.083437 0.495000 0.058125 0.046667
0 0.176563 0.494583 0.036875 0.047500
0 0.482187 0.441667 0.036875 0.046667
0 0.183125 0.548750 0.037500 0.049167
0 0.140937 0.548750 0.036875 0.047500
0 0.492188 0.600417 0.038125 0.049167
0 0.326562 0.602500 0.038125 0.050000
0 0.322500 0.442500 0.036250 0.045000
0 0.266250 0.547917 0.037500 0.047500
