0 0.454482 0.634346 0.365546 0.128505
0 0.453081 0.502336 0.063025 0.102804
0 0.344538 0.384346 0.064426 0.100467
0 0.416667 0.385514 0.063025 0.102804
0 0.915966 0.386682 0.053221 0.105140
0 0.178571 0.264019 0.063025 0.102804
0 0.434874 0.147196 0.065826 0.102804
0 0.561625 0.384346 0.064426 0.100467
0 0.326331 0.266355 0.064426 0.102804
0 0.804622 0.147196 0.065826 0.102804
0 0.142157 0.147196 0.065826 0.102804
0 0.878151 0.147196 0.064426 0.102804
0 0.796218 0.637850 0.054622 0.126168
0 0.748599 0.505841 0.065826 0.105140
0 0.471989 0.266355 0.064426 0.102804
0 0.822129 0.507009 0.067227 0.107477
0 0.501401 0.372664 1.000000 0.740654
0 0.785014 0.387850 0.065826 0.107477
0 0.042717 0.386682 0.082633 0.105140
0 0.636555 0.385514 0.065826 0.102804
0 0.897059 0.268692 0.054622 0.107477
0 0.617647 0.264019 0.064426 0.102804
0 0.669468 0.637850 0.056022 0.126168
0 0.598739 0.505841 0.065826 0.105140
0 0.672969 0.505841 0.065826 0.105140
0 0.399160 0.265187 0.064426 0.100467
0 0.488095 0.386682 0.065826 0.100467
0 0.197479 0.385514 0.064426 0.102804
0 0.308123 0.504673 0.064426 0.102804
0 0.525210 0.502336 0.064426 0.102804
0 0.033613 0.267523 0.064426 0.105140
0 0.932073 0.505841 0.138655 0.109813
0 0.252801 0.266355 0.065826 0.102804
0 0.289216 0.146028 0.063025 0.100467
0 0.089636 0.502336 0.064426 0.102804
0 0.961485 0.149533 0.079832 0.107477
0 0.380252 0.502336 0.063025 0.098131
0 0.024510 0.502336 0.046218 0.102804
0 0.071429 0.147196 0.061625 0.102804
0 0.507703 0.147196 0.063025 0.102804
0 0.729692 0.147196 0.067227 0.102804
0 0.691176 0.265187 0.068627 0.105140
0 0.161765 0.504673 0.063025 0.102804
0 0.835434 0.268692 0.054622 0.107477
0 0.016807 0.146028 0.030812 0.100467
0 0.234594 0.504673 0.063025 0.102804
0 0.361345 0.147196 0.064426 0.102804
0 0.271008 0.386682 0.063025 0.100467
0 0.078431 0.633178 0.086835 0.121495
0 0.106443 0.266355 0.064426 0.102804
0 0.233193 0.634346 0.065826 0.123832
0 0.766807 0.267523 0.065826 0.105140
0 0.214986 0.147196 0.065826 0.098131
0 0.710784 0.386682 0.065826 0.105140
0 0.581232 0.147196 0.064426 0.102804
0 0.125350 0.383178 0.063025 0.102804
0 0.544118 0.266355 0.063025 0.102804
0 0.654762 0.147196 0.065826 0.102804
0 0.969188 0.328271 0.064426 0.231308
0 0.855742 0.389019 0.056022 0.105140
