0 0.177885 0.299534 0.081294 0.097902
0 0.518357 0.309441 0.075175 0.099068
0 0.485140 0.418415 0.143357 0.102564
0 0.020979 0.400350 0.040210 0.099068
0 0.241259 0.649767 0.087413 0.129371
0 0.263112 0.301865 0.080420 0.097902
0 0.365822 0.413753 0.081294 0.100233
0 0.498252 0.202797 0.115385 0.095571
0 0.280157 0.412005 0.081294 0.101399
0 0.310315 0.198135 0.078671 0.095571
0 0.021416 0.512821 0.041084 0.102564
0 0.193619 0.408508 0.079545 0.101399
0 0.107955 0.405594 0.081294 0.100233
0 0.144668 0.193473 0.079545 0.093240
0 0.406906 0.395688 0.812063 0.740093
0 0.025787 0.294872 0.049825 0.097902
0 0.228147 0.196387 0.080420 0.094406
0 0.138986 0.646853 0.111888 0.130536
0 0.460664 0.529138 0.188811 0.107226
0 0.046766 0.641026 0.091783 0.132867
0 0.093969 0.296037 0.079545 0.095571
0 0.031906 0.402681 0.062063 0.101399
0 0.146416 0.516900 0.083042 0.101399
0 0.435315 0.305944 0.078671 0.096737
0 0.020105 0.189977 0.038462 0.090909
0 0.319930 0.524476 0.082168 0.102564
0 0.394231 0.198718 0.076923 0.094406
0 0.060752 0.192308 0.079545 0.093240
0 0.233829 0.520396 0.083042 0.101399
0 0.348776 0.304779 0.080420 0.099068
0 0.057255 0.516317 0.084790 0.104895
0 0.018357 0.291375 0.034965 0.097902
