0 0.195622 0.163054 0.167676 0.043851
0 0.246696 0.046371 0.024229 0.035282
0 0.281388 0.014365 0.023128 0.027722
0 0.059196 0.018145 0.024780 0.035282
0 0.033040 0.088710 0.050661 0.039315
0 0.163409 0.122732 0.026156 0.038810
0 0.053827 0.127016 0.028910 0.041331
0 0.190666 0.122732 0.026156 0.038810
0 0.269824 0.120464 0.026982 0.039315
0 0.125275 0.086946 0.025330 0.038810
0 0.145650 0.049647 0.025330 0.035786
0 0.177726 0.086442 0.026156 0.037802
0 0.081498 0.126260 0.027533 0.039819
0 0.305204 0.014113 0.023954 0.027218
0 0.306580 0.080645 0.025055 0.036290
0 0.227698 0.102571 0.454846 0.204133
0 0.171256 0.049395 0.024229 0.036290
0 0.232792 0.014869 0.022852 0.028730
0 0.095127 0.051159 0.025606 0.037802
0 0.346228 0.042843 0.024504 0.035282
0 0.084664 0.017137 0.024504 0.033266
0 0.255231 0.082913 0.024229 0.037802
0 0.097742 0.086190 0.026982 0.039315
0 0.271476 0.046119 0.024229 0.034778
0 0.067731 0.052419 0.026982 0.037298
0 0.159416 0.016381 0.023128 0.031754
0 0.109719 0.016885 0.024504 0.032762
0 0.222054 0.047631 0.024504 0.034778
0 0.184196 0.016129 0.023128 0.031250
0 0.197825 0.048639 0.024504 0.034778
0 0.357104 0.078377 0.026432 0.036794
0 0.332186 0.080141 0.024504 0.038306
0 0.033728 0.051159 0.042126 0.036794
0 0.280975 0.081653 0.023954 0.036290
0 0.330121 0.014113 0.024229 0.027218
0 0.295980 0.118700 0.026982 0.037802
0 0.109444 0.125000 0.027258 0.040323
0 0.379681 0.057208 0.044053 0.077117
0 0.098155 0.166583 0.028910 0.043851
0 0.014042 0.170111 0.027533 0.045867
0 0.151432 0.085938 0.024780 0.037802
0 0.136564 0.123740 0.025881 0.037802
0 0.371145 0.115423 0.074339 0.041331
0 0.323376 0.118196 0.025606 0.037802
0 0.243254 0.120716 0.026156 0.039819
0 0.134912 0.016381 0.023678 0.031754
0 0.229075 0.083417 0.024229 0.037802
0 0.256883 0.014617 0.023128 0.028226
0 0.208700 0.015373 0.022577 0.029738
0 0.204020 0.084173 0.023678 0.036290
0 0.321311 0.044607 0.024780 0.034778
0 0.292126 0.157762 0.027533 0.043347
0 0.216960 0.122228 0.025330 0.038810
0 0.296806 0.045363 0.024229 0.034274
0 0.071311 0.087450 0.026432 0.038810
0 0.346090 0.156250 0.028634 0.043347
0 0.020787 0.128024 0.037720 0.041331
0 0.119906 0.050655 0.025606 0.037802
0 0.032489 0.018145 0.027533 0.035282
0 0.365501 0.013861 0.049284 0.026714
