0 0.904691 0.434840 0.102794 0.151596
0 0.160180 0.396277 0.062874 0.077128
0 0.252495 0.636968 0.063872 0.085106
0 0.667665 0.471410 0.057884 0.078457
0 0.675649 0.319814 0.057884 0.073138
0 0.134731 0.319814 0.059880 0.075798
0 0.709581 0.395612 0.057884 0.075798
0 0.466068 0.392952 0.057884 0.075798
0 0.733533 0.320479 0.057884 0.074468
0 0.195110 0.319814 0.058882 0.075798
0 0.588323 0.394282 0.056886 0.075798
0 0.878244 0.321144 0.115768 0.073138
0 0.320858 0.553191 0.064870 0.082447
0 0.441118 0.635638 0.305389 0.085106
0 0.849301 0.471410 0.061876 0.078457
0 0.555888 0.319814 0.055888 0.073138
0 0.607285 0.471410 0.060878 0.078457
0 0.375749 0.318484 0.058882 0.075798
0 0.194112 0.553856 0.062874 0.081117
0 0.056387 0.638298 0.070858 0.087766
0 0.766966 0.551862 0.062874 0.079787
0 0.282435 0.394282 0.059880 0.078457
0 0.648703 0.394282 0.059880 0.075798
0 0.130739 0.553856 0.065868 0.083777
0 0.628743 0.635638 0.063872 0.085106
0 0.481537 0.471410 0.060878 0.078457
0 0.418164 0.470745 0.057884 0.077128
0 0.434631 0.318484 0.058882 0.075798
0 0.789421 0.470745 0.059880 0.077128
0 0.578343 0.553191 0.062874 0.082447
0 0.356287 0.471410 0.059880 0.078457
0 0.254491 0.318484 0.059880 0.075798
0 0.500998 0.476064 0.958084 0.500000
0 0.496008 0.318484 0.057884 0.075798
0 0.449102 0.552527 0.063872 0.083777
0 0.513972 0.551862 0.059880 0.079787
0 0.790918 0.321144 0.054890 0.073138
0 0.293912 0.471410 0.060878 0.078457
0 0.221058 0.393617 0.058882 0.077128
0 0.757984 0.633644 0.064870 0.086436
0 0.616267 0.319149 0.058882 0.074468
0 0.826846 0.395612 0.058882 0.075798
0 0.079840 0.321144 0.045908 0.075798
0 0.089321 0.472074 0.094810 0.079787
0 0.231038 0.471410 0.062874 0.078457
0 0.404192 0.392952 0.057884 0.075798
0 0.343313 0.393617 0.059880 0.077128
0 0.640220 0.551197 0.060878 0.081117
0 0.257485 0.553191 0.063872 0.082447
0 0.169162 0.472074 0.060878 0.077128
0 0.543413 0.472074 0.056886 0.077128
0 0.314870 0.317819 0.058882 0.077128
0 0.880240 0.547872 0.171657 0.079787
0 0.527445 0.394282 0.058882 0.075798
0 0.385729 0.553191 0.062874 0.082447
0 0.768962 0.396277 0.058882 0.074468
0 0.090818 0.393617 0.075848 0.077128
0 0.703593 0.551197 0.061876 0.078457
0 0.064870 0.554521 0.067864 0.082447
0 0.729541 0.471410 0.057884 0.078457
