0 0.969555 0.420775 0.063232 0.102113
0 0.653981 0.315141 0.111241 0.095070
0 0.242389 0.449824 0.147541 0.125000
0 0.380562 0.294894 0.110070 0.096831
0 0.727752 0.525528 0.125293 0.117958
0 0.568501 0.241197 0.106557 0.084507
0 0.428571 0.506162 0.124122 0.121479
0 0.409251 0.647007 0.139344 0.139085
0 0.560890 0.345070 0.114754 0.098592
0 0.964286 0.218310 0.073770 0.084507
0 0.964286 0.314261 0.073770 0.093310
0 0.464871 0.373239 0.114754 0.102113
0 0.288056 0.558099 0.185012 0.151408
0 0.336651 0.839789 0.144028 0.186620
0 0.897541 0.340669 0.111241 0.096831
0 0.364169 0.407570 0.119438 0.110915
0 0.631148 0.436620 0.121780 0.112676
0 0.280445 0.324824 0.108899 0.100352
0 0.738876 0.191901 0.103044 0.080986
0 0.895785 0.149648 0.096019 0.077465
0 0.724824 0.401408 0.117096 0.105634
0 0.814403 0.371479 0.115925 0.102113
0 0.867681 0.584507 0.266979 0.285211
0 0.741803 0.286972 0.106557 0.091549
0 0.550351 0.492077 0.901639 0.980634
0 0.653981 0.217430 0.104215 0.082746
0 0.905152 0.235915 0.107728 0.084507
0 0.524005 0.602993 0.127635 0.125000
0 0.821429 0.486796 0.122951 0.110915
0 0.628220 0.563380 0.125293 0.119718
0 0.910422 0.452465 0.120609 0.109155
0 0.825527 0.261444 0.105386 0.086268
0 0.816159 0.167254 0.096019 0.077465
0 0.531030 0.470070 0.125293 0.116197
0 0.960187 0.132042 0.081967 0.077465
0 0.474824 0.267606 0.108899 0.091549
0 0.691452 0.692782 0.169789 0.174296
0 0.188525 0.356514 0.084309 0.096831
0 0.298595 0.689261 0.138173 0.149648
