0 0.919000 0.382883 0.098000 0.087087
0 0.627500 0.292793 0.095000 0.081081
0 0.276000 0.407658 0.126000 0.106607
0 0.394000 0.275526 0.094000 0.082583
0 0.690500 0.472222 0.107000 0.100601
0 0.554500 0.229730 0.091000 0.072072
0 0.435000 0.455706 0.106000 0.103604
0 0.418500 0.575826 0.119000 0.118619
0 0.963000 0.268769 0.072000 0.078078
0 0.548000 0.318318 0.098000 0.084084
0 0.907000 0.210210 0.092000 0.072072
0 0.906000 0.292042 0.090000 0.079580
0 0.466000 0.342342 0.098000 0.087087
0 0.315000 0.500000 0.158000 0.129129
0 0.356500 0.740240 0.123000 0.159159
0 0.971000 0.358108 0.056000 0.085586
0 0.835500 0.314565 0.095000 0.082583
0 0.380000 0.371622 0.102000 0.094595
0 0.608000 0.396396 0.104000 0.096096
0 0.308500 0.301051 0.093000 0.085586
0 0.700000 0.187688 0.088000 0.069069
0 0.834000 0.151652 0.082000 0.066066
0 0.688000 0.366366 0.100000 0.090090
0 0.764500 0.340841 0.099000 0.087087
0 0.844000 0.522523 0.296000 0.243243
0 0.702500 0.268769 0.091000 0.078078
0 0.575000 0.436186 0.842000 0.851351
0 0.627500 0.209459 0.089000 0.070571
0 0.842000 0.225225 0.092000 0.072072
0 0.516500 0.538288 0.109000 0.106607
0 0.770500 0.439189 0.105000 0.094595
0 0.605500 0.504505 0.107000 0.102102
0 0.846500 0.409910 0.103000 0.093093
0 0.774000 0.246997 0.090000 0.073574
0 0.766000 0.166667 0.082000 0.066066
0 0.522500 0.424925 0.107000 0.099099
0 0.963000 0.189189 0.070000 0.072072
0 0.895000 0.136637 0.082000 0.066066
0 0.958000 0.120120 0.076000 0.072072
0 0.474500 0.252252 0.093000 0.078078
0 0.659500 0.614865 0.145000 0.148649
0 0.230000 0.328078 0.072000 0.082583
0 0.324000 0.611862 0.118000 0.127628
