0 0.257246 0.506081 0.034161 0.041892
0 0.522257 0.420270 0.034161 0.040541
0 0.403209 0.508108 0.034161 0.043243
0 0.603520 0.555405 0.035197 0.040541
0 0.379400 0.418919 0.034161 0.040541
0 0.420807 0.553378 0.036232 0.041892
0 0.585921 0.510135 0.035197 0.041892
0 0.313665 0.602027 0.045549 0.050000
0 0.662008 0.556081 0.077640 0.041892
0 0.439959 0.508108 0.035197 0.043243
0 0.366977 0.507432 0.034161 0.041892
0 0.346791 0.552703 0.035197 0.043243
0 0.330228 0.507432 0.035197 0.041892
0 0.486542 0.420270 0.035197 0.040541
0 0.343168 0.418919 0.034161 0.040541
0 0.572981 0.604730 0.036232 0.050000
0 0.559524 0.421622 0.034161 0.040541
0 0.415631 0.420270 0.034161 0.040541
0 0.594720 0.421622 0.034161 0.040541
0 0.250000 0.461486 0.036232 0.041892
0 0.468427 0.464189 0.034161 0.041892
0 0.199793 0.551351 0.035197 0.040541
0 0.322464 0.462162 0.034161 0.043243
0 0.457557 0.554054 0.035197 0.043243
0 0.630952 0.422297 0.034161 0.041892
0 0.306418 0.417568 0.035197 0.040541
0 0.476708 0.509459 0.034161 0.043243
0 0.422878 0.603378 0.164596 0.050000
0 0.202899 0.416892 0.024845 0.039189
0 0.612319 0.465541 0.034161 0.041892
0 0.270186 0.417568 0.035197 0.040541
0 0.432195 0.464189 0.034161 0.041892
0 0.293478 0.506081 0.034161 0.041892
0 0.237060 0.550676 0.035197 0.041892
0 0.450311 0.420270 0.033126 0.040541
0 0.649586 0.465541 0.034161 0.041892
0 0.504658 0.464189 0.034161 0.041892
0 0.286232 0.461486 0.034161 0.041892
0 0.233954 0.416892 0.033126 0.041892
0 0.395445 0.462838 0.033126 0.041892
0 0.549172 0.510135 0.034161 0.041892
0 0.493789 0.502027 0.639752 0.279730
0 0.212215 0.506081 0.051760 0.041892
0 0.384058 0.553378 0.035197 0.041892
0 0.310559 0.552027 0.033126 0.041892
0 0.273810 0.552027 0.034161 0.041892
0 0.675466 0.423649 0.050725 0.041892
0 0.684783 0.466892 0.032091 0.041892
0 0.576605 0.465541 0.033126 0.041892
0 0.670807 0.510811 0.057971 0.043243
0 0.529503 0.604054 0.046584 0.051351
0 0.622153 0.510811 0.035197 0.043243
0 0.358696 0.462838 0.034161 0.041892
0 0.530538 0.554730 0.034161 0.041892
0 0.513458 0.509459 0.035197 0.043243
0 0.567288 0.554730 0.035197 0.041892
0 0.540373 0.465541 0.035197 0.041892
0 0.198758 0.600676 0.035197 0.050000
0 0.209110 0.461486 0.043478 0.041892
0 0.494306 0.554054 0.036232 0.043243
