0 0.532516 0.660806 0.062900 0.045455
0 0.815565 0.703688 0.066098 0.047170
0 0.787846 0.752144 0.070362 0.048027
0 0.336354 0.663808 0.065032 0.046312
0 0.213753 0.712264 0.067164 0.047170
0 0.791578 0.657376 0.065032 0.045455
0 0.748934 0.704545 0.065032 0.047170
0 0.181237 0.761578 0.053305 0.051458
0 0.652452 0.754288 0.068230 0.050600
0 0.688699 0.614494 0.061834 0.043739
0 0.378998 0.759005 0.069296 0.049743
0 0.320362 0.811750 0.071429 0.054031
0 0.718550 0.752573 0.068230 0.048885
0 0.280917 0.711835 0.067164 0.048027
0 0.500000 0.616638 0.061834 0.042882
0 0.944030 0.748285 0.114072 0.047170
0 0.550107 0.706690 0.063966 0.046312
0 0.129531 0.666381 0.082090 0.046312
0 0.584222 0.755575 0.066098 0.049743
0 0.416311 0.709262 0.062900 0.048027
0 0.436034 0.617496 0.061834 0.042882
0 0.466951 0.661664 0.061834 0.045455
0 0.856077 0.656947 0.066098 0.046312
0 0.515458 0.756432 0.067164 0.049743
0 0.912580 0.654803 0.051173 0.045455
0 0.270256 0.664666 0.065032 0.046312
0 0.372068 0.617925 0.061834 0.043739
0 0.616205 0.705832 0.063966 0.046312
0 0.708955 0.805317 0.070362 0.053173
0 0.349147 0.710549 0.065032 0.048885
0 0.179638 0.621355 0.062900 0.043739
0 0.204691 0.666381 0.068230 0.046312
0 0.682836 0.705403 0.065032 0.047170
0 0.954691 0.610635 0.092751 0.041166
0 0.751599 0.613636 0.061834 0.043739
0 0.482942 0.707976 0.063966 0.047170
0 0.596482 0.659949 0.062900 0.045455
0 0.814499 0.612779 0.063966 0.043739
0 0.122601 0.622213 0.051173 0.042024
0 0.624733 0.614923 0.061834 0.042882
0 0.127932 0.713551 0.104478 0.048027
0 0.100213 0.816467 0.095949 0.056604
0 0.527186 0.709262 0.947761 0.305317
0 0.447761 0.758148 0.066098 0.049743
0 0.881663 0.701973 0.066098 0.045455
0 0.244670 0.620497 0.065032 0.043739
0 0.515991 0.809605 0.317697 0.056604
0 0.853412 0.803602 0.086354 0.053173
0 0.855011 0.752144 0.070362 0.049743
0 0.401919 0.662950 0.066098 0.046312
0 0.939765 0.700686 0.052239 0.046312
0 0.876866 0.611921 0.060768 0.043739
0 0.308102 0.618782 0.063966 0.043739
0 0.109808 0.763293 0.089552 0.051458
0 0.725480 0.658233 0.065032 0.045455
0 0.562367 0.614923 0.060768 0.042882
0 0.969083 0.676244 0.063966 0.088336
0 0.310235 0.759863 0.066098 0.049743
0 0.660981 0.658662 0.063966 0.044597
0 0.241471 0.761578 0.067164 0.049743
