0 0.593605 0.338015 0.047674 0.065543
0 0.412791 0.266854 0.046512 0.065543
0 0.341279 0.415730 0.047674 0.071161
0 0.693605 0.579588 0.052326 0.088015
0 0.464535 0.265918 0.047674 0.063670
0 0.634884 0.490637 0.048837 0.071161
0 0.660465 0.413858 0.048837 0.071161
0 0.288953 0.416667 0.047674 0.069288
0 0.804651 0.338951 0.048837 0.067416
0 0.259302 0.493446 0.048837 0.069288
0 0.835465 0.267790 0.063953 0.067416
0 0.447093 0.414794 0.047674 0.069288
0 0.257558 0.267790 0.047674 0.063670
0 0.725000 0.264981 0.047674 0.065543
0 0.833140 0.414794 0.075581 0.069288
0 0.515698 0.264981 0.045349 0.065543
0 0.557558 0.406367 0.887209 0.471910
0 0.619767 0.264981 0.046512 0.065543
0 0.436047 0.338951 0.046512 0.067416
0 0.823837 0.493446 0.103488 0.073034
0 0.226744 0.340824 0.048837 0.067416
0 0.699419 0.338951 0.047674 0.067416
0 0.646512 0.338951 0.048837 0.067416
0 0.541279 0.338951 0.047674 0.067416
0 0.713953 0.414794 0.048837 0.069288
0 0.419186 0.492509 0.050000 0.071161
0 0.313372 0.580524 0.063953 0.086142
0 0.236047 0.416667 0.048837 0.069288
0 0.580814 0.491573 0.050000 0.073034
0 0.168023 0.342697 0.061628 0.067416
0 0.308721 0.266854 0.047674 0.065543
0 0.152326 0.495318 0.051163 0.069288
0 0.394767 0.414794 0.047674 0.069288
0 0.526744 0.492509 0.051163 0.071161
0 0.554070 0.413858 0.047674 0.071161
0 0.751744 0.338951 0.047674 0.067416
0 0.672674 0.264981 0.047674 0.065543
0 0.742442 0.492509 0.050000 0.071161
0 0.608140 0.414794 0.048837 0.069288
0 0.488372 0.338951 0.048837 0.067416
0 0.205233 0.493446 0.052326 0.069288
0 0.170930 0.418539 0.076744 0.069288
0 0.312791 0.492509 0.048837 0.071161
0 0.205814 0.267790 0.046512 0.063670
0 0.688953 0.491573 0.050000 0.069288
0 0.330814 0.340824 0.047674 0.067416
0 0.472674 0.579588 0.245349 0.088015
0 0.278488 0.340824 0.047674 0.067416
0 0.161047 0.269663 0.036047 0.063670
0 0.383140 0.339888 0.047674 0.065543
0 0.631395 0.577715 0.062791 0.088015
0 0.776744 0.264981 0.046512 0.065543
0 0.147674 0.580524 0.051163 0.086142
0 0.500581 0.414794 0.047674 0.069288
0 0.365698 0.492509 0.050000 0.071161
0 0.472674 0.491573 0.050000 0.069288
0 0.851163 0.340824 0.037209 0.067416
0 0.767442 0.414794 0.048837 0.069288
0 0.568023 0.264981 0.047674 0.065543
0 0.361628 0.266854 0.046512 0.065543
