0 0.536585 0.299591 0.046070 0.063395
0 0.287263 0.295501 0.046070 0.063395
0 0.336043 0.295501 0.046070 0.063395
0 0.159892 0.360941 0.048780 0.063395
0 0.308943 0.364008 0.048780 0.065440
0 0.436314 0.297546 0.046070 0.063395
0 0.636179 0.302658 0.047425 0.061350
0 0.602304 0.165644 0.047425 0.061350
0 0.355014 0.161554 0.046070 0.061350
0 0.701220 0.165644 0.044715 0.061350
0 0.486450 0.298569 0.046070 0.065440
0 0.509485 0.368098 0.048780 0.065440
0 0.228997 0.224949 0.046070 0.061350
0 0.359756 0.364008 0.047425 0.065440
0 0.452575 0.161554 0.046070 0.061350
0 0.686992 0.302658 0.046070 0.065440
0 0.263550 0.439673 0.063686 0.077710
0 0.775745 0.236196 0.044715 0.063395
0 0.117209 0.158487 0.033875 0.059305
0 0.725610 0.234151 0.047425 0.063395
0 0.256098 0.159509 0.046070 0.061350
0 0.376016 0.228016 0.044715 0.063395
0 0.618564 0.451943 0.047425 0.077710
0 0.326558 0.228016 0.046070 0.063395
0 0.552168 0.163599 0.047425 0.061350
0 0.651084 0.165644 0.047425 0.061350
0 0.502033 0.163599 0.047425 0.061350
0 0.625339 0.232106 0.047425 0.063395
0 0.125339 0.225971 0.058266 0.063395
0 0.559621 0.369121 0.046070 0.063395
0 0.525745 0.230061 0.046070 0.063395
0 0.411924 0.442740 0.224932 0.079755
0 0.575203 0.232106 0.047425 0.063395
0 0.459350 0.367076 0.048780 0.063395
0 0.404472 0.161554 0.047425 0.061350
0 0.237805 0.293456 0.047425 0.063395
0 0.675474 0.234151 0.047425 0.063395
0 0.207995 0.157464 0.047425 0.061350
0 0.386179 0.297546 0.046070 0.063395
0 0.179539 0.223926 0.047425 0.063395
0 0.475610 0.230061 0.046070 0.063395
0 0.306233 0.159509 0.046070 0.061350
0 0.127371 0.293456 0.070461 0.063395
0 0.754743 0.303681 0.081301 0.063395
0 0.426152 0.230061 0.047425 0.063395
0 0.277778 0.225971 0.046070 0.063395
0 0.108401 0.435583 0.048780 0.077710
0 0.260163 0.362986 0.046070 0.063395
0 0.409214 0.366053 0.048780 0.065440
0 0.762873 0.168712 0.070461 0.063395
0 0.659892 0.371166 0.048780 0.063395
0 0.585366 0.300613 0.046070 0.065440
0 0.741870 0.374233 0.107046 0.065440
0 0.189024 0.293456 0.047425 0.063395
0 0.111789 0.361963 0.047425 0.061350
0 0.610434 0.369121 0.047425 0.063395
0 0.516260 0.295501 0.878049 0.435583
0 0.210027 0.361963 0.046070 0.065440
0 0.159214 0.157464 0.044715 0.061350
0 0.558266 0.445808 0.062331 0.077710
