0 0.303750 0.632083 0.030000 0.040833
0 0.184062 0.545833 0.030625 0.038333
0 0.215000 0.678750 0.031250 0.040833
0 0.463750 0.587083 0.030000 0.039167
0 0.350313 0.545000 0.029375 0.038333
0 0.180938 0.678750 0.031875 0.042500
0 0.154375 0.633333 0.057500 0.041667
0 0.430937 0.587083 0.029375 0.039167
0 0.297812 0.588333 0.030625 0.040000
0 0.505000 0.631250 0.030000 0.040833
0 0.139687 0.725833 0.051875 0.045000
0 0.538438 0.630833 0.029375 0.041667
0 0.150938 0.545833 0.030625 0.036667
0 0.512813 0.545000 0.029375 0.038333
0 0.529375 0.587083 0.028750 0.039167
0 0.235937 0.633333 0.030625 0.041667
0 0.201875 0.633333 0.031250 0.041667
0 0.386875 0.676667 0.031250 0.041667
0 0.562813 0.587083 0.029375 0.039167
0 0.140625 0.679167 0.041250 0.041667
0 0.601562 0.610833 0.043125 0.088333
0 0.197187 0.588750 0.031875 0.040833
0 0.521563 0.675833 0.030625 0.040000
0 0.155000 0.589167 0.048750 0.040000
0 0.369063 0.723750 0.210625 0.045833
0 0.488125 0.675833 0.030000 0.040000
0 0.415625 0.545417 0.030000 0.039167
0 0.448437 0.545000 0.029375 0.038333
0 0.471562 0.631250 0.029375 0.040833
0 0.249688 0.677917 0.030625 0.040833
0 0.371250 0.631667 0.030000 0.041667
0 0.250937 0.546250 0.030625 0.039167
0 0.283750 0.545833 0.030000 0.038333
0 0.602187 0.725000 0.046875 0.048333
0 0.330937 0.587917 0.029375 0.039167
0 0.581250 0.675417 0.080000 0.042500
0 0.284062 0.678333 0.031875 0.041667
0 0.480938 0.545000 0.029375 0.038333
0 0.364687 0.587917 0.029375 0.039167
0 0.352187 0.677083 0.031875 0.040833
0 0.495625 0.622500 0.786250 0.286667
0 0.217812 0.545833 0.030625 0.038333
0 0.191875 0.727500 0.045000 0.041667
0 0.590000 0.544583 0.052500 0.039167
0 0.571562 0.630417 0.030625 0.040833
0 0.383437 0.545417 0.029375 0.039167
0 0.398125 0.587500 0.030000 0.040000
0 0.438125 0.630833 0.030000 0.041667
0 0.420625 0.676667 0.031250 0.041667
0 0.317188 0.545417 0.030625 0.039167
0 0.318437 0.677500 0.030625 0.041667
0 0.269688 0.632500 0.030625 0.041667
0 0.496563 0.587083 0.028125 0.039167
0 0.230937 0.588333 0.029375 0.040000
0 0.405000 0.631250 0.028750 0.040833
0 0.547813 0.548333 0.028125 0.038333
0 0.337500 0.632083 0.031250 0.040833
0 0.454688 0.676250 0.029375 0.040833
0 0.264375 0.588333 0.031250 0.040000
0 0.503125 0.725833 0.047500 0.043333
