0 0.089443 0.653257 0.041056 0.057471
0 0.691349 0.651341 0.039589 0.057471
0 0.391496 0.721264 0.041056 0.059387
0 0.576246 0.936782 0.055718 0.057471
0 0.255865 0.654215 0.042522 0.059387
0 0.623167 0.794061 0.041056 0.059387
0 0.445748 0.722222 0.041056 0.057471
0 0.103372 0.866858 0.042522 0.059387
0 0.185484 0.794061 0.039589 0.055556
0 0.214076 0.865900 0.038123 0.057471
0 0.787390 0.936782 0.070381 0.057471
0 0.541056 0.863985 0.041056 0.061303
0 0.554985 0.722222 0.039589 0.057471
0 0.664223 0.722222 0.041056 0.061303
0 0.350440 0.793103 0.041056 0.057471
0 0.596041 0.863985 0.039589 0.057471
0 0.730938 0.794061 0.039589 0.059387
0 0.527859 0.652299 0.041056 0.059387
0 0.116569 0.722222 0.042522 0.061303
0 0.192815 0.937739 0.054252 0.059387
0 0.431818 0.864943 0.039589 0.059387
0 0.049120 0.937739 0.065982 0.059387
0 0.609971 0.722222 0.041056 0.057471
0 0.309384 0.653257 0.043988 0.057471
0 0.753666 0.864943 0.134897 0.059387
0 0.159091 0.865900 0.039589 0.057471
0 0.568182 0.793103 0.039589 0.057471
0 0.363636 0.653257 0.043988 0.061303
0 0.500733 0.722222 0.039589 0.057471
0 0.130499 0.793103 0.041056 0.057471
0 0.404692 0.794061 0.041056 0.059387
0 0.295455 0.794061 0.039589 0.055556
0 0.049853 0.795019 0.067449 0.057471
0 0.200147 0.655172 0.042522 0.061303
0 0.034457 0.652299 0.039589 0.059387
0 0.240469 0.793103 0.041056 0.057471
0 0.677419 0.793103 0.041056 0.057471
0 0.337243 0.722222 0.041056 0.057471
0 0.042522 0.867816 0.052786 0.057471
0 0.049120 0.722222 0.065982 0.057471
0 0.787390 0.758621 0.070381 0.134100
0 0.459677 0.794061 0.039589 0.059387
0 0.144428 0.654215 0.042522 0.059387
0 0.718475 0.722222 0.041056 0.061303
0 0.267595 0.864943 0.039589 0.059387
0 0.322581 0.864943 0.041056 0.059387
0 0.227273 0.723180 0.041056 0.059387
0 0.504399 0.753831 0.994135 0.488506
0 0.377566 0.863985 0.042522 0.061303
0 0.637097 0.652299 0.042522 0.059387
0 0.773460 0.652299 0.095308 0.055556
0 0.385630 0.936782 0.304985 0.061303
0 0.582111 0.653257 0.043988 0.057471
0 0.282991 0.722222 0.041056 0.057471
0 0.650293 0.863985 0.039589 0.057471
0 0.472874 0.654215 0.042522 0.059387
0 0.486070 0.863985 0.042522 0.061303
0 0.417155 0.653257 0.042522 0.057471
0 0.173021 0.723180 0.041056 0.059387
0 0.514663 0.793103 0.041056 0.061303
