0 0.363131 0.556069 0.042285 0.075198
0 0.546365 0.729551 0.064540 0.084433
0 0.456602 0.556069 0.042285 0.075198
0 0.672849 0.391161 0.077151 0.072559
0 0.236647 0.391161 0.040059 0.072559
0 0.212166 0.474274 0.041543 0.075198
0 0.166543 0.474274 0.040801 0.075198
0 0.573442 0.639182 0.041543 0.075198
0 0.409866 0.556728 0.042285 0.076517
0 0.445846 0.473615 0.041543 0.073879
0 0.683605 0.728892 0.064540 0.085752
0 0.098665 0.393140 0.040059 0.071240
0 0.120549 0.474274 0.042285 0.075198
0 0.491840 0.473615 0.041543 0.073879
0 0.269288 0.558047 0.041543 0.076517
0 0.291172 0.641161 0.042285 0.076517
0 0.643175 0.555409 0.043027 0.076517
0 0.190282 0.392480 0.040801 0.072559
0 0.550074 0.555409 0.040801 0.076517
0 0.258902 0.474934 0.041543 0.073879
0 0.469214 0.392480 0.042285 0.072559
0 0.561944 0.391161 0.042285 0.072559
0 0.339021 0.640501 0.043027 0.075198
0 0.316024 0.557388 0.041543 0.075198
0 0.386128 0.640501 0.042285 0.075198
0 0.125000 0.728892 0.066024 0.077836
0 0.051929 0.641161 0.051929 0.073879
0 0.151706 0.640501 0.040801 0.075198
0 0.515950 0.392480 0.042285 0.072559
0 0.145030 0.392480 0.040801 0.072559
0 0.423220 0.392480 0.042285 0.072559
0 0.066024 0.558707 0.075668 0.075198
0 0.222181 0.556728 0.040801 0.076517
0 0.479599 0.639182 0.042285 0.075198
0 0.503709 0.555409 0.041543 0.076517
0 0.376855 0.392480 0.041543 0.072559
0 0.055267 0.724934 0.063056 0.080475
0 0.631677 0.472296 0.042285 0.073879
0 0.607938 0.389182 0.040801 0.071240
0 0.175816 0.557388 0.040059 0.075198
0 0.585312 0.472955 0.041543 0.075198
0 0.352374 0.474274 0.041543 0.075198
0 0.364614 0.725594 0.288576 0.079156
0 0.432864 0.640501 0.043769 0.077836
0 0.526706 0.639182 0.041543 0.075198
0 0.063056 0.474934 0.063798 0.073879
0 0.053042 0.392480 0.039318 0.069921
0 0.399110 0.474274 0.041543 0.075198
0 0.330119 0.391821 0.041543 0.071240
0 0.129451 0.557388 0.040801 0.075198
0 0.282270 0.391161 0.040801 0.072559
0 0.197700 0.640501 0.040801 0.075198
0 0.684718 0.513852 0.054896 0.159631
0 0.538576 0.472955 0.041543 0.072559
0 0.305638 0.473615 0.041543 0.073879
0 0.506677 0.533641 0.988131 0.539578
0 0.244436 0.641161 0.042285 0.076517
0 0.596810 0.555409 0.042285 0.076517
0 0.656528 0.639842 0.114243 0.076517
0 0.105341 0.640501 0.041543 0.075198
