0 0.160414 0.567460 0.033635 0.076720
0 0.604140 0.556878 0.033635 0.076720
0 0.482536 0.652116 0.033635 0.076720
0 0.105433 0.571429 0.055627 0.079365
0 0.181759 0.477513 0.034929 0.076720
0 0.284605 0.744709 0.033635 0.076720
0 0.172704 0.657407 0.032342 0.076720
0 0.339586 0.563492 0.032342 0.074074
0 0.315653 0.474868 0.036223 0.076720
0 0.206339 0.566138 0.034929 0.079365
0 0.461837 0.739418 0.036223 0.076720
0 0.091203 0.478836 0.032342 0.074074
0 0.516171 0.560847 0.033635 0.074074
0 0.350582 0.653439 0.033635 0.074074
0 0.505821 0.738095 0.033635 0.074074
0 0.549806 0.738095 0.033635 0.074074
0 0.492885 0.470899 0.036223 0.079365
0 0.382924 0.560847 0.033635 0.074074
0 0.150065 0.748677 0.033635 0.079365
0 0.360931 0.473545 0.036223 0.079365
0 0.226391 0.476190 0.036223 0.079365
0 0.544631 0.829365 0.046572 0.076720
0 0.293661 0.563492 0.033635 0.074074
0 0.580854 0.468254 0.036223 0.079365
0 0.271669 0.473545 0.033635 0.074074
0 0.373868 0.743386 0.036223 0.079365
0 0.659767 0.644180 0.033635 0.076720
0 0.625485 0.462963 0.032342 0.074074
0 0.195343 0.747354 0.033635 0.076720
0 0.536223 0.470899 0.034929 0.079365
0 0.217335 0.657407 0.033635 0.076720
0 0.593144 0.735450 0.032342 0.074074
0 0.527167 0.649471 0.032342 0.076720
0 0.615136 0.645503 0.032342 0.074074
0 0.239974 0.746032 0.032342 0.074074
0 0.693402 0.462963 0.077620 0.074074
0 0.305951 0.654762 0.032342 0.076720
0 0.099612 0.751323 0.043984 0.074074
0 0.471539 0.559524 0.032342 0.071429
0 0.394567 0.652116 0.033635 0.076720
0 0.427555 0.562169 0.034929 0.076720
0 0.249677 0.566138 0.033635 0.074074
0 0.137128 0.477513 0.033635 0.076720
0 0.711514 0.825397 0.046572 0.079365
0 0.571151 0.649471 0.034929 0.076720
0 0.404916 0.473545 0.036223 0.079365
0 0.212160 0.837302 0.046572 0.076720
0 0.439845 0.652116 0.033635 0.076720
0 0.677878 0.734127 0.111255 0.076720
0 0.560155 0.558201 0.033635 0.074074
0 0.378396 0.833333 0.272962 0.084656
0 0.329237 0.743386 0.034929 0.079365
0 0.111902 0.662698 0.068564 0.082011
0 0.648124 0.556878 0.033635 0.076720
0 0.100259 0.841270 0.045278 0.079365
0 0.481242 0.611111 0.833118 0.624339
0 0.447607 0.472222 0.036223 0.082011
0 0.261320 0.657407 0.033635 0.076720
0 0.703752 0.599206 0.056921 0.166667
0 0.417853 0.742063 0.036223 0.076720
