0 0.867668 0.421384 0.060754 0.138365
0 0.297486 0.271226 0.058659 0.133648
0 0.548534 0.573113 0.059358 0.136792
0 0.582053 0.724057 0.062151 0.136792
0 0.481494 0.570755 0.060754 0.135220
0 0.782821 0.722484 0.060056 0.133648
0 0.034567 0.875000 0.067737 0.139937
0 0.633380 0.272013 0.061453 0.135220
0 0.767109 0.272013 0.060754 0.135220
0 0.213687 0.572327 0.060056 0.132075
0 0.414804 0.572327 0.060056 0.135220
0 0.733240 0.419025 0.060056 0.133648
0 0.816690 0.570755 0.060754 0.135220
0 0.231494 0.272013 0.060754 0.135220
0 0.833101 0.267296 0.058659 0.132075
0 0.180517 0.721698 0.059358 0.132075
0 0.515712 0.723270 0.060754 0.135220
0 0.532472 0.421384 0.060754 0.138365
0 0.130237 0.422170 0.062151 0.139937
0 0.038059 0.723270 0.074721 0.132075
0 0.935754 0.271226 0.127095 0.133648
0 0.196927 0.418239 0.060056 0.135220
0 0.331355 0.421384 0.060754 0.135220
0 0.448673 0.723270 0.062151 0.135220
0 0.381285 0.721698 0.061453 0.135220
0 0.750000 0.572327 0.060056 0.135220
0 0.700070 0.272013 0.060754 0.135220
0 0.687849 0.876572 0.074022 0.139937
0 0.598464 0.419025 0.060056 0.133648
0 0.094972 0.268082 0.058659 0.133648
0 0.952863 0.496855 0.092877 0.286164
0 0.759427 0.877358 0.064944 0.141509
0 0.500698 0.510220 1.000000 0.966981
0 0.364874 0.270440 0.060754 0.135220
0 0.281425 0.572327 0.061453 0.135220
0 0.716830 0.722484 0.060754 0.133648
0 0.431913 0.271226 0.060754 0.133648
0 0.799581 0.419811 0.060056 0.135220
0 0.028980 0.268868 0.056564 0.132075
0 0.046439 0.421384 0.091480 0.135220
0 0.247556 0.721698 0.059358 0.132075
0 0.054120 0.573899 0.106844 0.132075
0 0.499651 0.272013 0.060754 0.135220
0 0.883729 0.570755 0.059358 0.138365
0 0.567039 0.272013 0.061453 0.135220
0 0.348115 0.572327 0.059358 0.135220
0 0.908170 0.722484 0.179469 0.136792
0 0.171439 0.878145 0.064944 0.139937
0 0.263966 0.423742 0.062849 0.139937
0 0.163757 0.270440 0.060754 0.135220
0 0.665503 0.420597 0.060056 0.136792
0 0.649092 0.723270 0.060754 0.135220
0 0.615573 0.571541 0.059358 0.136792
0 0.397696 0.419025 0.059358 0.133648
0 0.466131 0.875786 0.369413 0.141509
0 0.113128 0.722484 0.061453 0.136792
0 0.146299 0.570755 0.059358 0.135220
0 0.465084 0.420597 0.061453 0.136792
0 0.682263 0.572327 0.060056 0.135220
0 0.314246 0.724057 0.061453 0.136792
