0 0.211756 0.375917 0.032578 0.062347
0 0.427762 0.375306 0.033994 0.061125
0 0.363669 0.449878 0.033286 0.058680
0 0.500708 0.485941 1.000000 0.666259
0 0.080028 0.605134 0.035411 0.063570
0 0.598442 0.682763 0.062323 0.067237
0 0.241147 0.526895 0.034703 0.061125
0 0.298159 0.375306 0.032578 0.061125
0 0.008853 0.376528 0.016289 0.058680
0 0.014873 0.453545 0.028329 0.061125
0 0.260623 0.601467 0.035411 0.061125
0 0.153329 0.528729 0.033286 0.059902
0 0.078612 0.375306 0.033994 0.061125
0 0.449363 0.449267 0.033286 0.057457
0 0.549221 0.524450 0.033286 0.061125
0 0.416785 0.524450 0.033286 0.061125
0 0.015935 0.687653 0.030453 0.067237
0 0.216360 0.603301 0.034703 0.062347
0 0.015227 0.531174 0.029037 0.059902
0 0.255666 0.375917 0.033994 0.059902
0 0.143414 0.452934 0.033286 0.059902
0 0.035057 0.605746 0.037535 0.064792
0 0.461402 0.525061 0.033286 0.059902
0 0.406516 0.449878 0.033994 0.058680
0 0.099504 0.451711 0.031870 0.059902
0 0.187323 0.451100 0.033286 0.058680
0 0.054533 0.452323 0.035411 0.061125
0 0.012748 0.608802 0.024079 0.063570
0 0.438739 0.600856 0.033286 0.059902
0 0.567989 0.602689 0.113314 0.063570
0 0.103399 0.685208 0.048159 0.064792
0 0.285057 0.525672 0.034703 0.061125
0 0.384561 0.375306 0.033994 0.063570
0 0.493272 0.449267 0.033286 0.059902
0 0.232295 0.451100 0.032578 0.058680
0 0.535765 0.448655 0.033286 0.061125
0 0.341714 0.376528 0.034703 0.063570
0 0.125354 0.604523 0.035411 0.062347
0 0.504958 0.524450 0.033994 0.061125
0 0.513810 0.374083 0.031870 0.058680
0 0.196530 0.526895 0.033286 0.061125
0 0.034703 0.376528 0.032578 0.058680
0 0.122875 0.377139 0.034703 0.062347
0 0.108357 0.528117 0.033994 0.061125
0 0.423867 0.680929 0.047450 0.066015
0 0.372875 0.524450 0.034703 0.061125
0 0.170680 0.604523 0.035411 0.062347
0 0.329320 0.526284 0.033994 0.062347
0 0.305241 0.602078 0.035411 0.062347
0 0.579674 0.372861 0.077195 0.066015
0 0.319405 0.449878 0.033994 0.058680
0 0.168201 0.375917 0.033286 0.062347
0 0.394122 0.600856 0.034703 0.062347
0 0.469901 0.375306 0.033286 0.061125
0 0.483003 0.600856 0.033994 0.059902
0 0.263102 0.683985 0.255666 0.067237
0 0.348796 0.602078 0.036119 0.064792
0 0.063031 0.529340 0.032578 0.063570
0 0.592068 0.487164 0.059490 0.138142
0 0.275850 0.450489 0.033286 0.059902
