0 0.544687 0.597938 0.068125 0.108716
0 0.247188 0.470009 0.114375 0.104030
0 0.947812 0.479381 0.065625 0.104030
0 0.370937 0.595127 0.066875 0.106842
0 0.502188 0.727273 0.070625 0.114339
0 0.589688 0.727741 0.070625 0.113402
0 0.855938 0.730084 0.070625 0.112465
0 0.890625 0.602624 0.067500 0.108716
0 0.943750 0.730553 0.071250 0.115276
0 0.523438 0.474227 0.065625 0.103093
0 0.397188 0.352390 0.066875 0.101218
0 0.411562 0.725867 0.069375 0.115276
0 0.632812 0.601218 0.069375 0.109653
0 0.896875 0.360825 0.067500 0.103093
0 0.863437 0.478444 0.065625 0.104030
0 0.466875 0.862231 0.097500 0.119963
0 0.240625 0.595127 0.117500 0.108716
0 0.972187 0.363168 0.050625 0.100281
0 0.694375 0.476101 0.063750 0.101218
0 0.323125 0.723055 0.071250 0.113402
0 0.815000 0.359419 0.066250 0.100281
0 0.228750 0.858482 0.123750 0.121837
0 0.352187 0.471415 0.068125 0.106842
0 0.778438 0.477976 0.064375 0.103093
0 0.768125 0.727741 0.070000 0.113402
0 0.314063 0.352858 0.066875 0.100281
0 0.761875 0.862231 0.463750 0.121837
0 0.718750 0.598875 0.067500 0.106842
0 0.679063 0.727741 0.070625 0.113402
0 0.649375 0.357076 0.070000 0.103093
0 0.970938 0.602624 0.053125 0.106842
0 0.480312 0.354264 0.068125 0.101218
0 0.565625 0.355201 0.067500 0.101218
0 0.732187 0.358013 0.068125 0.101218
0 0.437812 0.472821 0.065625 0.104030
0 0.232187 0.350984 0.065625 0.100281
0 0.806250 0.600750 0.067500 0.106842
0 0.222812 0.723055 0.098125 0.113402
0 0.457188 0.597001 0.068125 0.106842
0 0.609062 0.475164 0.065625 0.103093
0 0.507500 0.503280 0.981250 0.931584
