0 0.229063 0.442739 0.031875 0.043983
0 0.498750 0.554772 0.030000 0.045643
0 0.123125 0.492116 0.032500 0.044813
0 0.623437 0.533195 0.053125 0.102075
0 0.162500 0.663900 0.045000 0.059751
0 0.316563 0.670954 0.246875 0.067220
0 0.529687 0.501660 0.030625 0.045643
0 0.612187 0.452282 0.070625 0.044813
0 0.225312 0.602075 0.031875 0.045643
0 0.326562 0.496680 0.030625 0.043983
0 0.470313 0.671784 0.044375 0.062241
0 0.142813 0.600415 0.033125 0.045643
0 0.308437 0.604564 0.031875 0.047303
0 0.188750 0.442324 0.032500 0.043154
0 0.209687 0.547303 0.030625 0.043983
0 0.571875 0.505809 0.031250 0.048963
0 0.127812 0.545228 0.031875 0.044813
0 0.267188 0.603320 0.031875 0.046473
0 0.510000 0.450207 0.031250 0.045643
0 0.250625 0.547718 0.030000 0.044813
0 0.367500 0.497925 0.030000 0.043154
0 0.540000 0.555602 0.030000 0.045643
0 0.519062 0.610788 0.031875 0.049793
0 0.184688 0.601245 0.031875 0.045643
0 0.052500 0.657676 0.056250 0.053942
0 0.055313 0.598755 0.043125 0.047303
0 0.630000 0.671369 0.047500 0.051452
0 0.489687 0.500830 0.030625 0.043983
0 0.205000 0.493776 0.031250 0.044813
0 0.457500 0.553112 0.030000 0.045643
0 0.167813 0.546058 0.031875 0.044813
0 0.375000 0.551452 0.031250 0.043983
0 0.291875 0.548963 0.030000 0.043983
0 0.416563 0.552282 0.030625 0.043983
0 0.309063 0.444813 0.033125 0.044813
0 0.245000 0.495021 0.031250 0.043983
0 0.581250 0.559336 0.031250 0.049793
0 0.470938 0.449378 0.031875 0.047303
0 0.504375 0.536929 0.991250 0.441494
0 0.164375 0.492116 0.031250 0.044813
0 0.149062 0.441494 0.031875 0.043154
0 0.448125 0.499170 0.031250 0.043983
0 0.070625 0.439419 0.031250 0.042324
0 0.068125 0.541494 0.052500 0.040664
0 0.350313 0.605809 0.031875 0.046473
0 0.100937 0.599585 0.033125 0.047303
0 0.350313 0.445643 0.031875 0.044813
0 0.550937 0.451037 0.030625 0.045643
0 0.408438 0.499170 0.029375 0.042324
0 0.332813 0.550207 0.030625 0.044813
0 0.073438 0.490871 0.050625 0.042324
0 0.598750 0.612033 0.103750 0.045643
0 0.430625 0.448963 0.032500 0.048133
0 0.434063 0.608299 0.033125 0.048133
0 0.477187 0.609959 0.031875 0.046473
0 0.389688 0.448133 0.031875 0.046473
0 0.109063 0.440249 0.031875 0.042324
0 0.393125 0.607884 0.032500 0.047303
0 0.285625 0.495851 0.030000 0.043983
0 0.268437 0.443983 0.031875 0.044813
