0 0.493437 0.617083 0.088125 0.040833
0 0.505625 0.484583 0.063750 0.042500
0 0.150000 0.580000 0.028750 0.040000
0 0.176250 0.535417 0.028750 0.040833
0 0.248750 0.577500 0.028750 0.040000
0 0.118125 0.580417 0.028750 0.039167
0 0.063125 0.671250 0.051250 0.045833
0 0.374375 0.531667 0.028750 0.038333
0 0.431250 0.618333 0.030000 0.040000
0 0.406875 0.530417 0.028750 0.039167
0 0.215938 0.577917 0.028125 0.039167
0 0.390625 0.487917 0.030000 0.040833
0 0.225312 0.490833 0.029375 0.040000
0 0.422187 0.542083 0.789375 0.347500
0 0.448125 0.573750 0.028750 0.039167
0 0.197500 0.623333 0.030000 0.040000
0 0.365000 0.619583 0.028750 0.040833
0 0.164687 0.623750 0.028125 0.039167
0 0.241875 0.533333 0.028750 0.038333
0 0.131875 0.623750 0.028750 0.039167
0 0.297500 0.621667 0.030000 0.040000
0 0.265937 0.669167 0.189375 0.045000
0 0.182812 0.579583 0.028125 0.039167
0 0.061250 0.626667 0.038750 0.040000
0 0.112187 0.535833 0.030625 0.040000
0 0.455625 0.485833 0.028750 0.038333
0 0.072500 0.581250 0.055000 0.040833
0 0.193438 0.491667 0.029375 0.040000
0 0.292187 0.489167 0.030625 0.040000
0 0.064687 0.494167 0.030625 0.040000
0 0.315625 0.575833 0.028750 0.040000
0 0.070625 0.537083 0.046250 0.039167
0 0.514687 0.551250 0.046875 0.084167
0 0.308437 0.532500 0.029375 0.040000
0 0.341250 0.531667 0.028750 0.038333
0 0.381563 0.574583 0.028125 0.039167
0 0.415312 0.573750 0.028125 0.039167
0 0.348750 0.575417 0.028750 0.040833
0 0.398438 0.619167 0.028125 0.040000
0 0.282187 0.576250 0.028125 0.040833
0 0.263750 0.621667 0.030000 0.040000
0 0.325313 0.489583 0.029375 0.040833
0 0.481563 0.572500 0.028125 0.040000
0 0.385000 0.665417 0.040000 0.044167
0 0.097500 0.494167 0.030000 0.040000
0 0.440312 0.529167 0.028125 0.040000
0 0.129375 0.493333 0.030000 0.040000
0 0.230625 0.622500 0.028750 0.040000
0 0.330937 0.620833 0.029375 0.040000
0 0.150625 0.669583 0.040000 0.044167
0 0.357812 0.488750 0.029375 0.040833
0 0.161562 0.492917 0.030625 0.039167
0 0.503125 0.663750 0.077500 0.045833
0 0.275313 0.532917 0.029375 0.039167
0 0.099062 0.625417 0.030625 0.040833
0 0.473125 0.529583 0.030000 0.040833
0 0.143750 0.535833 0.028750 0.040000
0 0.258750 0.490000 0.030000 0.040000
0 0.423125 0.487083 0.028750 0.040833
0 0.209063 0.534583 0.029375 0.039167
