0 0.511796 0.474213 0.030144 0.044580
0 0.462320 0.582605 0.029489 0.044580
0 0.165138 0.533217 0.031455 0.047203
0 0.360419 0.638986 0.031455 0.043706
0 0.184469 0.480769 0.033421 0.050699
0 0.500655 0.533654 0.963303 0.444930
0 0.573067 0.527535 0.029489 0.044580
0 0.543906 0.581731 0.030144 0.044580
0 0.389581 0.476836 0.030799 0.048077
0 0.063565 0.646416 0.043250 0.046329
0 0.134010 0.588724 0.030799 0.048077
0 0.381062 0.583916 0.030799 0.045455
0 0.216907 0.586538 0.031455 0.045455
0 0.247379 0.532780 0.030799 0.046329
0 0.059633 0.479458 0.028834 0.046329
0 0.468873 0.691871 0.042595 0.044580
0 0.207733 0.533217 0.032765 0.047203
0 0.615007 0.473339 0.071429 0.044580
0 0.179554 0.697990 0.044561 0.049825
0 0.430865 0.475524 0.030799 0.045455
0 0.307995 0.476399 0.031455 0.045455
0 0.195609 0.641608 0.030799 0.045455
0 0.533748 0.528409 0.029489 0.044580
0 0.323394 0.697115 0.230013 0.053322
0 0.493119 0.528846 0.030799 0.043706
0 0.348296 0.475962 0.030799 0.046329
0 0.277851 0.638986 0.030144 0.043706
0 0.339777 0.585227 0.030799 0.046329
0 0.401048 0.638549 0.031455 0.044580
0 0.626802 0.690997 0.051769 0.044580
0 0.503604 0.582605 0.030799 0.044580
0 0.154653 0.642045 0.031455 0.048077
0 0.070773 0.536713 0.053735 0.047203
0 0.111402 0.642920 0.031455 0.048077
0 0.069463 0.592657 0.061599 0.048951
0 0.471166 0.474650 0.030144 0.047203
0 0.237221 0.640297 0.031455 0.044580
0 0.100262 0.481206 0.035387 0.048077
0 0.319135 0.639423 0.031455 0.044580
0 0.329292 0.530594 0.029489 0.043706
0 0.552752 0.472902 0.028178 0.041958
0 0.624181 0.554633 0.051769 0.098776
0 0.483290 0.636801 0.029489 0.042832
0 0.583552 0.581294 0.028178 0.043706
0 0.227064 0.479458 0.032110 0.046329
0 0.067824 0.700612 0.059633 0.049825
0 0.298493 0.585664 0.029489 0.043706
0 0.123198 0.534965 0.034076 0.048951
0 0.452818 0.529283 0.031455 0.044580
0 0.422018 0.583042 0.031455 0.045455
0 0.141874 0.481206 0.037353 0.051573
0 0.412189 0.529283 0.031455 0.044580
0 0.442005 0.637675 0.029489 0.042832
0 0.370904 0.530157 0.031455 0.044580
0 0.523263 0.636364 0.029489 0.041958
0 0.600590 0.637238 0.101573 0.043706
0 0.175623 0.587413 0.031455 0.047203
0 0.257864 0.585664 0.029489 0.045455
0 0.267693 0.479021 0.032110 0.047203
0 0.288663 0.531031 0.029489 0.042832
