0 0.258140 0.478368 0.029900 0.054388
0 0.387043 0.417800 0.029900 0.054388
0 0.327575 0.478368 0.029236 0.054388
0 0.293023 0.478368 0.029236 0.054388
0 0.198007 0.350433 0.029236 0.058096
0 0.206977 0.540791 0.029900 0.055624
0 0.066445 0.413473 0.050498 0.058096
0 0.250166 0.414091 0.028571 0.051916
0 0.378405 0.541409 0.028571 0.054388
0 0.163123 0.351051 0.031229 0.059333
0 0.266777 0.352905 0.029900 0.058096
0 0.420598 0.417800 0.027907 0.054388
0 0.428904 0.480222 0.028571 0.053152
0 0.352492 0.415328 0.028571 0.054388
0 0.128571 0.349815 0.029900 0.056860
0 0.427907 0.460445 0.809302 0.421508
0 0.507309 0.542645 0.085714 0.054388
0 0.215615 0.415328 0.029900 0.054388
0 0.309967 0.541409 0.029900 0.054388
0 0.454153 0.417800 0.028571 0.054388
0 0.486711 0.417182 0.028571 0.053152
0 0.137874 0.540791 0.029900 0.055624
0 0.060797 0.540791 0.041860 0.058096
0 0.275748 0.540173 0.030565 0.054388
0 0.436877 0.354759 0.028571 0.051916
0 0.154817 0.477750 0.030565 0.055624
0 0.335548 0.353523 0.031894 0.059333
0 0.119934 0.477132 0.029900 0.056860
0 0.462791 0.480222 0.029900 0.055624
0 0.445847 0.543263 0.029236 0.053152
0 0.160797 0.608158 0.034551 0.066749
0 0.181063 0.414091 0.028571 0.056860
0 0.285050 0.415946 0.029236 0.055624
0 0.403654 0.355377 0.028571 0.055624
0 0.344186 0.542027 0.030565 0.055624
0 0.528239 0.448702 0.045183 0.116193
0 0.172093 0.540791 0.029236 0.053152
0 0.101661 0.538937 0.030565 0.056860
0 0.369767 0.354759 0.029900 0.056860
0 0.069435 0.474042 0.056478 0.048208
0 0.110963 0.413473 0.030565 0.058096
0 0.412292 0.541409 0.028571 0.051916
0 0.300997 0.352905 0.029236 0.058096
0 0.284053 0.613103 0.201329 0.074166
0 0.519934 0.354759 0.060465 0.056860
0 0.232558 0.351669 0.030565 0.058096
0 0.361130 0.478986 0.029900 0.055624
0 0.405316 0.610630 0.034551 0.066749
0 0.241196 0.539555 0.029236 0.055624
0 0.470764 0.354759 0.028571 0.054388
0 0.058472 0.349197 0.031894 0.058096
0 0.146844 0.414091 0.030565 0.056860
0 0.224252 0.477750 0.028571 0.053152
0 0.069767 0.605068 0.062458 0.060569
0 0.189701 0.477750 0.029900 0.055624
0 0.318605 0.416564 0.028571 0.054388
0 0.496013 0.478986 0.029900 0.053152
0 0.395017 0.479604 0.028571 0.054388
0 0.094020 0.349815 0.029900 0.059333
0 0.515615 0.606304 0.073090 0.058096
