0 0.224889 0.505495 0.033235 0.060440
0 0.368168 0.438187 0.033235 0.060440
0 0.302068 0.505495 0.032496 0.060440
0 0.263663 0.505495 0.032496 0.060440
0 0.158050 0.363324 0.032496 0.064560
0 0.168021 0.574863 0.033235 0.061813
0 0.020310 0.433379 0.039143 0.064560
0 0.216027 0.434066 0.031758 0.057692
0 0.358567 0.575549 0.031758 0.060440
0 0.119276 0.364011 0.034712 0.065934
0 0.234490 0.366071 0.033235 0.064560
0 0.405465 0.438187 0.031019 0.060440
0 0.414697 0.507555 0.031758 0.059066
0 0.329764 0.435440 0.031758 0.060440
0 0.080871 0.362637 0.033235 0.063187
0 0.432053 0.485577 0.862629 0.468407
0 0.501846 0.576923 0.095273 0.060440
0 0.177622 0.435440 0.033235 0.060440
0 0.282496 0.575549 0.033235 0.060440
0 0.442762 0.438187 0.031758 0.060440
0 0.478951 0.437500 0.031758 0.059066
0 0.091211 0.574863 0.033235 0.061813
0 0.014771 0.574863 0.028065 0.064560
0 0.244461 0.574176 0.033973 0.060440
0 0.423560 0.368132 0.031758 0.057692
0 0.110044 0.504808 0.033973 0.061813
0 0.310931 0.366758 0.035451 0.065934
0 0.071270 0.504121 0.033235 0.063187
0 0.452363 0.507555 0.033235 0.061813
0 0.433530 0.577610 0.032496 0.059066
0 0.116691 0.649725 0.038405 0.074176
0 0.139217 0.434066 0.031758 0.063187
0 0.254801 0.436126 0.032496 0.061813
0 0.386632 0.368819 0.031758 0.061813
0 0.320532 0.576236 0.033973 0.061813
0 0.525111 0.472527 0.050222 0.129121
0 0.129247 0.574863 0.032496 0.059066
0 0.050960 0.572802 0.033973 0.063187
0 0.348966 0.368132 0.033235 0.063187
0 0.023634 0.500687 0.045790 0.053571
0 0.061300 0.433379 0.033973 0.064560
0 0.396233 0.575549 0.031758 0.057692
0 0.272526 0.366071 0.032496 0.064560
0 0.253693 0.655220 0.223781 0.082418
0 0.515879 0.368132 0.067208 0.063187
0 0.196455 0.364698 0.033973 0.064560
0 0.339365 0.506181 0.033235 0.061813
0 0.388479 0.652473 0.038405 0.074176
0 0.206056 0.573489 0.032496 0.061813
0 0.461226 0.368132 0.031758 0.060440
0 0.010709 0.361951 0.019941 0.064560
0 0.101182 0.434066 0.033973 0.063187
0 0.187223 0.504808 0.031758 0.059066
0 0.025480 0.646291 0.049483 0.067308
0 0.148818 0.504808 0.033235 0.061813
0 0.292097 0.436813 0.031758 0.060440
0 0.489291 0.506181 0.033235 0.059066
0 0.377031 0.506868 0.031758 0.060440
0 0.042467 0.362637 0.033235 0.065934
0 0.511078 0.647665 0.081241 0.064560
