0 0.271716 0.225743 0.045865 0.071287
0 0.584781 0.400990 0.041001 0.065347
0 0.594163 0.324752 0.041696 0.067327
0 0.107019 0.426238 0.097290 0.084158
0 0.414177 0.205941 0.044475 0.067327
0 0.221682 0.483663 0.051425 0.074257
0 0.062543 0.258416 0.052814 0.073267
0 0.582696 0.179208 0.042391 0.065347
0 0.543780 0.409901 0.042391 0.067327
0 0.284920 0.387624 0.048645 0.074257
0 0.574010 0.254455 0.040306 0.065347
0 0.615358 0.469802 0.060459 0.070297
0 0.320709 0.219307 0.046560 0.070297
0 0.502432 0.420297 0.045865 0.070297
0 0.333565 0.378218 0.048645 0.073267
0 0.368659 0.450000 0.049340 0.070297
0 0.697359 0.264356 0.057679 0.128713
0 0.088603 0.342079 0.081306 0.080198
0 0.183113 0.406436 0.052120 0.074257
0 0.425295 0.358911 0.045865 0.070297
0 0.234885 0.397030 0.051425 0.073267
0 0.459694 0.429208 0.046560 0.070297
0 0.125782 0.594059 0.084781 0.087129
0 0.158096 0.328713 0.054899 0.077228
0 0.692147 0.376733 0.093120 0.074257
0 0.209521 0.317822 0.049340 0.073267
0 0.542043 0.185644 0.043085 0.066337
0 0.672689 0.166337 0.063933 0.065347
0 0.671647 0.308911 0.041001 0.065347
0 0.458652 0.199505 0.044475 0.068317
0 0.724809 0.442079 0.055594 0.070297
0 0.633079 0.315347 0.040306 0.066337
0 0.469771 0.350000 0.044475 0.070297
0 0.169215 0.496535 0.053509 0.078218
0 0.446838 0.276733 0.044475 0.070297
0 0.445101 0.514356 0.275886 0.131683
0 0.553162 0.333168 0.041696 0.068317
0 0.107019 0.512871 0.070883 0.077228
0 0.489924 0.268812 0.041696 0.066337
0 0.320709 0.461881 0.049340 0.072277
0 0.512509 0.341089 0.043780 0.068317
0 0.403058 0.284653 0.045865 0.070297
0 0.531619 0.262376 0.043085 0.067327
0 0.624739 0.391089 0.041696 0.063366
0 0.651842 0.240099 0.041696 0.066337
0 0.272411 0.471782 0.050035 0.072277
0 0.260250 0.311386 0.052120 0.074257
0 0.224114 0.235149 0.052120 0.074257
0 0.500000 0.342079 0.991661 0.682178
0 0.612578 0.247525 0.041001 0.065347
0 0.620222 0.172772 0.039611 0.062376
0 0.367964 0.211881 0.045170 0.067327
0 0.172342 0.242079 0.052814 0.074257
0 0.500695 0.192574 0.043780 0.066337
0 0.414524 0.440099 0.047950 0.070297
0 0.356845 0.292574 0.046560 0.070297
0 0.380125 0.368317 0.047255 0.071287
0 0.202224 0.580693 0.072272 0.090099
0 0.309243 0.301485 0.047255 0.072277
0 0.118138 0.249505 0.052814 0.073267
