0 0.274142 0.232092 0.033262 0.048711
0 0.261803 0.348138 0.034335 0.048711
0 0.618562 0.235673 0.033262 0.047278
0 0.228004 0.232808 0.035408 0.050143
0 0.383584 0.472779 0.258584 0.068768
0 0.097639 0.408309 0.047210 0.048711
0 0.597639 0.292264 0.034335 0.048711
0 0.503219 0.405444 0.034335 0.048711
0 0.138948 0.230659 0.033262 0.048711
0 0.427575 0.291547 0.033262 0.047278
0 0.206009 0.289398 0.034335 0.048711
0 0.194742 0.406160 0.035408 0.050143
0 0.529506 0.323782 0.943133 0.446991
0 0.575644 0.237106 0.035408 0.050143
0 0.216738 0.348138 0.034335 0.048711
0 0.250536 0.289398 0.035408 0.048711
0 0.681330 0.237106 0.075107 0.047278
0 0.523605 0.348854 0.032189 0.047278
0 0.182940 0.230659 0.035408 0.048711
0 0.148605 0.406160 0.035408 0.050143
0 0.638412 0.292980 0.034335 0.050143
0 0.171674 0.348138 0.034335 0.048711
0 0.416845 0.405444 0.035408 0.048711
0 0.566524 0.350287 0.034335 0.047278
0 0.541309 0.469198 0.046137 0.061605
0 0.384120 0.290831 0.034335 0.048711
0 0.239807 0.405444 0.035408 0.048711
0 0.586910 0.405444 0.034335 0.048711
0 0.105150 0.290115 0.057940 0.050143
0 0.481760 0.348854 0.034335 0.047278
0 0.490343 0.235673 0.034335 0.050143
0 0.692597 0.321633 0.054721 0.104585
0 0.533798 0.235673 0.035408 0.050143
0 0.328863 0.405444 0.035408 0.048711
0 0.160944 0.290115 0.036481 0.050143
0 0.372854 0.405444 0.035408 0.048711
0 0.394850 0.348854 0.034335 0.047278
0 0.459764 0.405444 0.035408 0.048711
0 0.608369 0.349570 0.034335 0.048711
0 0.512876 0.292980 0.034335 0.047278
0 0.545601 0.405444 0.033262 0.045845
0 0.340129 0.290115 0.032189 0.047278
0 0.684549 0.463467 0.081545 0.055874
0 0.284335 0.405444 0.034335 0.048711
0 0.650215 0.349570 0.034335 0.048711
0 0.295064 0.290115 0.034335 0.047278
0 0.317597 0.233524 0.034335 0.048711
0 0.447961 0.235673 0.035408 0.050143
0 0.306867 0.347421 0.034335 0.047278
0 0.093884 0.230659 0.035408 0.048711
0 0.222103 0.470630 0.047210 0.061605
0 0.361588 0.233524 0.034335 0.048711
0 0.667382 0.405444 0.107296 0.048711
0 0.470494 0.291547 0.033262 0.047278
0 0.405043 0.234241 0.035408 0.050143
0 0.438841 0.348854 0.032189 0.047278
0 0.555258 0.292264 0.033262 0.045845
0 0.102468 0.467765 0.059013 0.055874
0 0.350858 0.348854 0.034335 0.047278
0 0.104077 0.349570 0.057940 0.048711
