0 0.015173 0.732659 0.028902 0.060694
0 0.360188 0.728805 0.045520 0.064547
0 0.729408 0.621387 0.081647 0.140655
0 0.146315 0.580443 0.042630 0.064547
0 0.656792 0.582370 0.050578 0.064547
0 0.522760 0.807803 0.064306 0.066474
0 0.204118 0.579480 0.042630 0.062620
0 0.011199 0.502890 0.020954 0.059730
0 0.572254 0.506744 0.052023 0.065511
0 0.102601 0.654624 0.041908 0.062620
0 0.117413 0.504335 0.045520 0.064547
0 0.057442 0.504817 0.042630 0.063584
0 0.308165 0.807803 0.353324 0.070328
0 0.615246 0.656069 0.046965 0.063584
0 0.022038 0.656069 0.042630 0.061657
0 0.516618 0.506744 0.050578 0.065511
0 0.276012 0.653179 0.043353 0.061657
0 0.630058 0.506262 0.046243 0.062620
0 0.131142 0.730732 0.042630 0.064547
0 0.188223 0.729769 0.042630 0.064547
0 0.071171 0.731214 0.042630 0.063584
0 0.010838 0.502408 0.020231 0.056840
0 0.176301 0.503372 0.044798 0.062620
0 0.488801 0.586224 0.976156 0.609827
0 0.389090 0.654624 0.045520 0.064547
0 0.431720 0.579480 0.045520 0.060694
0 0.716763 0.504817 0.105491 0.061657
0 0.544075 0.579480 0.047688 0.062620
0 0.043714 0.655588 0.042630 0.062620
0 0.234465 0.504335 0.046965 0.064547
0 0.088512 0.578998 0.042630 0.063584
0 0.246026 0.729287 0.044075 0.063584
0 0.669798 0.657514 0.052023 0.066474
0 0.015173 0.810212 0.028902 0.063584
0 0.600434 0.580443 0.047688 0.062620
0 0.488439 0.579480 0.047688 0.062620
0 0.160766 0.654624 0.042630 0.062620
0 0.332731 0.653661 0.045520 0.062620
0 0.585260 0.731214 0.050578 0.065511
0 0.029263 0.580443 0.045520 0.064547
0 0.291908 0.504335 0.047688 0.064547
0 0.529624 0.730250 0.047688 0.063584
0 0.018425 0.578998 0.035405 0.059730
0 0.738439 0.811657 0.067919 0.064547
0 0.261561 0.578516 0.041908 0.060694
0 0.347543 0.505780 0.046243 0.063584
0 0.460260 0.506262 0.049133 0.064547
0 0.445809 0.654624 0.047688 0.064547
0 0.472905 0.729287 0.048410 0.065511
0 0.218931 0.654624 0.043353 0.062620
0 0.501445 0.655588 0.047688 0.064547
0 0.017702 0.732659 0.033960 0.064547
0 0.092124 0.808285 0.058526 0.065511
0 0.376084 0.578516 0.045520 0.062620
0 0.557803 0.655106 0.047688 0.063584
0 0.403902 0.506262 0.049133 0.064547
0 0.319003 0.578998 0.044075 0.061657
0 0.303107 0.728324 0.044075 0.063584
0 0.416908 0.730250 0.049133 0.067437
0 0.693280 0.733141 0.155347 0.065511
