0 0.359333 0.878559 0.114667 0.121886
0 0.287333 0.729982 0.082667 0.127224
0 0.778333 0.427046 0.088667 0.131673
0 0.745333 0.729093 0.089333 0.132562
0 0.034333 0.277580 0.067333 0.128114
0 0.861333 0.730427 0.086667 0.131673
0 0.486333 0.274021 0.092667 0.135231
0 0.985333 0.426157 0.030667 0.133452
0 0.200333 0.426601 0.090000 0.134342
0 0.344667 0.576957 0.090667 0.132562
0 0.369000 0.275356 0.092667 0.136121
0 0.661333 0.426157 0.089333 0.129893
0 0.954667 0.272687 0.086667 0.132562
0 0.230000 0.576957 0.086667 0.134342
0 0.687667 0.578292 0.091333 0.129893
0 0.721333 0.272687 0.100000 0.136121
0 0.402000 0.727758 0.089333 0.133452
0 0.922667 0.578737 0.082667 0.127224
0 0.054333 0.725534 0.107333 0.125445
0 0.544000 0.427046 0.092000 0.131673
0 0.254667 0.273577 0.090667 0.132562
0 0.838667 0.272242 0.090667 0.133452
0 0.572000 0.577402 0.093333 0.129893
0 0.067667 0.428381 0.134000 0.134342
0 0.601667 0.272687 0.102000 0.141459
0 0.896667 0.426601 0.086667 0.134342
0 0.428667 0.427046 0.093333 0.133452
0 0.630333 0.729537 0.088667 0.129893
0 0.718333 0.875445 0.564667 0.131673
0 0.070000 0.873221 0.136000 0.118327
0 0.967333 0.732206 0.066667 0.126335
0 0.313333 0.426157 0.088000 0.135231
0 0.140000 0.274021 0.085333 0.131673
0 0.514000 0.727758 0.090667 0.131673
0 0.067333 0.578292 0.133333 0.133452
0 0.176000 0.727758 0.082667 0.124555
0 0.805667 0.578292 0.084667 0.129893
0 0.457667 0.575623 0.095333 0.138790
