0 0.490312 0.578552 0.029375 0.066940
0 0.157188 0.344945 0.028125 0.066940
0 0.121563 0.345628 0.026875 0.065574
0 0.132188 0.425546 0.048125 0.069672
0 0.206563 0.578552 0.026875 0.069672
0 0.402187 0.500683 0.028125 0.069672
0 0.304375 0.348361 0.028750 0.073770
0 0.286875 0.424180 0.027500 0.069672
0 0.331250 0.502049 0.027500 0.069672
0 0.193750 0.346311 0.027500 0.072404
0 0.612812 0.466530 0.049375 0.148907
0 0.134687 0.661202 0.049375 0.076503
0 0.230937 0.349044 0.028125 0.075137
0 0.478438 0.657104 0.038125 0.071038
0 0.605000 0.352459 0.067500 0.071038
0 0.515938 0.353142 0.031875 0.075137
0 0.189375 0.502732 0.023750 0.065574
0 0.133125 0.502732 0.051250 0.065574
0 0.251563 0.424180 0.026875 0.072404
0 0.261250 0.504098 0.023750 0.062842
0 0.472187 0.502732 0.029375 0.071038
0 0.323750 0.424180 0.028750 0.069672
0 0.543125 0.504098 0.031250 0.073770
0 0.591250 0.581967 0.092500 0.065574
0 0.480938 0.352459 0.031875 0.073770
0 0.393437 0.425546 0.029375 0.066940
0 0.464375 0.428279 0.031250 0.069672
0 0.419063 0.579235 0.029375 0.071038
0 0.495625 0.461749 0.897500 0.636612
0 0.170625 0.577869 0.028750 0.071038
0 0.577812 0.504781 0.031875 0.072404
0 0.348750 0.577186 0.028750 0.069672
0 0.215938 0.426230 0.025625 0.062842
0 0.507812 0.504098 0.029375 0.071038
0 0.445312 0.351776 0.029375 0.075137
0 0.384688 0.577186 0.029375 0.069672
0 0.499063 0.427596 0.030625 0.071038
0 0.242188 0.577869 0.026875 0.068306
0 0.614062 0.658470 0.049375 0.071038
0 0.437188 0.501366 0.030625 0.071038
0 0.178750 0.424180 0.027500 0.072404
0 0.410313 0.351093 0.030625 0.076503
0 0.429375 0.424863 0.028750 0.065574
0 0.296250 0.502049 0.026250 0.069672
0 0.226875 0.509563 0.023750 0.062842
0 0.375000 0.349044 0.028750 0.075137
0 0.455000 0.577869 0.028750 0.068306
0 0.340000 0.349044 0.028750 0.075137
0 0.551875 0.353142 0.030000 0.072404
0 0.129062 0.580601 0.039375 0.071038
0 0.534687 0.428279 0.031875 0.072404
0 0.228750 0.655738 0.036250 0.073770
0 0.268125 0.348361 0.027500 0.073770
0 0.366563 0.501366 0.026875 0.071038
0 0.278438 0.579235 0.028125 0.071038
0 0.314063 0.577869 0.028125 0.071038
0 0.352812 0.659836 0.199375 0.073770
0 0.525000 0.579235 0.028750 0.068306
0 0.568750 0.428279 0.031250 0.072404
0 0.358438 0.424863 0.029375 0.068306
