0 0.515625 0.682083 0.061250 0.084167
0 0.213125 0.440417 0.056250 0.050833
0 0.088438 0.508333 0.064375 0.076667
0 0.547813 0.595417 0.058125 0.079167
0 0.275313 0.443750 0.058125 0.050833
0 0.612187 0.596250 0.060625 0.080833
0 0.781250 0.688750 0.062500 0.084167
0 0.715313 0.685833 0.063125 0.083333
0 0.227187 0.592917 0.060625 0.079167
0 0.589375 0.513750 0.057500 0.074167
0 0.355938 0.593333 0.059375 0.078333
0 0.163750 0.590833 0.058750 0.080000
0 0.420000 0.594583 0.058750 0.079167
0 0.187812 0.678333 0.060625 0.083333
0 0.878750 0.688333 0.125000 0.086667
0 0.402500 0.511250 0.056250 0.074167
0 0.384375 0.679583 0.062500 0.085833
0 0.213750 0.509167 0.057500 0.076667
0 0.291250 0.593750 0.060000 0.080833
0 0.340313 0.510833 0.058125 0.075000
0 0.647500 0.684167 0.063750 0.085000
0 0.318125 0.680833 0.062500 0.085000
0 0.252812 0.679167 0.061875 0.085000
0 0.175937 0.782917 0.061875 0.119167
0 0.526563 0.513333 0.058125 0.075000
0 0.450313 0.788750 0.358125 0.120833
0 0.395313 0.443750 0.058125 0.050833
0 0.700625 0.446667 0.060000 0.051667
0 0.678125 0.598750 0.061250 0.080833
0 0.889062 0.451667 0.058125 0.051667
0 0.821562 0.517083 0.043125 0.075833
0 0.744375 0.600417 0.061250 0.079167
0 0.638750 0.446250 0.058750 0.050833
0 0.890000 0.559167 0.083750 0.163333
0 0.652813 0.515417 0.059375 0.075833
0 0.456250 0.444583 0.057500 0.050833
0 0.276875 0.510833 0.060000 0.076667
0 0.764062 0.446667 0.058125 0.051667
0 0.450000 0.680833 0.061250 0.085000
0 0.848437 0.600417 0.043125 0.079167
0 0.800937 0.599583 0.043125 0.079167
0 0.483438 0.595417 0.058125 0.079167
0 0.088125 0.589583 0.085000 0.079167
0 0.517500 0.445417 0.057500 0.050833
0 0.123438 0.677083 0.061875 0.082500
0 0.826562 0.451667 0.058125 0.051667
0 0.577812 0.445833 0.058125 0.051667
0 0.487812 0.639583 0.965625 0.494167
0 0.580937 0.682917 0.061875 0.085833
0 0.465313 0.512500 0.056875 0.075000
0 0.063125 0.675417 0.057500 0.082500
0 0.773438 0.516667 0.044375 0.075000
0 0.717500 0.515833 0.058750 0.075000
0 0.152188 0.508750 0.058125 0.075833
0 0.154062 0.440000 0.055625 0.050000
0 0.337187 0.443750 0.058125 0.050833
0 0.113437 0.782917 0.061875 0.119167
0 0.729062 0.795000 0.063125 0.123333
