0 0.261230 0.255208 0.030273 0.044271
0 0.250000 0.360677 0.031250 0.044271
0 0.574707 0.258464 0.030273 0.042969
0 0.219238 0.255859 0.032227 0.045573
0 0.360840 0.473958 0.235352 0.062500
0 0.100586 0.415365 0.042969 0.044271
0 0.555664 0.309896 0.031250 0.044271
0 0.469727 0.412760 0.031250 0.044271
0 0.138184 0.253906 0.030273 0.044271
0 0.400879 0.309245 0.030273 0.042969
0 0.199219 0.307292 0.031250 0.044271
0 0.188965 0.413411 0.032227 0.045573
0 0.515625 0.338542 0.902344 0.406250
0 0.535645 0.259766 0.032227 0.045573
0 0.208984 0.360677 0.031250 0.044271
0 0.239746 0.307292 0.032227 0.044271
0 0.631836 0.259766 0.068359 0.042969
0 0.488281 0.361328 0.029297 0.042969
0 0.178223 0.253906 0.032227 0.044271
0 0.146973 0.413411 0.032227 0.045573
0 0.592773 0.310547 0.031250 0.045573
0 0.167969 0.360677 0.031250 0.044271
0 0.391113 0.412760 0.032227 0.044271
0 0.527344 0.362630 0.031250 0.042969
0 0.504395 0.470703 0.041992 0.055990
0 0.361328 0.308594 0.031250 0.044271
0 0.229980 0.412760 0.032227 0.044271
0 0.545898 0.412760 0.031250 0.044271
0 0.107422 0.307943 0.052734 0.045573
0 0.450195 0.361328 0.031250 0.042969
0 0.458008 0.258464 0.031250 0.045573
0 0.642090 0.336589 0.049805 0.095052
0 0.497559 0.258464 0.032227 0.045573
0 0.311035 0.412760 0.032227 0.044271
0 0.158203 0.307943 0.033203 0.045573
0 0.351074 0.412760 0.032227 0.044271
0 0.371094 0.361328 0.031250 0.042969
0 0.430176 0.412760 0.032227 0.044271
0 0.565430 0.361979 0.031250 0.044271
0 0.478516 0.310547 0.031250 0.042969
0 0.508301 0.412760 0.030273 0.041667
0 0.321289 0.307943 0.029297 0.042969
0 0.634766 0.465495 0.074219 0.050781
0 0.270508 0.412760 0.031250 0.044271
0 0.603516 0.361979 0.031250 0.044271
0 0.280273 0.307943 0.031250 0.042969
0 0.300781 0.256510 0.031250 0.044271
0 0.419434 0.258464 0.032227 0.045573
0 0.291016 0.360026 0.031250 0.042969
0 0.097168 0.253906 0.032227 0.044271
0 0.213867 0.472005 0.042969 0.055990
0 0.340820 0.256510 0.031250 0.044271
0 0.619141 0.412760 0.097656 0.044271
0 0.439941 0.309245 0.030273 0.042969
0 0.380371 0.257161 0.032227 0.045573
0 0.411133 0.361328 0.029297 0.042969
0 0.517090 0.309896 0.030273 0.041667
0 0.104980 0.469401 0.053711 0.050781
0 0.331055 0.361328 0.031250 0.042969
0 0.106445 0.361979 0.052734 0.044271
