0 0.699156 0.422256 0.041443 0.091463
0 0.317345 0.630335 0.040675 0.089939
0 0.606677 0.527439 0.040675 0.091463
0 0.567536 0.317835 0.043745 0.096037
0 0.541443 0.423018 0.042210 0.089939
0 0.291251 0.526677 0.040675 0.089939
0 0.041827 0.319360 0.040675 0.089939
0 0.581351 0.631860 0.040675 0.089939
0 0.619724 0.319360 0.043745 0.096037
0 0.238296 0.527439 0.040675 0.091463
0 0.265157 0.630335 0.040675 0.089939
0 0.198388 0.320122 0.042210 0.094512
0 0.369148 0.631860 0.042978 0.092988
0 0.765157 0.477134 0.070606 0.198171
0 0.658864 0.528201 0.040675 0.092988
0 0.498849 0.420732 0.996163 0.826220
0 0.056025 0.423018 0.066002 0.089939
0 0.212970 0.631098 0.039140 0.088415
0 0.435917 0.423018 0.041443 0.092988
0 0.646585 0.423780 0.040675 0.094512
0 0.146585 0.319360 0.041443 0.092988
0 0.462778 0.319360 0.044513 0.096037
0 0.330775 0.421494 0.039908 0.089939
0 0.422487 0.631098 0.042210 0.091463
0 0.752111 0.318598 0.093630 0.094512
0 0.448964 0.528201 0.041443 0.092988
0 0.225249 0.423780 0.040675 0.091463
0 0.410207 0.319360 0.042210 0.092988
0 0.304682 0.318598 0.042978 0.097561
0 0.561013 0.737805 0.056792 0.091463
0 0.056025 0.528201 0.067536 0.089939
0 0.358404 0.317835 0.044513 0.096037
0 0.252494 0.318598 0.041443 0.094512
0 0.277820 0.422256 0.041443 0.091463
0 0.172678 0.423018 0.039908 0.089939
0 0.376823 0.737805 0.294705 0.097561
0 0.055257 0.737043 0.067536 0.092988
0 0.383346 0.422256 0.040675 0.091463
0 0.186493 0.527439 0.039908 0.091463
0 0.160399 0.631098 0.039908 0.088415
0 0.554106 0.527439 0.041443 0.091463
0 0.632003 0.631860 0.042210 0.092988
0 0.765541 0.737805 0.069839 0.091463
0 0.108212 0.630335 0.039908 0.089939
0 0.344206 0.526677 0.040675 0.092988
0 0.396393 0.527439 0.042210 0.091463
0 0.094398 0.317835 0.039908 0.092988
0 0.501919 0.528201 0.041443 0.092988
0 0.133922 0.527439 0.039140 0.091463
0 0.711435 0.527439 0.039908 0.091463
0 0.488872 0.422256 0.041443 0.088415
0 0.514965 0.318598 0.042978 0.094512
0 0.732924 0.632622 0.133538 0.091463
0 0.193400 0.734756 0.055257 0.091463
0 0.527245 0.632622 0.041443 0.091463
0 0.593246 0.423018 0.041443 0.089939
0 0.120491 0.423780 0.041443 0.091463
0 0.475058 0.631860 0.042978 0.092988
0 0.049501 0.631860 0.054490 0.086890
0 0.672678 0.317835 0.042210 0.092988
