0 0.367103 0.422372 0.037750 0.064792
0 0.135208 0.650367 0.036210 0.056235
0 0.503467 0.573961 0.036210 0.057457
0 0.245378 0.499389 0.036210 0.059902
0 0.465716 0.421760 0.039291 0.063570
0 0.355932 0.575183 0.035439 0.057457
0 0.035824 0.501834 0.060863 0.059902
0 0.700308 0.723716 0.063174 0.058680
0 0.637134 0.496944 0.036980 0.059902
0 0.295069 0.498778 0.035439 0.058680
0 0.035824 0.726773 0.062404 0.057457
0 0.392912 0.498778 0.036980 0.058680
0 0.589368 0.497555 0.035439 0.058680
0 0.029661 0.652200 0.048536 0.055012
0 0.441834 0.498166 0.034669 0.057457
0 0.668721 0.649756 0.121726 0.055012
0 0.084746 0.651589 0.036980 0.056235
0 0.021957 0.423594 0.036210 0.057457
0 0.159091 0.575795 0.036210 0.058680
0 0.552773 0.573961 0.036210 0.057457
0 0.194915 0.500000 0.036980 0.061125
0 0.337827 0.725550 0.275039 0.057457
0 0.405239 0.574572 0.035439 0.058680
0 0.686826 0.420538 0.085516 0.061125
0 0.109784 0.575795 0.036210 0.058680
0 0.514253 0.421149 0.037750 0.062347
0 0.429892 0.649756 0.038521 0.057457
0 0.233436 0.650367 0.036980 0.056235
0 0.490755 0.498166 0.036980 0.059902
0 0.528505 0.647922 0.035439 0.053790
0 0.120570 0.422372 0.037750 0.064792
0 0.699153 0.534230 0.060863 0.139364
0 0.540447 0.498166 0.036210 0.059902
0 0.479199 0.648533 0.035439 0.055012
0 0.270031 0.422372 0.037750 0.062347
0 0.184515 0.649756 0.036210 0.055012
0 0.416025 0.422983 0.038521 0.066015
0 0.071649 0.422372 0.036980 0.059902
0 0.219569 0.422372 0.036980 0.062347
0 0.563174 0.420538 0.038521 0.063570
0 0.331279 0.649144 0.036980 0.056235
0 0.343991 0.498166 0.036210 0.059902
0 0.282357 0.649756 0.036210 0.055012
0 0.208783 0.575795 0.035439 0.058680
0 0.577427 0.647922 0.036210 0.053790
0 0.613636 0.419315 0.036210 0.061125
0 0.510401 0.723716 0.050077 0.056235
0 0.258089 0.575183 0.035439 0.057457
0 0.169877 0.423594 0.039291 0.064792
0 0.454545 0.574572 0.036980 0.058680
0 0.319337 0.422372 0.037750 0.059902
0 0.649846 0.572738 0.036210 0.057457
0 0.145994 0.498778 0.036210 0.061125
0 0.165639 0.726161 0.049307 0.056235
0 0.380971 0.649144 0.036210 0.056235
0 0.096687 0.499389 0.037750 0.059902
0 0.601695 0.573350 0.036980 0.058680
0 0.036595 0.578240 0.060863 0.058680
0 0.306626 0.575183 0.035439 0.057457
0 0.500770 0.524450 1.000000 0.623472
