0 0.609416 0.571074 0.071618 0.114314
0 0.186008 0.694334 0.076260 0.120278
0 0.406499 0.433897 0.070292 0.108350
0 0.276525 0.303181 0.072944 0.109344
0 0.468170 0.704274 0.075597 0.120278
0 0.768236 0.442843 0.069629 0.110338
0 0.678382 0.440855 0.070292 0.110338
0 0.365053 0.306163 0.073607 0.109344
0 0.188992 0.301690 0.074271 0.108350
0 0.896220 0.858350 0.133289 0.128231
0 0.851459 0.321571 0.163130 0.108350
0 0.240716 0.559642 0.072944 0.113320
0 0.517905 0.569583 0.071618 0.113320
0 0.332228 0.563618 0.072944 0.117296
0 0.702918 0.574056 0.071618 0.114314
0 0.883289 0.516899 0.128647 0.248509
0 0.100796 0.299205 0.072944 0.107356
0 0.630968 0.313121 0.072281 0.109344
0 0.223806 0.429423 0.070955 0.109344
0 0.497016 0.435885 0.070955 0.110338
0 0.455239 0.308151 0.073607 0.107356
0 0.279509 0.698310 0.077586 0.122266
0 0.525862 0.850398 0.104775 0.128231
0 0.024204 0.296223 0.047082 0.107356
0 0.373342 0.701292 0.076923 0.122266
0 0.586870 0.439364 0.070292 0.109344
0 0.133952 0.425447 0.070292 0.107356
0 0.656830 0.708748 0.073607 0.119284
0 0.045424 0.422962 0.072281 0.110338
0 0.793103 0.576044 0.071618 0.114314
0 0.230438 0.839463 0.459549 0.134195
0 0.828912 0.714215 0.249337 0.122266
0 0.091512 0.691352 0.075597 0.120278
0 0.314987 0.430915 0.071618 0.110338
0 0.542772 0.311133 0.074934 0.109344
0 0.147878 0.556163 0.072944 0.114314
0 0.563992 0.706759 0.074934 0.119284
0 0.425729 0.566600 0.071618 0.115308
0 0.720491 0.315606 0.070955 0.108350
0 0.057029 0.559145 0.072944 0.114314
0 0.500663 0.488072 1.000000 0.974155
