0 0.500000 0.749079 0.067680 0.093002
0 0.165746 0.482044 0.062155 0.056169
0 0.032113 0.557090 0.062845 0.084715
0 0.535566 0.653315 0.064227 0.087477
0 0.234461 0.485727 0.064227 0.056169
0 0.606699 0.654236 0.066989 0.089319
0 0.793508 0.756446 0.069061 0.093002
0 0.720649 0.753223 0.069751 0.092081
0 0.181285 0.650552 0.066989 0.087477
0 0.581492 0.563076 0.063536 0.081952
0 0.323550 0.651013 0.065608 0.086556
0 0.111188 0.648250 0.064917 0.088398
0 0.394337 0.652394 0.064917 0.087477
0 0.137776 0.744936 0.066989 0.092081
0 0.901243 0.755985 0.138122 0.095764
0 0.375000 0.560313 0.062155 0.081952
0 0.354972 0.746317 0.069061 0.094843
0 0.166436 0.558011 0.063536 0.084715
0 0.252072 0.651473 0.066298 0.089319
0 0.306285 0.559853 0.064227 0.082873
0 0.645718 0.751381 0.070442 0.093923
0 0.281768 0.747698 0.069061 0.093923
0 0.209599 0.745856 0.068370 0.093923
0 0.124655 0.860497 0.068370 0.131676
0 0.512086 0.562615 0.064227 0.082873
0 0.427831 0.866943 0.395718 0.133517
0 0.367058 0.485727 0.064227 0.056169
0 0.704420 0.488950 0.066298 0.057090
0 0.679558 0.656998 0.067680 0.089319
0 0.912638 0.494475 0.064227 0.057090
0 0.838052 0.566759 0.047652 0.083794
0 0.752762 0.658840 0.067680 0.087477
0 0.636050 0.488490 0.064917 0.056169
0 0.913674 0.613260 0.092541 0.180479
0 0.651588 0.564917 0.065608 0.083794
0 0.434392 0.486648 0.063536 0.056169
0 0.236188 0.559853 0.066298 0.084715
0 0.774517 0.488950 0.064227 0.057090
0 0.427486 0.747698 0.067680 0.093923
0 0.867749 0.658840 0.047652 0.087477
0 0.815262 0.657919 0.047652 0.087477
0 0.464434 0.653315 0.064227 0.087477
0 0.037638 0.646869 0.073895 0.087477
0 0.502072 0.487569 0.063536 0.056169
0 0.066644 0.743554 0.068370 0.091160
0 0.843577 0.494475 0.064227 0.057090
0 0.568715 0.488029 0.064227 0.057090
0 0.500691 0.702118 1.000000 0.546041
0 0.572169 0.750000 0.068370 0.094843
0 0.444406 0.561694 0.062845 0.082873
0 0.016575 0.741713 0.031768 0.091160
0 0.784876 0.566298 0.049033 0.082873
0 0.723066 0.565378 0.064917 0.082873
0 0.098412 0.557551 0.064227 0.083794
0 0.100483 0.481584 0.061464 0.055249
0 0.302831 0.485727 0.064227 0.056169
0 0.055594 0.860497 0.068370 0.131676
0 0.735843 0.873849 0.069751 0.136280
