0 0.272861 0.467092 0.044248 0.057957
0 0.209808 0.668959 0.292773 0.066798
0 0.028024 0.532417 0.045723 0.060904
0 0.566003 0.670923 0.114307 0.066798
0 0.348083 0.403733 0.044248 0.062868
0 0.012906 0.395383 0.024336 0.063851
0 0.206858 0.599705 0.044985 0.059921
0 0.247788 0.401277 0.045723 0.061886
0 0.483776 0.535855 0.042773 0.057957
0 0.284661 0.532417 0.042773 0.060904
0 0.384218 0.533890 0.042773 0.057957
0 0.196534 0.399804 0.046460 0.060904
0 0.043510 0.398330 0.047198 0.061886
0 0.155605 0.600196 0.045723 0.060904
0 0.052729 0.598723 0.044985 0.059921
0 0.446903 0.404715 0.044248 0.060904
0 0.012537 0.598723 0.023599 0.061886
0 0.182522 0.532417 0.044985 0.058939
0 0.500737 0.479371 1.000000 0.514735
0 0.020280 0.667976 0.039086 0.068762
0 0.012906 0.463163 0.024336 0.061886
0 0.533555 0.535363 0.043510 0.058939
0 0.233776 0.532417 0.044248 0.060904
0 0.397493 0.404224 0.044248 0.061886
0 0.334440 0.533399 0.043510 0.058939
0 0.521018 0.470039 0.044985 0.059921
0 0.012537 0.598232 0.023599 0.060904
0 0.358776 0.601179 0.043510 0.060904
0 0.068215 0.464145 0.046460 0.061886
0 0.422198 0.469548 0.043510 0.056974
0 0.409292 0.601179 0.042773 0.058939
0 0.012168 0.530943 0.022861 0.061886
0 0.496313 0.403733 0.042773 0.058939
0 0.020280 0.464145 0.039086 0.061886
0 0.170354 0.464145 0.044248 0.057957
0 0.130900 0.531434 0.043510 0.058939
0 0.571903 0.404224 0.098083 0.063851
0 0.018805 0.462672 0.036136 0.060904
0 0.584440 0.503438 0.071534 0.126719
0 0.118732 0.465128 0.045723 0.059921
0 0.471608 0.469057 0.043510 0.057957
0 0.023599 0.530943 0.045723 0.063851
0 0.012537 0.397839 0.023599 0.060904
0 0.144912 0.398821 0.046460 0.060904
0 0.552360 0.601670 0.134218 0.059921
0 0.104351 0.599705 0.046460 0.061886
0 0.308628 0.600688 0.044985 0.059921
0 0.390487 0.668468 0.059735 0.065815
0 0.079646 0.531925 0.044248 0.059921
0 0.323009 0.467583 0.044248 0.056974
0 0.032080 0.667976 0.062684 0.066798
0 0.297935 0.402750 0.045723 0.062868
0 0.258112 0.600688 0.045723 0.059921
0 0.012168 0.396857 0.022861 0.060904
0 0.372419 0.469057 0.044248 0.057957
0 0.221608 0.466601 0.044985 0.058939
0 0.094395 0.397839 0.045723 0.060904
0 0.434366 0.535855 0.042773 0.055992
0 0.457965 0.601670 0.042773 0.057957
0 0.015855 0.600196 0.030236 0.060904
