0 0.334062 0.547222 0.035625 0.063333
0 0.488438 0.693333 0.054375 0.071111
0 0.412813 0.547222 0.035625 0.063333
0 0.595000 0.408333 0.065000 0.061111
0 0.227500 0.408333 0.033750 0.061111
0 0.206875 0.478333 0.035000 0.063333
0 0.168437 0.478333 0.034375 0.063333
0 0.511250 0.617222 0.035000 0.063333
0 0.373437 0.547778 0.035625 0.064444
0 0.403750 0.477778 0.035000 0.062222
0 0.604062 0.692778 0.054375 0.072222
0 0.111250 0.410000 0.033750 0.060000
0 0.129688 0.478333 0.035625 0.063333
0 0.442500 0.477778 0.035000 0.062222
0 0.255000 0.548889 0.035000 0.064444
0 0.273438 0.618889 0.035625 0.064444
0 0.570000 0.546667 0.036250 0.064444
0 0.188438 0.409444 0.034375 0.061111
0 0.491563 0.546667 0.034375 0.064444
0 0.246250 0.478889 0.035000 0.062222
0 0.423438 0.409444 0.035625 0.061111
0 0.501563 0.408333 0.035625 0.061111
0 0.313750 0.618333 0.036250 0.063333
0 0.294375 0.548333 0.035000 0.063333
0 0.353438 0.618333 0.035625 0.063333
0 0.133437 0.692778 0.055625 0.065556
0 0.071875 0.618889 0.043750 0.062222
0 0.155938 0.618333 0.034375 0.063333
0 0.462813 0.409444 0.035625 0.061111
0 0.150312 0.409444 0.034375 0.061111
0 0.384688 0.409444 0.035625 0.061111
0 0.083750 0.549444 0.063750 0.063333
0 0.215312 0.547778 0.034375 0.064444
0 0.432188 0.617222 0.035625 0.063333
0 0.452500 0.546667 0.035000 0.064444
0 0.345625 0.409444 0.035000 0.061111
0 0.074688 0.689444 0.053125 0.067778
0 0.560312 0.476667 0.035625 0.062222
0 0.540312 0.406667 0.034375 0.060000
0 0.176250 0.548333 0.033750 0.063333
0 0.521250 0.477222 0.035000 0.063333
0 0.325000 0.478333 0.035000 0.063333
0 0.335313 0.690000 0.243125 0.066667
0 0.392813 0.618333 0.036875 0.065556
0 0.471875 0.617222 0.035000 0.063333
0 0.081250 0.478889 0.053750 0.062222
0 0.072813 0.409444 0.033125 0.058889
0 0.364375 0.478333 0.035000 0.063333
0 0.306250 0.408889 0.035000 0.060000
0 0.137187 0.548333 0.034375 0.063333
0 0.265937 0.408333 0.034375 0.061111
0 0.194688 0.618333 0.034375 0.063333
0 0.605000 0.511667 0.046250 0.134444
0 0.481875 0.477222 0.035000 0.061111
0 0.285625 0.477778 0.035000 0.062222
0 0.491875 0.528333 0.906250 0.454444
0 0.234063 0.618889 0.035625 0.064444
0 0.530937 0.546667 0.035625 0.064444
0 0.581250 0.617778 0.096250 0.064444
0 0.116875 0.618333 0.035000 0.063333
