0 0.075042 0.214918 0.104553 0.051833
0 0.573777 0.302465 0.098651 0.057522
0 0.497049 0.353666 0.992411 0.512642
0 0.592327 0.365676 0.102024 0.065107
0 0.959528 0.536030 0.082631 0.083439
0 0.166948 0.336599 0.116358 0.062579
0 0.758853 0.444374 0.111298 0.070796
0 0.459949 0.237990 0.096965 0.054994
0 0.379005 0.351138 0.108769 0.065107
0 0.417791 0.421934 0.117201 0.072693
0 0.169899 0.220291 0.107083 0.052465
0 0.268971 0.282554 0.112985 0.056890
0 0.816610 0.378951 0.105396 0.066372
0 0.071669 0.269912 0.118044 0.055626
0 0.085582 0.397598 0.132378 0.070796
0 0.656408 0.250316 0.093592 0.055626
0 0.193929 0.405815 0.134907 0.072061
0 0.959949 0.264223 0.081788 0.055626
0 0.170320 0.275601 0.116358 0.056890
0 0.641231 0.435525 0.107083 0.067004
0 0.364250 0.231037 0.097808 0.053729
0 0.557757 0.243995 0.093592 0.054362
0 0.645025 0.513590 0.131535 0.085335
0 0.677487 0.308786 0.096965 0.058786
0 0.371417 0.289191 0.108769 0.058786
0 0.701518 0.373578 0.104553 0.067004
0 0.264334 0.226296 0.105396 0.053097
0 0.064503 0.329014 0.122260 0.061315
0 0.862142 0.260430 0.096965 0.056890
0 0.273609 0.342920 0.117201 0.062579
0 0.305228 0.413717 0.123103 0.072693
0 0.758432 0.255057 0.095278 0.054994
0 0.291737 0.488306 0.581788 0.115676
0 0.892074 0.320480 0.106239 0.061947
0 0.909781 0.454488 0.182125 0.077118
0 0.484401 0.357775 0.103710 0.064475
0 0.931282 0.386536 0.112142 0.068900
0 0.471754 0.294564 0.102024 0.055626
0 0.529511 0.429204 0.112985 0.069532
0 0.784992 0.314159 0.099494 0.059418
