0 0.823125 0.419375 0.051250 0.081250
0 0.685000 0.438125 0.045000 0.036250
0 0.489375 0.438750 0.043750 0.037500
0 0.514375 0.480000 0.043750 0.037500
0 0.441250 0.438750 0.042500 0.037500
0 0.465625 0.524375 0.238750 0.043750
0 0.648125 0.356250 0.043750 0.037500
0 0.417500 0.480000 0.045000 0.037500
0 0.493750 0.428125 0.740000 0.261250
0 0.211250 0.525625 0.045000 0.043750
0 0.790000 0.479375 0.105000 0.038750
0 0.745000 0.355625 0.042500 0.036250
0 0.210000 0.356875 0.045000 0.036250
0 0.696875 0.356250 0.043750 0.037500
0 0.259375 0.358125 0.043750 0.036250
0 0.405000 0.356875 0.042500 0.036250
0 0.635625 0.438750 0.043750 0.037500
0 0.733750 0.438750 0.045000 0.037500
0 0.167500 0.480625 0.057500 0.038750
0 0.260000 0.525625 0.045000 0.043750
0 0.160625 0.357500 0.043750 0.035000
0 0.526875 0.397500 0.043750 0.037500
0 0.721250 0.397500 0.045000 0.037500
0 0.501875 0.356875 0.043750 0.036250
0 0.331875 0.397500 0.043750 0.037500
0 0.550625 0.356875 0.043750 0.036250
0 0.356250 0.356875 0.042500 0.036250
0 0.478125 0.398125 0.043750 0.036250
0 0.586875 0.438750 0.043750 0.037500
0 0.393125 0.439375 0.043750 0.036250
0 0.611875 0.480000 0.043750 0.037500
0 0.380625 0.398750 0.043750 0.037500
0 0.466250 0.480000 0.045000 0.037500
0 0.429375 0.397500 0.043750 0.037500
0 0.180000 0.438750 0.080000 0.037500
0 0.782500 0.438750 0.045000 0.037500
0 0.660625 0.479375 0.043750 0.036250
0 0.538750 0.439375 0.042500 0.036250
0 0.599375 0.356250 0.043750 0.037500
0 0.574375 0.397500 0.043750 0.037500
0 0.271875 0.480000 0.043750 0.037500
0 0.673750 0.525625 0.045000 0.043750
0 0.369375 0.480625 0.043750 0.036250
0 0.623125 0.397500 0.043750 0.037500
0 0.246875 0.440000 0.043750 0.037500
0 0.672500 0.397500 0.042500 0.037500
0 0.295625 0.439375 0.043750 0.036250
0 0.563125 0.480000 0.043750 0.037500
0 0.344375 0.439375 0.043750 0.036250
0 0.307500 0.356875 0.045000 0.036250
0 0.320625 0.480625 0.043750 0.036250
0 0.173125 0.397500 0.066250 0.037500
0 0.770000 0.397500 0.045000 0.037500
0 0.223125 0.480625 0.043750 0.036250
0 0.708750 0.480000 0.045000 0.037500
0 0.283125 0.397500 0.043750 0.037500
0 0.807500 0.355625 0.070000 0.038750
0 0.453125 0.356875 0.043750 0.036250
0 0.235000 0.398125 0.045000 0.038750
