0 0.267287 0.512931 0.050532 0.054598
0 0.812500 0.568247 0.050532 0.053161
0 0.280585 0.569684 0.050532 0.053161
0 0.333777 0.568966 0.050532 0.054598
0 0.732713 0.624282 0.050532 0.053161
0 0.187500 0.456178 0.050532 0.053161
0 0.294548 0.456897 0.051862 0.054598
0 0.154920 0.569684 0.091755 0.053161
0 0.496011 0.555316 0.800532 0.331897
0 0.615027 0.456897 0.051862 0.054598
0 0.468085 0.681753 0.263298 0.053161
0 0.547207 0.568966 0.049202 0.054598
0 0.507979 0.456178 0.050532 0.053161
0 0.706782 0.568966 0.051862 0.054598
0 0.533910 0.512931 0.051862 0.054598
0 0.361037 0.625000 0.051862 0.054598
0 0.772606 0.454741 0.050532 0.053161
0 0.134309 0.456178 0.050532 0.053161
0 0.840426 0.456178 0.077128 0.053161
0 0.440160 0.568966 0.050532 0.054598
0 0.799867 0.512213 0.049202 0.053161
0 0.640293 0.512213 0.051862 0.053161
0 0.480718 0.512213 0.051862 0.053161
0 0.189495 0.681753 0.051862 0.056034
0 0.308511 0.625000 0.050532 0.054598
0 0.242686 0.681753 0.051862 0.056034
0 0.626995 0.624282 0.051862 0.053161
0 0.414229 0.625000 0.051862 0.054598
0 0.587766 0.512213 0.050532 0.053161
0 0.720080 0.456178 0.051862 0.053161
0 0.400931 0.456897 0.051862 0.054598
0 0.573803 0.625000 0.051862 0.054598
0 0.746676 0.512931 0.051862 0.054598
0 0.854388 0.540948 0.051862 0.110632
0 0.201463 0.625000 0.051862 0.054598
0 0.147606 0.512931 0.077128 0.054598
0 0.427527 0.512213 0.049202 0.053161
0 0.680186 0.624282 0.051862 0.053161
0 0.693484 0.512213 0.051862 0.053161
0 0.693484 0.681034 0.051862 0.054598
0 0.561170 0.456897 0.053191 0.054598
0 0.374335 0.512931 0.051862 0.054598
0 0.214761 0.512931 0.051862 0.054598
0 0.759973 0.568966 0.051862 0.054598
0 0.241356 0.456178 0.051862 0.053161
0 0.654255 0.568966 0.050532 0.054598
0 0.454122 0.456897 0.051862 0.054598
0 0.254654 0.625000 0.051862 0.054598
0 0.386968 0.568966 0.050532 0.054598
0 0.228059 0.568966 0.049202 0.054598
0 0.348404 0.455460 0.050532 0.054598
0 0.141622 0.626437 0.065160 0.054598
0 0.468085 0.625000 0.053191 0.054598
0 0.668218 0.456897 0.051862 0.054598
0 0.493351 0.568966 0.050532 0.054598
0 0.819814 0.625000 0.118351 0.054598
0 0.520612 0.625000 0.051862 0.054598
0 0.320479 0.512931 0.050532 0.054598
0 0.600399 0.568247 0.051862 0.053161
