0 0.455000 0.401875 0.050000 0.046250
0 0.170000 0.627500 0.052500 0.060000
0 0.496250 0.510000 0.047500 0.045000
0 0.056875 0.401250 0.051250 0.047500
0 0.693750 0.565625 0.047500 0.046250
0 0.228125 0.401875 0.051250 0.046250
0 0.482500 0.455625 0.050000 0.046250
0 0.652500 0.455625 0.050000 0.046250
0 0.128125 0.565625 0.051250 0.046250
0 0.596250 0.455625 0.050000 0.046250
0 0.511250 0.401875 0.050000 0.046250
0 0.341875 0.402500 0.051250 0.047500
0 0.356250 0.566250 0.050000 0.047500
0 0.786250 0.564375 0.120000 0.048750
0 0.398125 0.401875 0.051250 0.046250
0 0.821875 0.482500 0.053750 0.102500
0 0.807500 0.401250 0.080000 0.047500
0 0.765000 0.455000 0.047500 0.047500
0 0.142500 0.456250 0.052500 0.047500
0 0.525000 0.564375 0.050000 0.048750
0 0.115000 0.401875 0.050000 0.046250
0 0.553750 0.510000 0.047500 0.045000
0 0.270625 0.510625 0.048750 0.046250
0 0.581875 0.563750 0.048750 0.047500
0 0.439375 0.511250 0.048750 0.047500
0 0.625000 0.401875 0.050000 0.046250
0 0.313125 0.455625 0.048750 0.046250
0 0.723125 0.509375 0.048750 0.046250
0 0.383750 0.510625 0.047500 0.046250
0 0.610000 0.510625 0.050000 0.046250
0 0.158125 0.510625 0.048750 0.046250
0 0.213125 0.511875 0.048750 0.046250
0 0.285625 0.400625 0.048750 0.046250
0 0.412500 0.565000 0.050000 0.047500
0 0.200000 0.455000 0.050000 0.047500
0 0.653125 0.625625 0.051250 0.056250
0 0.062500 0.567500 0.067500 0.050000
0 0.468125 0.565000 0.048750 0.047500
0 0.426875 0.455625 0.048750 0.046250
0 0.539375 0.455000 0.048750 0.045000
0 0.256250 0.456250 0.050000 0.047500
0 0.243125 0.565000 0.048750 0.047500
0 0.171875 0.401875 0.051250 0.046250
0 0.735625 0.401875 0.048750 0.046250
0 0.411875 0.625625 0.276250 0.058750
0 0.639375 0.564375 0.048750 0.046250
0 0.442500 0.498125 0.845000 0.331250
0 0.113125 0.626875 0.053750 0.058750
0 0.299375 0.565625 0.051250 0.048750
0 0.568750 0.401250 0.050000 0.047500
0 0.370000 0.454375 0.047500 0.046250
0 0.078125 0.512500 0.093750 0.047500
0 0.708750 0.455625 0.050000 0.048750
0 0.328125 0.510000 0.048750 0.045000
0 0.070000 0.456250 0.080000 0.047500
0 0.778125 0.510000 0.048750 0.047500
0 0.681250 0.401250 0.050000 0.047500
0 0.666875 0.510000 0.048750 0.045000
0 0.186250 0.565625 0.050000 0.046250
