0 0.829646 0.400442 0.060472 0.095870
0 0.666667 0.422566 0.053097 0.042773
0 0.435841 0.423304 0.051622 0.044248
0 0.465339 0.471976 0.051622 0.044248
0 0.379056 0.423304 0.050147 0.044248
0 0.407817 0.524336 0.281711 0.051622
0 0.623156 0.325959 0.051622 0.044248
0 0.351032 0.471976 0.053097 0.044248
0 0.441003 0.410767 0.873156 0.308260
0 0.107670 0.525811 0.053097 0.051622
0 0.790560 0.471239 0.123894 0.045723
0 0.737463 0.325221 0.050147 0.042773
0 0.106195 0.326696 0.053097 0.042773
0 0.680678 0.325959 0.051622 0.044248
0 0.164454 0.328171 0.051622 0.042773
0 0.336283 0.326696 0.050147 0.042773
0 0.608407 0.423304 0.051622 0.044248
0 0.724189 0.423304 0.053097 0.044248
0 0.056047 0.472714 0.067847 0.045723
0 0.165192 0.525811 0.053097 0.051622
0 0.047935 0.327434 0.051622 0.041298
0 0.480088 0.374631 0.051622 0.044248
0 0.709440 0.374631 0.053097 0.044248
0 0.450590 0.326696 0.051622 0.042773
0 0.250000 0.374631 0.051622 0.044248
0 0.508112 0.326696 0.051622 0.042773
0 0.278761 0.326696 0.050147 0.042773
0 0.422566 0.375369 0.051622 0.042773
0 0.550885 0.423304 0.051622 0.044248
0 0.322271 0.424041 0.051622 0.042773
0 0.580383 0.471976 0.051622 0.044248
0 0.307522 0.376106 0.051622 0.044248
0 0.408555 0.471976 0.053097 0.044248
0 0.365044 0.374631 0.051622 0.044248
0 0.070796 0.423304 0.094395 0.044248
0 0.781711 0.423304 0.053097 0.044248
0 0.637906 0.471239 0.051622 0.042773
0 0.494100 0.424041 0.050147 0.042773
0 0.565634 0.325959 0.051622 0.044248
0 0.536136 0.374631 0.051622 0.044248
0 0.179204 0.471976 0.051622 0.044248
0 0.653392 0.525811 0.053097 0.051622
0 0.294248 0.472714 0.051622 0.042773
0 0.593658 0.374631 0.051622 0.044248
0 0.149705 0.424779 0.051622 0.044248
0 0.651917 0.374631 0.050147 0.044248
0 0.207227 0.424041 0.051622 0.042773
0 0.522861 0.471976 0.051622 0.044248
0 0.264749 0.424041 0.051622 0.042773
0 0.221239 0.326696 0.053097 0.042773
0 0.236726 0.472714 0.051622 0.042773
0 0.062684 0.374631 0.078171 0.044248
0 0.766962 0.374631 0.053097 0.044248
0 0.121681 0.472714 0.051622 0.042773
0 0.694690 0.471976 0.053097 0.044248
0 0.192478 0.374631 0.051622 0.044248
0 0.811209 0.325221 0.082596 0.045723
0 0.393068 0.326696 0.051622 0.042773
0 0.135693 0.375369 0.053097 0.045723
