0 0.437385 0.309853 0.038674 0.037753
0 0.792357 0.371547 0.039595 0.080110
0 0.406077 0.431860 0.038674 0.038674
0 0.447974 0.431400 0.037753 0.037753
0 0.707643 0.350368 0.037753 0.037753
0 0.332873 0.350368 0.037753 0.037753
0 0.551565 0.390884 0.036832 0.037753
0 0.593002 0.390884 0.038674 0.037753
0 0.458103 0.350368 0.037753 0.037753
0 0.520718 0.309853 0.037753 0.037753
0 0.290976 0.350829 0.038674 0.038674
0 0.489411 0.473757 0.205341 0.039595
0 0.666206 0.350368 0.037753 0.037753
0 0.343002 0.391344 0.037753 0.036832
0 0.354052 0.310313 0.037753 0.038674
0 0.572744 0.431860 0.038674 0.038674
0 0.687385 0.309853 0.037753 0.037753
0 0.666206 0.472836 0.039595 0.039595
0 0.233886 0.432781 0.049724 0.038674
0 0.634899 0.390884 0.037753 0.037753
0 0.228821 0.309853 0.037753 0.037753
0 0.562615 0.310773 0.038674 0.037753
0 0.509669 0.390884 0.037753 0.037753
0 0.374770 0.350368 0.038674 0.037753
0 0.488950 0.431400 0.038674 0.037753
0 0.604052 0.310773 0.038674 0.037753
0 0.765654 0.431860 0.091160 0.038674
0 0.364180 0.431400 0.037753 0.037753
0 0.697053 0.431860 0.038674 0.036832
0 0.312155 0.309853 0.038674 0.037753
0 0.530847 0.431400 0.037753 0.037753
0 0.511510 0.375230 0.625230 0.256906
0 0.499540 0.350368 0.037753 0.037753
0 0.656077 0.431400 0.037753 0.037753
0 0.759669 0.390884 0.038674 0.037753
0 0.396409 0.309853 0.037753 0.037753
0 0.301565 0.390884 0.037753 0.037753
0 0.781308 0.310313 0.059853 0.038674
0 0.749540 0.350368 0.036832 0.037753
0 0.385359 0.390884 0.037753 0.037753
0 0.613720 0.431400 0.037753 0.037753
0 0.582873 0.350368 0.036832 0.037753
0 0.313536 0.473297 0.039595 0.040516
0 0.281308 0.431860 0.037753 0.036832
0 0.676335 0.390884 0.037753 0.037753
0 0.426796 0.390884 0.037753 0.037753
0 0.468232 0.390884 0.037753 0.037753
0 0.718232 0.390884 0.038674 0.037753
0 0.479742 0.309853 0.038674 0.037753
0 0.624309 0.350829 0.036832 0.036832
0 0.416667 0.350829 0.037753 0.038674
0 0.272099 0.473757 0.039595 0.039595
0 0.728361 0.309392 0.036832 0.036832
0 0.322744 0.431860 0.037753 0.036832
0 0.541436 0.350368 0.036832 0.037753
0 0.239411 0.350829 0.058932 0.038674
0 0.244015 0.391344 0.069982 0.038674
0 0.645948 0.310313 0.037753 0.038674
0 0.270718 0.309853 0.036832 0.037753
