0 0.018300 0.304511 0.035473 0.140351
0 0.416104 0.615915 0.065315 0.144110
0 0.075732 0.929198 0.067005 0.144110
0 0.541948 0.461153 0.065878 0.142857
0 0.380912 0.770677 0.067005 0.142857
0 0.452703 0.927945 0.356982 0.144110
0 0.614020 0.459900 0.064752 0.142857
0 0.434685 0.304511 0.066441 0.142857
0 0.254223 0.461153 0.067005 0.142857
0 0.291385 0.305138 0.065878 0.141604
0 0.452984 0.770677 0.067005 0.142857
0 0.650056 0.305764 0.067005 0.142857
0 0.686092 0.461153 0.065878 0.142857
0 0.146396 0.305138 0.066441 0.141604
0 0.308559 0.771930 0.066441 0.142857
0 0.722128 0.305764 0.065878 0.142857
0 0.632038 0.615288 0.065878 0.145363
0 0.901182 0.459273 0.064752 0.144110
0 0.703829 0.616541 0.065315 0.142857
0 0.918919 0.615288 0.065315 0.142857
0 0.182432 0.459273 0.066441 0.144110
0 0.595439 0.770677 0.067005 0.142857
0 0.036318 0.458647 0.071509 0.142857
0 0.757601 0.460526 0.065878 0.144110
0 0.828829 0.460526 0.066441 0.144110
0 0.326577 0.460526 0.065315 0.141604
0 0.110923 0.460526 0.067568 0.144110
0 0.506757 0.305764 0.065315 0.142857
0 0.864865 0.303258 0.065315 0.140351
0 0.237613 0.771303 0.066441 0.141604
0 0.092905 0.770677 0.067568 0.140351
0 0.398649 0.460526 0.065315 0.141604
0 0.075169 0.304511 0.065878 0.140351
0 0.272804 0.616541 0.065878 0.145363
0 0.470721 0.461153 0.066441 0.142857
0 0.924268 0.769424 0.152590 0.145363
0 0.362613 0.304511 0.066441 0.142857
0 0.970439 0.537594 0.060248 0.298246
0 0.757601 0.929198 0.067005 0.141604
0 0.128941 0.614662 0.065315 0.141604
0 0.165541 0.771303 0.065315 0.141604
0 0.200450 0.616541 0.066441 0.142857
0 0.524212 0.771303 0.066441 0.141604
0 0.344313 0.615915 0.065878 0.141604
0 0.667511 0.770050 0.067005 0.141604
0 0.148086 0.929198 0.067568 0.141604
0 0.578547 0.305138 0.067005 0.141604
0 0.952421 0.303885 0.096284 0.141604
0 0.219313 0.305138 0.065878 0.141604
0 0.740428 0.770677 0.066441 0.140351
0 0.487894 0.615915 0.065878 0.144110
0 0.500563 0.527569 1.000000 0.947368
0 0.847410 0.615288 0.065315 0.142857
0 0.045327 0.614035 0.089527 0.142857
0 0.793919 0.305138 0.065315 0.141604
0 0.810811 0.770677 0.066441 0.140351
0 0.559966 0.615288 0.063626 0.142857
0 0.775056 0.617168 0.065878 0.144110
0 0.027309 0.770677 0.053491 0.142857
