0 0.148607 0.537760 0.058824 0.096354
0 0.166409 0.339844 0.057276 0.096354
0 0.331269 0.539062 0.058824 0.098958
0 0.777864 0.334635 0.057276 0.096354
0 0.899381 0.388021 0.058824 0.197917
0 0.670279 0.436198 0.058824 0.096354
0 0.091331 0.339844 0.086687 0.096354
0 0.240712 0.438802 0.057276 0.096354
0 0.209752 0.537760 0.057276 0.096354
0 0.794118 0.436198 0.058824 0.096354
0 0.685759 0.235677 0.058824 0.096354
0 0.609133 0.434896 0.060372 0.098958
0 0.137771 0.242188 0.055728 0.093750
0 0.379257 0.238281 0.058824 0.096354
0 0.257740 0.240885 0.057276 0.096354
0 0.578173 0.536458 0.060372 0.098958
0 0.270898 0.537760 0.058824 0.096354
0 0.286378 0.337240 0.058824 0.096354
0 0.547214 0.436198 0.057276 0.096354
0 0.470588 0.335938 0.058824 0.093750
0 0.516254 0.537760 0.060372 0.096354
0 0.195046 0.640625 0.058824 0.098958
0 0.348297 0.337240 0.058824 0.096354
0 0.654799 0.334635 0.058824 0.096354
0 0.563467 0.236979 0.058824 0.093750
0 0.301084 0.437500 0.057276 0.098958
0 0.640093 0.536458 0.060372 0.098958
0 0.179567 0.438802 0.055728 0.096354
0 0.623839 0.235677 0.058824 0.096354
0 0.702786 0.535156 0.058824 0.096354
0 0.078173 0.243490 0.054180 0.091146
0 0.198142 0.240885 0.058824 0.096354
0 0.718266 0.639323 0.061920 0.101562
0 0.716718 0.334635 0.058824 0.096354
0 0.440402 0.236979 0.060372 0.093750
0 0.454334 0.536458 0.060372 0.098958
0 0.485294 0.437500 0.057276 0.098958
0 0.409443 0.335938 0.057276 0.093750
0 0.746130 0.236979 0.058824 0.093750
0 0.882353 0.236979 0.086687 0.093750
0 0.863003 0.535156 0.134675 0.101562
0 0.318111 0.238281 0.057276 0.096354
0 0.363003 0.436198 0.057276 0.096354
0 0.853715 0.436198 0.057276 0.096354
0 0.807276 0.236979 0.057276 0.093750
0 0.732198 0.437500 0.058824 0.098958
0 0.763932 0.535156 0.060372 0.096354
0 0.098297 0.441406 0.100619 0.096354
0 0.838235 0.335938 0.057276 0.093750
0 0.501548 0.236979 0.058824 0.093750
0 0.080495 0.540365 0.074303 0.096354
0 0.133127 0.640625 0.058824 0.098958
0 0.226006 0.338542 0.055728 0.098958
0 0.424149 0.437500 0.058824 0.098958
0 0.532508 0.335938 0.058824 0.098958
0 0.593653 0.334635 0.057276 0.096354
0 0.393189 0.536458 0.058824 0.098958
0 0.492260 0.415365 0.922601 0.601562
0 0.455108 0.640625 0.306502 0.098958
