0 0.362018 0.255011 0.047478 0.064588
0 0.378338 0.113029 0.047478 0.061247
0 0.199926 0.252227 0.049703 0.065702
0 0.661350 0.329621 0.049703 0.064588
0 0.125742 0.250557 0.089763 0.066815
0 0.715134 0.329621 0.050445 0.064588
0 0.638724 0.115813 0.047478 0.060134
0 0.206231 0.412027 0.056380 0.084633
0 0.273739 0.111915 0.047478 0.061247
0 0.826409 0.218820 0.054896 0.134744
0 0.553042 0.330735 0.051187 0.069042
0 0.149852 0.412584 0.053412 0.085746
0 0.720326 0.184298 0.047478 0.061247
0 0.771884 0.183185 0.046736 0.061247
0 0.498516 0.331292 0.050445 0.067929
0 0.790430 0.255011 0.049703 0.062361
0 0.190653 0.179287 0.048961 0.064588
0 0.510015 0.184855 0.048220 0.062361
0 0.534866 0.115813 0.047478 0.060134
0 0.297107 0.182071 0.048220 0.063474
0 0.684718 0.255568 0.048961 0.063474
0 0.690282 0.114699 0.046736 0.060134
0 0.470697 0.255568 0.048220 0.065702
0 0.253709 0.253898 0.048961 0.064588
0 0.307864 0.254454 0.048961 0.065702
0 0.586795 0.115256 0.047478 0.061247
0 0.614985 0.184855 0.047478 0.062361
0 0.741098 0.114143 0.045994 0.059020
0 0.388724 0.329621 0.050445 0.069042
0 0.243694 0.180401 0.048220 0.064588
0 0.106454 0.326281 0.066024 0.071269
0 0.737760 0.255011 0.049703 0.064588
0 0.326409 0.112472 0.045994 0.060134
0 0.221439 0.110245 0.048220 0.062361
0 0.804525 0.115813 0.071958 0.060134
0 0.333457 0.329621 0.051187 0.069042
0 0.680267 0.414254 0.053412 0.082405
0 0.123887 0.178174 0.075668 0.064588
0 0.116098 0.106347 0.048220 0.061247
0 0.631677 0.256682 0.048220 0.065702
0 0.403561 0.182628 0.047478 0.062361
0 0.802671 0.328508 0.115727 0.069042
0 0.667656 0.184298 0.047478 0.061247
0 0.443620 0.330735 0.050445 0.066815
0 0.168769 0.326837 0.051187 0.067929
0 0.443249 0.414254 0.273739 0.082405
0 0.483309 0.114699 0.046736 0.060134
0 0.607196 0.329621 0.049703 0.066815
0 0.278561 0.329065 0.049703 0.067929
0 0.350519 0.183185 0.048220 0.063474
0 0.468101 0.248886 0.833828 0.451002
0 0.168398 0.108575 0.047478 0.061247
0 0.562685 0.184298 0.046736 0.061247
0 0.416172 0.255568 0.047478 0.065702
0 0.577893 0.255568 0.048961 0.065702
0 0.456973 0.183742 0.047478 0.062361
0 0.524110 0.256125 0.048220 0.064588
0 0.223665 0.327951 0.049703 0.067929
0 0.430638 0.114143 0.046736 0.061247
