0 0.492076 0.390385 0.074485 0.176923
0 0.229794 0.771154 0.074485 0.173077
0 0.500792 0.501923 1.000000 1.000000
0 0.034469 0.580769 0.067353 0.176923
0 0.814976 0.939423 0.076862 0.125000
0 0.309826 0.773077 0.074485 0.176923
0 0.129160 0.940385 0.076070 0.123077
0 0.270206 0.582692 0.074485 0.176923
0 0.108162 0.580769 0.073693 0.173077
0 0.835182 0.582692 0.074485 0.176923
0 0.127971 0.201923 0.075277 0.176923
0 0.552298 0.772115 0.074485 0.175000
0 0.855784 0.201923 0.074485 0.176923
0 0.694532 0.201923 0.075277 0.176923
0 0.249208 0.390385 0.075277 0.176923
0 0.047940 0.939423 0.078447 0.125000
0 0.980190 0.580769 0.041204 0.173077
0 0.452060 0.201923 0.075277 0.176923
0 0.350634 0.581731 0.073693 0.175000
0 0.895404 0.390385 0.074485 0.176923
0 0.029319 0.388462 0.057052 0.173077
0 0.916006 0.580769 0.074485 0.176923
0 0.431062 0.581731 0.072900 0.175000
0 0.047147 0.200000 0.073693 0.173077
0 0.814976 0.389423 0.073693 0.175000
0 0.970285 0.388462 0.061014 0.173077
0 0.775753 0.201923 0.074485 0.176923
0 0.067353 0.772115 0.074485 0.175000
0 0.410856 0.389423 0.072108 0.175000
0 0.632726 0.771154 0.075277 0.176923
0 0.188590 0.581731 0.074485 0.175000
0 0.532488 0.201923 0.074485 0.176923
0 0.592314 0.581731 0.073693 0.175000
0 0.471474 0.938462 0.400951 0.126923
0 0.148970 0.772115 0.074485 0.175000
0 0.875198 0.771154 0.073693 0.173077
0 0.958796 0.770192 0.083994 0.178846
0 0.024564 0.771154 0.047544 0.176923
0 0.612916 0.201923 0.075277 0.176923
0 0.713550 0.771154 0.075277 0.173077
0 0.472266 0.771154 0.076070 0.176923
0 0.795166 0.771154 0.075277 0.173077
0 0.291204 0.200000 0.073693 0.176923
0 0.330428 0.390385 0.072900 0.176923
0 0.936609 0.198077 0.072900 0.173077
0 0.652932 0.389423 0.074485 0.175000
0 0.733756 0.391346 0.074485 0.175000
0 0.391046 0.771154 0.075277 0.176923
0 0.673930 0.581731 0.073693 0.178846
0 0.209192 0.201923 0.074485 0.176923
0 0.370840 0.200962 0.074485 0.178846
0 0.512282 0.581731 0.073693 0.175000
0 0.755547 0.582692 0.073693 0.176923
0 0.019017 0.199038 0.036450 0.175000
0 0.087559 0.390385 0.075277 0.176923
0 0.572504 0.391346 0.073693 0.178846
0 0.167987 0.389423 0.074485 0.175000
