0 0.425000 0.337395 0.040000 0.054358
0 0.438750 0.217901 0.040000 0.051546
0 0.288438 0.335052 0.041875 0.055295
0 0.677188 0.400187 0.041875 0.054358
0 0.225938 0.333646 0.075625 0.056232
0 0.722500 0.400187 0.042500 0.054358
0 0.658125 0.220244 0.040000 0.050609
0 0.293750 0.469541 0.047500 0.071228
0 0.350625 0.216963 0.040000 0.051546
0 0.816250 0.306935 0.046250 0.113402
0 0.585938 0.401125 0.043125 0.058107
0 0.246250 0.470009 0.045000 0.072165
0 0.726875 0.277882 0.040000 0.051546
0 0.770312 0.276945 0.039375 0.051546
0 0.540000 0.401593 0.042500 0.057170
0 0.785937 0.337395 0.041875 0.052484
0 0.280625 0.273664 0.041250 0.054358
0 0.549687 0.278351 0.040625 0.052484
0 0.570625 0.220244 0.040000 0.050609
0 0.370312 0.276007 0.040625 0.053421
0 0.696875 0.337863 0.041250 0.053421
0 0.701562 0.219306 0.039375 0.050609
0 0.516563 0.337863 0.040625 0.055295
0 0.333750 0.336457 0.041250 0.054358
0 0.379375 0.336926 0.041250 0.055295
0 0.614375 0.219775 0.040000 0.051546
0 0.638125 0.278351 0.040000 0.052484
0 0.744375 0.218838 0.038750 0.049672
0 0.447500 0.400187 0.042500 0.058107
0 0.325313 0.274602 0.040625 0.054358
0 0.209687 0.397376 0.055625 0.059981
0 0.741563 0.337395 0.041875 0.054358
0 0.395000 0.217432 0.038750 0.050609
0 0.306563 0.215558 0.040625 0.052484
0 0.797813 0.220244 0.060625 0.050609
0 0.400938 0.400187 0.043125 0.058107
0 0.693125 0.471415 0.045000 0.069353
0 0.224375 0.272727 0.063750 0.054358
0 0.217812 0.212277 0.040625 0.051546
0 0.652188 0.338800 0.040625 0.055295
0 0.460000 0.276476 0.040000 0.052484
0 0.796250 0.399250 0.097500 0.058107
0 0.682500 0.277882 0.040000 0.051546
0 0.493750 0.401125 0.042500 0.056232
0 0.262188 0.397844 0.043125 0.057170
0 0.493437 0.471415 0.230625 0.069353
0 0.527188 0.219306 0.039375 0.050609
0 0.631563 0.400187 0.041875 0.056232
0 0.354687 0.399719 0.041875 0.057170
0 0.415312 0.276945 0.040625 0.053421
0 0.514375 0.332240 0.702500 0.379569
0 0.261875 0.214152 0.040000 0.051546
0 0.594063 0.277882 0.039375 0.051546
0 0.470625 0.337863 0.040000 0.055295
0 0.606875 0.337863 0.041250 0.055295
0 0.505000 0.277413 0.040000 0.052484
0 0.561562 0.338332 0.040625 0.054358
0 0.308437 0.398782 0.041875 0.057170
0 0.482812 0.218838 0.039375 0.051546
