0 0.663333 0.380109 0.060000 0.070845
0 0.871111 0.454360 0.060000 0.072207
0 0.518333 0.608311 0.316667 0.074932
0 0.776111 0.529973 0.061111 0.070845
0 0.456667 0.531335 0.062222 0.073569
0 0.408889 0.382153 0.060000 0.072207
0 0.938333 0.532016 0.125556 0.074932
0 0.600000 0.380790 0.062222 0.072207
0 0.567778 0.307902 0.060000 0.070845
0 0.505000 0.306540 0.061111 0.070845
0 0.727222 0.380790 0.061111 0.072207
0 0.232222 0.455041 0.060000 0.070845
0 0.918333 0.378747 0.061111 0.073569
0 0.615556 0.455041 0.060000 0.070845
0 0.695000 0.306540 0.061111 0.070845
0 0.978889 0.418937 0.044444 0.148501
0 0.328333 0.531335 0.061111 0.073569
0 0.711667 0.530654 0.061111 0.072207
0 0.933889 0.455041 0.056667 0.070845
0 0.183333 0.608311 0.064444 0.074932
0 0.360556 0.455722 0.061111 0.072207
0 0.345000 0.381471 0.061111 0.073569
0 0.758889 0.306540 0.060000 0.070845
0 0.263889 0.531335 0.061111 0.073569
0 0.186111 0.305177 0.058889 0.070845
0 0.647778 0.531335 0.062222 0.073569
0 0.743889 0.456403 0.061111 0.070845
0 0.143333 0.457084 0.108889 0.074932
0 0.536667 0.381471 0.062222 0.070845
0 0.424444 0.455041 0.060000 0.070845
0 0.313889 0.306540 0.061111 0.070845
0 0.520000 0.530654 0.062222 0.072207
0 0.392222 0.531335 0.062222 0.073569
0 0.551667 0.455722 0.061111 0.072207
0 0.471667 0.380790 0.058889 0.072207
0 0.792778 0.606267 0.065556 0.073569
0 0.296111 0.456403 0.061111 0.070845
0 0.136111 0.380790 0.092222 0.072207
0 0.248333 0.607629 0.063333 0.073569
0 0.807222 0.455722 0.061111 0.072207
0 0.216667 0.380790 0.062222 0.072207
0 0.250000 0.306540 0.060000 0.070845
0 0.122222 0.305858 0.060000 0.069482
0 0.855000 0.379428 0.061111 0.072207
0 0.822222 0.306540 0.060000 0.070845
0 0.280556 0.380109 0.061111 0.073569
0 0.537778 0.442779 0.926667 0.441417
0 0.839444 0.529973 0.061111 0.070845
0 0.885556 0.303815 0.060000 0.070845
0 0.161111 0.530654 0.146667 0.074932
0 0.583889 0.531335 0.061111 0.073569
0 0.790556 0.380109 0.061111 0.073569
0 0.441667 0.307221 0.061111 0.069482
0 0.631667 0.307902 0.061111 0.070845
0 0.487778 0.455722 0.060000 0.072207
0 0.961111 0.305858 0.080000 0.072207
0 0.680000 0.455041 0.060000 0.070845
0 0.377778 0.306540 0.060000 0.070845
