0 0.481333 0.415186 0.062667 0.148627
0 0.260667 0.735057 0.062667 0.145396
0 0.501333 0.498384 0.997333 0.990307
0 0.065000 0.575121 0.114000 0.148627
0 0.940000 0.254443 0.096000 0.147011
0 0.753000 0.898223 0.064667 0.148627
0 0.957333 0.493538 0.062667 0.311793
0 0.328000 0.736672 0.062667 0.148627
0 0.176000 0.899031 0.064000 0.147011
0 0.294667 0.576737 0.062667 0.148627
0 0.158333 0.575121 0.062000 0.145396
0 0.770000 0.576737 0.062667 0.148627
0 0.175000 0.256866 0.063333 0.148627
0 0.532000 0.735864 0.062667 0.147011
0 0.787333 0.256866 0.062667 0.148627
0 0.651667 0.256866 0.063333 0.148627
0 0.277000 0.415186 0.063333 0.148627
0 0.107667 0.898223 0.066000 0.148627
0 0.905667 0.575121 0.062000 0.145396
0 0.447667 0.256866 0.063333 0.148627
0 0.362333 0.575929 0.062000 0.147011
0 0.820667 0.415186 0.062667 0.148627
0 0.056333 0.413570 0.096667 0.145396
0 0.838000 0.575121 0.062667 0.148627
0 0.430000 0.575929 0.061333 0.147011
0 0.107000 0.255250 0.062000 0.145396
0 0.753000 0.414378 0.062000 0.147011
0 0.889000 0.413570 0.062000 0.145396
0 0.720000 0.256866 0.062667 0.148627
0 0.124000 0.735864 0.062667 0.147011
0 0.413000 0.414378 0.060667 0.147011
0 0.599667 0.735057 0.063333 0.148627
0 0.226000 0.575929 0.062667 0.147011
0 0.515333 0.256866 0.062667 0.148627
0 0.565667 0.575929 0.062000 0.147011
0 0.464000 0.896607 0.337333 0.148627
0 0.192667 0.735864 0.062667 0.147011
0 0.803667 0.735057 0.062000 0.145396
0 0.913333 0.734249 0.149333 0.150242
0 0.047333 0.735057 0.080000 0.148627
0 0.583000 0.256866 0.063333 0.148627
0 0.667667 0.735057 0.063333 0.145396
0 0.464667 0.735057 0.064000 0.148627
0 0.736333 0.735057 0.063333 0.145396
0 0.312333 0.255250 0.062000 0.148627
0 0.345333 0.415186 0.061333 0.148627
0 0.855333 0.253635 0.061333 0.145396
0 0.616667 0.414378 0.062667 0.147011
0 0.684667 0.415994 0.062667 0.147011
0 0.396333 0.735057 0.063333 0.148627
0 0.634333 0.575929 0.062000 0.150242
0 0.243333 0.256866 0.062667 0.148627
0 0.379333 0.256058 0.062667 0.150242
0 0.498333 0.575929 0.062000 0.147011
0 0.703000 0.576737 0.062000 0.148627
0 0.039000 0.254443 0.062000 0.147011
0 0.141000 0.415186 0.063333 0.148627
0 0.549000 0.415994 0.062000 0.150242
0 0.208667 0.414378 0.062667 0.147011
