0 0.114583 0.405039 0.097756 0.102713
0 0.180288 0.457364 0.081731 0.110465
0 0.330529 0.250969 0.077724 0.091085
0 0.306490 0.336240 0.079327 0.091085
0 0.643029 0.484012 0.079327 0.093992
0 0.245593 0.288275 0.077724 0.093992
0 0.455529 0.344961 0.079327 0.093023
0 0.494792 0.475775 0.079327 0.091085
0 0.557292 0.521318 0.079327 0.093023
0 0.838141 0.526647 0.080128 0.095930
0 0.500801 0.500969 1.000000 1.000000
0 0.962740 0.619186 0.076122 0.094961
0 0.336138 0.154554 0.079327 0.093992
0 0.710737 0.432655 0.080128 0.093992
0 0.804087 0.810078 0.079327 0.094961
0 0.768830 0.578488 0.080929 0.096899
0 0.580128 0.437016 0.080128 0.093023
0 0.901442 0.576066 0.080128 0.095930
0 0.648638 0.385659 0.080929 0.093023
0 0.739984 0.760659 0.079327 0.094961
0 0.773638 0.478682 0.079327 0.093023
0 0.369792 0.381783 0.079327 0.096899
0 0.237981 0.386143 0.080128 0.093992
0 0.460337 0.246609 0.077724 0.093992
0 0.980769 0.806202 0.040064 0.178295
0 0.619792 0.569283 0.080929 0.093992
0 0.431090 0.426841 0.080128 0.095930
0 0.393429 0.299419 0.078526 0.094961
0 0.104567 0.291182 0.100160 0.105620
0 0.683494 0.615310 0.080128 0.094961
0 0.936699 0.808140 0.080128 0.098837
0 0.268029 0.206880 0.079327 0.092054
0 0.959135 0.720446 0.081731 0.095930
0 0.362981 0.482074 0.080128 0.093992
0 0.895833 0.672965 0.080128 0.095930
0 0.425481 0.525678 0.083333 0.095930
0 0.211138 0.066376 0.082532 0.095930
0 0.714343 0.860950 0.085737 0.103682
0 0.275240 0.109496 0.076122 0.091085
0 0.518029 0.390504 0.077724 0.091085
0 0.522837 0.293605 0.079327 0.091085
0 0.706330 0.529554 0.079327 0.093992
0 0.809696 0.711240 0.079327 0.094961
0 0.487981 0.572190 0.080128 0.095930
0 0.440705 0.653585 0.338141 0.301357
0 0.831330 0.625484 0.079327 0.093992
0 0.550481 0.620155 0.080128 0.094961
0 0.157051 0.230620 0.128205 0.124031
0 0.612981 0.667151 0.080128 0.095930
0 0.398638 0.199612 0.077724 0.093023
0 0.187901 0.153101 0.117788 0.120155
0 0.745593 0.664244 0.080929 0.095930
0 0.175481 0.340116 0.080128 0.094961
0 0.676683 0.715116 0.079327 0.098837
0 0.299279 0.433140 0.079327 0.093023
0 0.872596 0.758236 0.076923 0.093992
0 0.905849 0.889535 0.167468 0.160853
0 0.585337 0.339632 0.079327 0.092054
