0 0.365900 0.572176 0.053640 0.060669
0 0.658046 0.573222 0.055556 0.058577
0 0.126437 0.634937 0.091954 0.060669
0 0.234674 0.696653 0.055556 0.058577
0 0.453065 0.511506 0.055556 0.060669
0 0.585249 0.695607 0.055556 0.060669
0 0.852490 0.695607 0.122605 0.060669
0 0.730843 0.633891 0.055556 0.058577
0 0.875479 0.508368 0.080460 0.062762
0 0.774904 0.572176 0.055556 0.060669
0 0.790230 0.633891 0.055556 0.058577
0 0.468391 0.695607 0.055556 0.060669
0 0.614943 0.633891 0.053640 0.058577
0 0.599617 0.572176 0.053640 0.060669
0 0.307471 0.573222 0.055556 0.062762
0 0.803640 0.509414 0.051724 0.060669
0 0.630268 0.511506 0.053640 0.060669
0 0.497126 0.633891 0.055556 0.058577
0 0.717433 0.572176 0.055556 0.060669
0 0.219349 0.510460 0.055556 0.058577
0 0.513410 0.510460 0.053640 0.058577
0 0.320881 0.634937 0.055556 0.060669
0 0.105364 0.508368 0.049808 0.062762
0 0.482759 0.573222 0.053640 0.062762
0 0.438697 0.633891 0.053640 0.058577
0 0.119732 0.572176 0.074713 0.060669
0 0.747126 0.510460 0.053640 0.058577
0 0.525862 0.695607 0.055556 0.060669
0 0.672414 0.633891 0.053640 0.058577
0 0.395594 0.509414 0.055556 0.060669
0 0.115900 0.697699 0.070881 0.060669
0 0.844828 0.633891 0.045977 0.058577
0 0.555556 0.633891 0.053640 0.058577
0 0.687739 0.510460 0.053640 0.058577
0 0.468391 0.759414 0.289272 0.062762
0 0.703065 0.694561 0.053640 0.058577
0 0.293103 0.696653 0.053640 0.058577
0 0.351533 0.695607 0.055556 0.060669
0 0.541188 0.573222 0.055556 0.062762
0 0.179119 0.695607 0.047893 0.060669
0 0.409004 0.695607 0.055556 0.060669
0 0.278736 0.510460 0.055556 0.058577
0 0.760536 0.695607 0.053640 0.060669
0 0.498084 0.631799 0.869732 0.359833
0 0.830460 0.572176 0.047893 0.060669
0 0.643678 0.695607 0.053640 0.060669
0 0.887931 0.602510 0.055556 0.125523
0 0.264368 0.633891 0.053640 0.058577
0 0.160920 0.510460 0.053640 0.058577
0 0.248084 0.573222 0.055556 0.062762
0 0.228927 0.761506 0.055556 0.062762
0 0.709770 0.761506 0.055556 0.062762
0 0.571839 0.510460 0.055556 0.058577
0 0.168582 0.761506 0.057471 0.062762
0 0.380268 0.633891 0.055556 0.058577
0 0.189655 0.573222 0.057471 0.062762
0 0.425287 0.572176 0.053640 0.060669
0 0.204981 0.633891 0.053640 0.058577
0 0.337165 0.509414 0.053640 0.060669
