0 0.365900 0.570981 0.053640 0.060543
0 0.658046 0.572025 0.055556 0.058455
0 0.126437 0.633612 0.091954 0.060543
0 0.234674 0.695198 0.055556 0.058455
0 0.453065 0.510438 0.055556 0.060543
0 0.585249 0.694154 0.055556 0.060543
0 0.852490 0.694154 0.122605 0.060543
0 0.730843 0.632568 0.055556 0.058455
0 0.875479 0.507307 0.080460 0.062630
0 0.774904 0.570981 0.055556 0.060543
0 0.790230 0.632568 0.055556 0.058455
0 0.468391 0.694154 0.055556 0.060543
0 0.614943 0.632568 0.053640 0.058455
0 0.599617 0.570981 0.053640 0.060543
0 0.307471 0.572025 0.055556 0.062630
0 0.803640 0.508351 0.051724 0.060543
0 0.630268 0.510438 0.053640 0.060543
0 0.497126 0.632568 0.055556 0.058455
0 0.717433 0.570981 0.055556 0.060543
0 0.219349 0.509395 0.055556 0.058455
0 0.513410 0.509395 0.053640 0.058455
0 0.320881 0.633612 0.055556 0.060543
0 0.105364 0.507307 0.049808 0.062630
0 0.482759 0.572025 0.053640 0.062630
0 0.438697 0.632568 0.053640 0.058455
0 0.119732 0.570981 0.074713 0.060543
0 0.747126 0.509395 0.053640 0.058455
0 0.525862 0.694154 0.055556 0.060543
0 0.672414 0.632568 0.053640 0.058455
0 0.395594 0.508351 0.055556 0.060543
0 0.115900 0.696242 0.070881 0.060543
0 0.844828 0.632568 0.045977 0.058455
0 0.555556 0.632568 0.053640 0.058455
0 0.687739 0.509395 0.053640 0.058455
0 0.468391 0.757829 0.289272 0.062630
0 0.703065 0.693111 0.053640 0.058455
0 0.293103 0.695198 0.053640 0.058455
0 0.351533 0.694154 0.055556 0.060543
0 0.541188 0.572025 0.055556 0.062630
0 0.179119 0.694154 0.047893 0.060543
0 0.409004 0.694154 0.055556 0.060543
0 0.278736 0.509395 0.055556 0.058455
0 0.760536 0.694154 0.053640 0.060543
0 0.498084 0.630480 0.869732 0.359081
0 0.830460 0.570981 0.047893 0.060543
0 0.643678 0.694154 0.053640 0.060543
0 0.887931 0.601253 0.055556 0.125261
0 0.264368 0.632568 0.053640 0.058455
0 0.160920 0.509395 0.053640 0.058455
0 0.248084 0.572025 0.055556 0.062630
0 0.228927 0.759916 0.055556 0.062630
0 0.709770 0.759916 0.055556 0.062630
0 0.571839 0.509395 0.055556 0.058455
0 0.168582 0.759916 0.057471 0.062630
0 0.380268 0.632568 0.055556 0.058455
0 0.189655 0.572025 0.057471 0.062630
0 0.425287 0.570981 0.053640 0.060543
0 0.204981 0.632568 0.053640 0.058455
0 0.337165 0.508351 0.053640 0.060543
