0 0.780856 0.596667 0.068010 0.140000
0 0.249055 0.444667 0.067380 0.140000
0 0.634131 0.596000 0.068010 0.141333
0 0.212217 0.293333 0.068010 0.141333
0 0.761965 0.898000 0.070529 0.140000
0 0.689232 0.444667 0.068640 0.140000
0 0.506612 0.293333 0.067380 0.141333
0 0.974496 0.520667 0.052267 0.289333
0 0.543136 0.444667 0.067380 0.140000
0 0.927582 0.747333 0.146096 0.137333
0 0.067380 0.898667 0.070529 0.141333
0 0.836272 0.444667 0.068010 0.140000
0 0.395466 0.444000 0.066751 0.138667
0 0.816751 0.747333 0.068010 0.137333
0 0.616184 0.444000 0.067380 0.138667
0 0.873426 0.292667 0.066751 0.140000
0 0.102330 0.444000 0.068640 0.141333
0 0.141373 0.898000 0.068640 0.140000
0 0.175378 0.443333 0.067380 0.140000
0 0.065491 0.291333 0.066751 0.137333
0 0.762594 0.445333 0.066751 0.141333
0 0.451511 0.898667 0.362720 0.141333
0 0.800063 0.294000 0.067380 0.140000
0 0.031486 0.441333 0.061713 0.138667
0 0.596662 0.746667 0.068640 0.138667
0 0.138854 0.292667 0.067380 0.140000
0 0.579975 0.294000 0.068010 0.140000
0 0.120592 0.594667 0.067380 0.138667
0 0.487091 0.596000 0.067380 0.141333
0 0.158060 0.746000 0.068010 0.137333
0 0.500630 0.524667 1.000000 0.953333
0 0.727015 0.294667 0.068640 0.141333
0 0.560768 0.596000 0.066121 0.141333
0 0.854534 0.596667 0.066751 0.140000
0 0.359257 0.293333 0.068640 0.141333
0 0.909635 0.444000 0.067380 0.138667
0 0.928841 0.596000 0.066751 0.138667
0 0.377519 0.745333 0.068640 0.138667
0 0.653023 0.294000 0.068010 0.140000
0 0.022670 0.744000 0.044081 0.141333
0 0.194584 0.596000 0.068010 0.138667
0 0.469458 0.444667 0.067380 0.140000
0 0.744332 0.746667 0.069270 0.136000
0 0.322418 0.444000 0.068010 0.141333
0 0.084068 0.745333 0.068640 0.136000
0 0.267317 0.596000 0.068640 0.141333
0 0.708123 0.596667 0.067380 0.140000
0 0.340995 0.596000 0.067380 0.138667
0 0.232053 0.746000 0.067380 0.137333
0 0.304156 0.746667 0.068010 0.138667
0 0.286524 0.292667 0.066751 0.140000
0 0.017317 0.292000 0.033375 0.138667
0 0.432935 0.293333 0.068640 0.141333
0 0.956864 0.294000 0.087531 0.140000
0 0.450567 0.746000 0.068640 0.137333
0 0.414043 0.595333 0.067380 0.140000
0 0.670655 0.746000 0.068010 0.137333
0 0.523929 0.746667 0.068010 0.138667
0 0.041247 0.594000 0.081234 0.140000
