0 0.296512 0.491964 0.051495 0.055357
0 0.591362 0.436607 0.049834 0.055357
0 0.216777 0.661607 0.051495 0.055357
0 0.457641 0.491964 0.051495 0.055357
0 0.753322 0.436607 0.051495 0.055357
0 0.684385 0.549107 0.049834 0.055357
0 0.764950 0.605357 0.051495 0.053571
0 0.161130 0.436607 0.053156 0.055357
0 0.844684 0.548214 0.051495 0.057143
0 0.510797 0.491964 0.051495 0.055357
0 0.791528 0.548214 0.051495 0.057143
0 0.242525 0.491964 0.053156 0.055357
0 0.416944 0.549107 0.049834 0.055357
0 0.271595 0.661607 0.051495 0.055357
0 0.402824 0.491964 0.051495 0.055357
0 0.283223 0.605357 0.051495 0.053571
0 0.484219 0.434821 0.051495 0.055357
0 0.348837 0.491964 0.053156 0.055357
0 0.725083 0.491964 0.051495 0.055357
0 0.617110 0.491071 0.051495 0.053571
0 0.631229 0.548214 0.053156 0.057143
0 0.833056 0.491071 0.051495 0.053571
0 0.524086 0.548214 0.051495 0.057143
0 0.528239 0.533929 0.810631 0.339286
0 0.887043 0.521429 0.053156 0.110714
0 0.323090 0.436607 0.051495 0.055357
0 0.496678 0.662500 0.265781 0.057143
0 0.658638 0.604464 0.051495 0.055357
0 0.336379 0.605357 0.051495 0.053571
0 0.376246 0.434821 0.051495 0.055357
0 0.470930 0.549107 0.051495 0.055357
0 0.255814 0.549107 0.049834 0.055357
0 0.537375 0.435714 0.051495 0.057143
0 0.805648 0.434821 0.049834 0.055357
0 0.699336 0.436607 0.053156 0.055357
0 0.229236 0.605357 0.053156 0.053571
0 0.215116 0.436607 0.051495 0.055357
0 0.431063 0.435714 0.051495 0.057143
0 0.362957 0.549107 0.051495 0.055357
0 0.563953 0.491964 0.051495 0.055357
0 0.724252 0.661607 0.053156 0.055357
0 0.577243 0.547321 0.051495 0.055357
0 0.852990 0.604464 0.117940 0.055357
0 0.603821 0.604464 0.051495 0.055357
0 0.778239 0.491964 0.051495 0.055357
0 0.872924 0.436607 0.078073 0.055357
0 0.181894 0.549107 0.091362 0.055357
0 0.167774 0.606250 0.066445 0.055357
0 0.645349 0.435714 0.051495 0.057143
0 0.445183 0.604464 0.053156 0.055357
0 0.550664 0.605357 0.051495 0.053571
0 0.390365 0.605357 0.053156 0.057143
0 0.711794 0.604464 0.051495 0.055357
0 0.309801 0.549107 0.051495 0.055357
0 0.498339 0.604464 0.053156 0.055357
0 0.738372 0.549107 0.051495 0.055357
0 0.671096 0.492857 0.053156 0.053571
0 0.269934 0.436607 0.051495 0.055357
0 0.175249 0.492857 0.078073 0.053571
