0 0.406000 0.482822 0.058667 0.063596
0 0.283667 0.684576 0.058000 0.063596
0 0.283000 0.483187 0.058000 0.064327
0 0.467333 0.684211 0.058667 0.062865
0 0.604667 0.549342 0.056000 0.063596
0 0.252667 0.617325 0.057333 0.063596
0 0.712667 0.483187 0.057333 0.064327
0 0.436667 0.617325 0.057333 0.063596
0 0.118000 0.550439 0.048000 0.064327
0 0.590000 0.684211 0.057333 0.064327
0 0.497667 0.617325 0.056667 0.063596
0 0.779333 0.550073 0.037333 0.063596
0 0.344333 0.685307 0.058000 0.063596
0 0.651333 0.482822 0.058667 0.063596
0 0.666000 0.550439 0.057333 0.064327
0 0.806333 0.482091 0.036667 0.062135
0 0.651000 0.684211 0.058000 0.062865
0 0.421333 0.549342 0.056000 0.063596
0 0.236667 0.549342 0.057333 0.065058
0 0.482667 0.549708 0.057333 0.064327
0 0.773667 0.684576 0.056667 0.062135
0 0.172333 0.684576 0.032667 0.063596
0 0.175333 0.549708 0.057333 0.064327
0 0.528333 0.684576 0.058000 0.063596
0 0.497333 0.614035 0.838667 0.383041
0 0.406000 0.684211 0.057333 0.064327
0 0.877000 0.585526 0.060667 0.135965
0 0.743333 0.617325 0.057333 0.063596
0 0.467667 0.482822 0.058000 0.063596
0 0.727667 0.550073 0.056667 0.063596
0 0.191000 0.616959 0.056667 0.064327
0 0.866333 0.482091 0.074000 0.065058
0 0.313667 0.617690 0.056667 0.064327
0 0.695333 0.754751 0.052000 0.065058
0 0.713333 0.683845 0.057333 0.062135
0 0.836667 0.617325 0.036000 0.063596
0 0.359333 0.550073 0.057333 0.063596
0 0.821667 0.550073 0.036667 0.063596
0 0.795000 0.616959 0.036667 0.062865
0 0.110333 0.482091 0.034000 0.063596
0 0.125333 0.617325 0.065333 0.063596
0 0.543667 0.550073 0.056667 0.065058
0 0.222000 0.684576 0.057333 0.063596
0 0.764333 0.482456 0.038000 0.062865
0 0.559333 0.616959 0.056000 0.064327
0 0.344333 0.482822 0.056667 0.063596
0 0.173000 0.755848 0.058000 0.065789
0 0.467333 0.752558 0.278667 0.066520
0 0.590000 0.482822 0.057333 0.063596
0 0.682000 0.617325 0.056000 0.063596
0 0.298333 0.550073 0.056667 0.063596
0 0.375333 0.617325 0.056000 0.063596
0 0.235667 0.755117 0.058000 0.064327
0 0.621000 0.616959 0.056667 0.064327
0 0.528667 0.482822 0.056000 0.063596
0 0.221667 0.482822 0.058000 0.063596
0 0.160333 0.482456 0.056667 0.062865
0 0.855667 0.684576 0.094000 0.065058
0 0.122333 0.684576 0.058000 0.065058
