0 0.434884 0.489371 0.068217 0.073980
0 0.292636 0.724065 0.067442 0.073980
0 0.291860 0.489796 0.067442 0.074830
0 0.506202 0.723639 0.068217 0.073129
0 0.665891 0.566752 0.065116 0.073980
0 0.256589 0.645833 0.066667 0.073980
0 0.791473 0.489796 0.066667 0.074830
0 0.470543 0.645833 0.066667 0.073980
0 0.100000 0.568027 0.055814 0.074830
0 0.648837 0.723639 0.066667 0.074830
0 0.541473 0.645833 0.065891 0.073980
0 0.868992 0.567602 0.043411 0.073980
0 0.363178 0.724915 0.067442 0.073980
0 0.720155 0.489371 0.068217 0.073980
0 0.737209 0.568027 0.066667 0.074830
0 0.900388 0.488520 0.042636 0.072279
0 0.719767 0.723639 0.067442 0.073129
0 0.452713 0.566752 0.065116 0.073980
0 0.237984 0.566752 0.066667 0.075680
0 0.524031 0.567177 0.066667 0.074830
0 0.862403 0.724065 0.065891 0.072279
0 0.163178 0.724065 0.037984 0.073980
0 0.166667 0.567177 0.066667 0.074830
0 0.577132 0.724065 0.067442 0.073980
0 0.527132 0.642007 0.947287 0.445578
0 0.434884 0.723639 0.066667 0.074830
0 0.974031 0.608844 0.053488 0.158163
0 0.827132 0.645833 0.066667 0.073980
0 0.506589 0.489371 0.067442 0.073980
0 0.808915 0.567602 0.065891 0.073980
0 0.184884 0.645408 0.065891 0.074830
0 0.963953 0.488520 0.073643 0.075680
0 0.327519 0.646259 0.065891 0.074830
0 0.771318 0.805697 0.060465 0.075680
0 0.792248 0.723214 0.066667 0.072279
0 0.935659 0.645833 0.041860 0.073980
0 0.380620 0.567602 0.066667 0.073980
0 0.918217 0.567602 0.042636 0.073980
0 0.887209 0.645408 0.042636 0.073129
0 0.091085 0.488520 0.039535 0.073980
0 0.108527 0.645833 0.075969 0.073980
0 0.594961 0.567602 0.065891 0.075680
0 0.220930 0.724065 0.066667 0.073980
0 0.851550 0.488946 0.044186 0.073129
0 0.613178 0.645408 0.065116 0.074830
0 0.363178 0.489371 0.065891 0.073980
0 0.163953 0.806973 0.067442 0.076531
0 0.506202 0.803146 0.324031 0.077381
0 0.648837 0.489371 0.066667 0.073980
0 0.755814 0.645833 0.065116 0.073980
0 0.309690 0.567602 0.065891 0.073980
0 0.399225 0.645833 0.065116 0.073980
0 0.236822 0.806122 0.067442 0.074830
0 0.684884 0.645408 0.065891 0.074830
0 0.577519 0.489371 0.065116 0.073980
0 0.220543 0.489371 0.067442 0.073980
0 0.149225 0.488946 0.065891 0.073129
0 0.951938 0.724065 0.097674 0.075680
0 0.105039 0.724065 0.067442 0.075680
