0 0.109191 0.323957 0.095278 0.066372
0 0.089376 0.253161 0.094435 0.063843
0 0.500422 0.250632 0.093592 0.065107
0 0.369309 0.397914 0.097808 0.068900
0 0.842749 0.321745 0.093592 0.065740
0 0.045110 0.183944 0.088533 0.063211
0 0.499578 0.300885 0.997470 0.500632
0 0.947723 0.321429 0.092749 0.066372
0 0.578836 0.397598 0.098651 0.069532
0 0.212901 0.323009 0.095278 0.067004
0 0.737774 0.322377 0.094435 0.067004
0 0.858347 0.178255 0.092749 0.063211
0 0.551012 0.180152 0.093592 0.061947
0 0.914840 0.248736 0.094435 0.065107
0 0.900084 0.396334 0.096965 0.067004
0 0.958685 0.176675 0.082631 0.061315
0 0.448988 0.180152 0.093592 0.061947
0 0.794266 0.396018 0.097808 0.067636
0 0.811551 0.248736 0.093592 0.065107
0 0.190135 0.251580 0.093592 0.064475
0 0.293423 0.250632 0.092749 0.063843
0 0.756745 0.179204 0.093592 0.063843
0 0.026138 0.324589 0.050590 0.066372
0 0.364250 0.480405 0.531197 0.080910
0 0.631956 0.322693 0.095278 0.067636
0 0.144604 0.182048 0.091906 0.063211
0 0.708263 0.249368 0.094435 0.065107
0 0.526560 0.323009 0.093592 0.068268
0 0.396290 0.250632 0.094435 0.065107
0 0.473440 0.397914 0.096965 0.068900
0 0.245363 0.180784 0.092749 0.063211
0 0.317032 0.323009 0.094435 0.067004
0 0.346965 0.180784 0.093592 0.061947
0 0.051433 0.398546 0.096121 0.067636
0 0.603288 0.248736 0.093592 0.065107
0 0.155987 0.398862 0.097808 0.068268
0 0.685497 0.396650 0.097808 0.068900
0 0.824621 0.481353 0.097808 0.084071
0 0.422007 0.323325 0.095278 0.067636
0 0.653879 0.178571 0.093592 0.063843
0 0.262226 0.397914 0.097808 0.068900
