0 0.373264 0.494907 0.061806 0.078704
0 0.462153 0.308333 0.061806 0.079630
0 0.409028 0.402315 0.061111 0.078704
0 0.910417 0.400926 0.061111 0.077778
0 0.767014 0.402315 0.061806 0.078704
0 0.569792 0.215741 0.061806 0.079630
0 0.838542 0.400926 0.061806 0.077778
0 0.784722 0.215278 0.062500 0.080556
0 0.139931 0.216667 0.061806 0.079630
0 0.211458 0.216667 0.061806 0.079630
0 0.642361 0.215741 0.062500 0.079630
0 0.086458 0.496296 0.061806 0.077778
0 0.446181 0.595370 0.349306 0.092593
0 0.623958 0.401389 0.061806 0.078704
0 0.194792 0.404167 0.061806 0.078704
0 0.391319 0.307870 0.060417 0.078704
0 0.266667 0.403704 0.062500 0.079630
0 0.516319 0.493981 0.061806 0.078704
0 0.918403 0.493056 0.152083 0.078704
0 0.319792 0.309722 0.061806 0.080556
0 0.856597 0.213889 0.061806 0.079630
0 0.015972 0.215741 0.030556 0.081481
0 0.659722 0.494444 0.061111 0.077778
0 0.750694 0.597222 0.062500 0.096296
0 0.533681 0.309259 0.061806 0.081481
0 0.040625 0.403241 0.079861 0.080556
0 0.175694 0.308796 0.062500 0.080556
0 0.103472 0.309722 0.062500 0.080556
0 0.337847 0.401852 0.061806 0.079630
0 0.023264 0.496296 0.045139 0.081481
0 0.750000 0.308333 0.062500 0.079630
0 0.067014 0.216667 0.061806 0.079630
0 0.605903 0.307870 0.060417 0.078704
0 0.031597 0.309722 0.061806 0.080556
0 0.713889 0.215278 0.062500 0.080556
0 0.122917 0.403241 0.062500 0.078704
0 0.158681 0.496759 0.061806 0.078704
0 0.355556 0.216204 0.062500 0.080556
0 0.677431 0.308333 0.061806 0.079630
0 0.500694 0.380556 1.000000 0.555556
0 0.696181 0.402315 0.061806 0.078704
0 0.966667 0.353704 0.068056 0.175926
0 0.801736 0.494444 0.061806 0.077778
0 0.427083 0.215741 0.062500 0.079630
0 0.946181 0.213889 0.097917 0.079630
0 0.587153 0.494444 0.061806 0.079630
0 0.284028 0.216204 0.061111 0.078704
0 0.444792 0.494444 0.061806 0.077778
0 0.246875 0.309722 0.061806 0.080556
0 0.301736 0.496759 0.061806 0.080556
0 0.820833 0.308333 0.062500 0.079630
0 0.498264 0.216204 0.060417 0.078704
0 0.731944 0.493981 0.061111 0.076852
0 0.480556 0.401852 0.061111 0.079630
0 0.891667 0.306944 0.061111 0.078704
0 0.068403 0.600000 0.064583 0.096296
0 0.552431 0.400926 0.060417 0.079630
0 0.141667 0.598148 0.062500 0.094444
0 0.230556 0.495370 0.061111 0.077778
