0 0.597584 0.382647 0.053401 0.101124
0 0.219644 0.388265 0.056580 0.104869
0 0.331532 0.630462 0.056580 0.107366
0 0.504450 0.269663 0.052765 0.102372
0 0.317228 0.269663 0.054673 0.102372
0 0.689129 0.265918 0.054673 0.102372
0 0.521933 0.622971 0.054673 0.104869
0 0.083280 0.513733 0.102988 0.108614
0 0.773363 0.617978 0.055308 0.102372
0 0.535919 0.385768 0.053401 0.102372
0 0.189129 0.271536 0.056580 0.103620
0 0.584234 0.621723 0.054673 0.107366
0 0.869994 0.616105 0.126510 0.106117
0 0.427845 0.505618 0.054673 0.102372
0 0.062619 0.270911 0.055308 0.102372
0 0.300381 0.509988 0.056580 0.106117
0 0.459949 0.624220 0.055308 0.104869
0 0.156389 0.391386 0.057216 0.106117
0 0.740623 0.500624 0.057216 0.104869
0 0.411952 0.385768 0.053401 0.102372
0 0.184043 0.772160 0.057851 0.133583
0 0.862047 0.498127 0.053401 0.104869
0 0.903051 0.438202 0.054037 0.222222
0 0.349332 0.387640 0.055308 0.103620
0 0.442784 0.270287 0.054037 0.103620
0 0.553083 0.503745 0.053401 0.106117
0 0.883980 0.264669 0.080737 0.102372
0 0.253338 0.269663 0.056580 0.104869
0 0.722505 0.382022 0.055308 0.102372
0 0.458042 0.759051 0.312142 0.132335
0 0.380801 0.269039 0.054673 0.103620
0 0.783853 0.380150 0.055944 0.103620
0 0.396058 0.626092 0.055944 0.106117
0 0.844247 0.379526 0.052130 0.099875
0 0.267006 0.631710 0.057216 0.107366
0 0.811507 0.263421 0.054037 0.099875
0 0.235219 0.511236 0.057216 0.106117
0 0.483471 0.490637 0.935156 0.754057
0 0.750795 0.264669 0.055944 0.099875
0 0.626828 0.267166 0.053401 0.099875
0 0.126192 0.272160 0.055308 0.102372
0 0.201526 0.634207 0.057216 0.107366
0 0.646853 0.619226 0.054037 0.104869
0 0.064209 0.638577 0.073744 0.111111
0 0.802606 0.498127 0.056580 0.102372
0 0.473935 0.386392 0.052765 0.103620
0 0.137317 0.634831 0.057216 0.108614
0 0.121742 0.777154 0.057851 0.133583
0 0.489193 0.503745 0.052765 0.103620
0 0.710426 0.619226 0.055308 0.102372
0 0.614431 0.501248 0.054037 0.103620
0 0.285760 0.388889 0.056580 0.106117
0 0.076287 0.393883 0.086459 0.106117
0 0.728862 0.755306 0.054037 0.132335
0 0.365226 0.508115 0.054037 0.104869
0 0.659250 0.383271 0.054673 0.102372
0 0.565798 0.269039 0.053401 0.101124
0 0.677686 0.502497 0.055944 0.103620
0 0.171329 0.511860 0.056580 0.104869
