0 0.117917 0.325313 0.094167 0.065625
0 0.098333 0.255312 0.093333 0.063125
0 0.504583 0.252812 0.092500 0.064375
0 0.375000 0.398438 0.096667 0.068125
0 0.842917 0.323125 0.092500 0.065000
0 0.052500 0.186875 0.091667 0.062500
0 0.500833 0.302500 0.991667 0.495000
0 0.946667 0.322813 0.091667 0.065625
0 0.582083 0.398125 0.097500 0.068750
0 0.220417 0.324375 0.094167 0.066250
0 0.739167 0.323750 0.093333 0.066250
0 0.858333 0.181250 0.091667 0.062500
0 0.554583 0.183125 0.092500 0.061250
0 0.914167 0.250937 0.093333 0.064375
0 0.899583 0.396875 0.095833 0.066250
0 0.957500 0.179688 0.081667 0.060625
0 0.453750 0.183125 0.092500 0.061250
0 0.795000 0.396562 0.096667 0.066875
0 0.812083 0.250937 0.092500 0.064375
0 0.197917 0.253750 0.092500 0.063750
0 0.300000 0.252812 0.091667 0.063125
0 0.757917 0.182188 0.092500 0.063125
0 0.030833 0.325937 0.060000 0.065625
0 0.370000 0.480000 0.525000 0.080000
0 0.634583 0.324062 0.094167 0.066875
0 0.152917 0.185000 0.090833 0.062500
0 0.710000 0.251563 0.093333 0.064375
0 0.530417 0.324375 0.092500 0.067500
0 0.401667 0.252812 0.093333 0.064375
0 0.477917 0.398438 0.095833 0.068125
0 0.252500 0.183750 0.091667 0.062500
0 0.323333 0.324375 0.093333 0.066250
0 0.352917 0.183750 0.092500 0.061250
0 0.060833 0.399062 0.095000 0.066875
0 0.606250 0.250937 0.092500 0.064375
0 0.164167 0.399375 0.096667 0.067500
0 0.687500 0.397188 0.096667 0.068125
0 0.825000 0.480938 0.096667 0.083125
0 0.427083 0.324688 0.094167 0.066875
0 0.656250 0.181562 0.092500 0.063125
0 0.269167 0.398438 0.096667 0.068125
