0 0.470991 0.313043 0.043677 0.055652
0 0.210561 0.427391 0.045632 0.056522
0 0.683507 0.380435 0.042373 0.054783
0 0.276402 0.303478 0.044329 0.055652
0 0.183507 0.489565 0.044980 0.057391
0 0.518579 0.314348 0.043677 0.054783
0 0.403194 0.413913 0.745111 0.429565
0 0.612777 0.317391 0.043025 0.055652
0 0.599739 0.440000 0.043025 0.055652
0 0.493481 0.374783 0.043025 0.055652
0 0.635593 0.379130 0.043025 0.055652
0 0.118970 0.559565 0.047588 0.068696
0 0.088005 0.360435 0.071708 0.058261
0 0.374837 0.307826 0.044329 0.055652
0 0.659713 0.318261 0.041721 0.053913
0 0.456649 0.434348 0.042373 0.056522
0 0.359518 0.431739 0.043677 0.056522
0 0.423403 0.310435 0.043677 0.055652
0 0.310626 0.430000 0.044980 0.056522
0 0.587027 0.570000 0.044980 0.066957
0 0.383312 0.495652 0.044329 0.057391
0 0.504889 0.436957 0.043677 0.056522
0 0.250000 0.365217 0.044980 0.057391
0 0.127771 0.297826 0.044329 0.056522
0 0.647327 0.441304 0.043025 0.056522
0 0.334094 0.494348 0.044980 0.058261
0 0.169492 0.560435 0.046936 0.068696
0 0.150261 0.361739 0.046284 0.057391
0 0.565841 0.316087 0.043025 0.056522
0 0.719035 0.321739 0.066493 0.055652
0 0.540743 0.376522 0.043677 0.055652
0 0.133638 0.488696 0.045632 0.057391
0 0.575293 0.500435 0.043677 0.054783
0 0.694589 0.442609 0.042373 0.055652
0 0.325945 0.305217 0.044329 0.055652
0 0.700782 0.505217 0.102999 0.057391
0 0.552151 0.438261 0.043025 0.055652
0 0.199804 0.363043 0.044980 0.058261
0 0.299218 0.366957 0.044329 0.057391
0 0.177314 0.300435 0.044329 0.056522
0 0.480117 0.498261 0.044980 0.057391
0 0.349087 0.368696 0.043677 0.055652
0 0.283572 0.492609 0.045632 0.058261
0 0.731095 0.413478 0.043677 0.117391
0 0.233703 0.491304 0.044980 0.057391
0 0.160691 0.425652 0.044980 0.058261
0 0.431551 0.496957 0.044329 0.056522
0 0.445893 0.373043 0.043025 0.055652
0 0.527705 0.499130 0.043677 0.057391
0 0.077249 0.487826 0.059322 0.059130
0 0.622229 0.502174 0.043677 0.054783
0 0.092568 0.423478 0.083442 0.057391
0 0.397653 0.371304 0.044329 0.055652
0 0.379726 0.563478 0.240548 0.067826
0 0.078227 0.296522 0.045632 0.055652
0 0.226858 0.301304 0.044329 0.056522
0 0.260756 0.428696 0.045632 0.057391
0 0.588331 0.377826 0.042373 0.054783
0 0.408735 0.433913 0.044329 0.057391
