0 0.735197 0.196062 0.080044 0.121575
0 0.069079 0.199486 0.054825 0.121575
0 0.714364 0.083904 0.080044 0.089041
0 0.523026 0.321062 0.081140 0.121575
0 0.863487 0.321062 0.080044 0.118151
0 0.140899 0.196062 0.080044 0.121575
0 0.098684 0.320205 0.081140 0.119863
0 0.777961 0.318493 0.080044 0.116438
0 0.225329 0.196062 0.080044 0.121575
0 0.629934 0.083048 0.080044 0.087329
0 0.459978 0.083904 0.080044 0.089041
0 0.120066 0.083048 0.080044 0.087329
0 0.799342 0.084760 0.081140 0.087329
0 0.438596 0.448630 0.421053 0.126712
0 0.376645 0.085616 0.080044 0.089041
0 0.896382 0.195205 0.058114 0.119863
0 0.607456 0.320205 0.081140 0.119863
0 0.439145 0.320205 0.082237 0.119863
0 0.650768 0.195205 0.080044 0.119863
0 0.311404 0.195205 0.078947 0.119863
0 0.291118 0.085616 0.080044 0.089041
0 0.888158 0.086473 0.081140 0.090753
0 0.207785 0.085616 0.080044 0.089041
0 0.353070 0.320205 0.081140 0.119863
0 0.692434 0.319349 0.080044 0.118151
0 0.565789 0.195205 0.078947 0.123288
0 0.546053 0.086473 0.081140 0.090753
0 0.268092 0.321062 0.080044 0.121575
0 0.183114 0.320205 0.081140 0.119863
0 0.820724 0.196062 0.080044 0.121575
0 0.396382 0.195205 0.080044 0.119863
0 0.086623 0.450342 0.083333 0.123288
0 0.790570 0.450342 0.083333 0.123288
0 0.480263 0.196062 0.078947 0.121575
