0 0.328782 0.688713 0.031513 0.047619
0 0.651786 0.798942 0.032563 0.049383
0 0.419118 0.744268 0.031513 0.049383
0 0.540966 0.799824 0.031513 0.051146
0 0.296218 0.856261 0.033613 0.051146
0 0.286765 0.917989 0.033613 0.054674
0 0.646534 0.917108 0.034664 0.052910
0 0.262605 0.744268 0.050420 0.049383
0 0.364496 0.689594 0.031513 0.049383
0 0.474790 0.687831 0.031513 0.049383
0 0.584034 0.688713 0.031513 0.047619
0 0.438025 0.688713 0.031513 0.047619
0 0.676996 0.742504 0.032563 0.049383
0 0.308298 0.744268 0.032563 0.049383
0 0.714286 0.741623 0.031513 0.047619
0 0.753151 0.770723 0.037815 0.105820
0 0.614496 0.798942 0.031513 0.049383
0 0.409139 0.858025 0.032563 0.054674
0 0.597689 0.857143 0.033613 0.052910
0 0.427521 0.800705 0.031513 0.049383
0 0.529937 0.743386 0.032563 0.051146
0 0.381828 0.743386 0.032563 0.051146
0 0.253676 0.858907 0.043067 0.052910
0 0.603466 0.743386 0.032563 0.051146
0 0.522059 0.857143 0.033613 0.052910
0 0.292017 0.688713 0.031513 0.047619
0 0.577206 0.799824 0.032563 0.051146
0 0.345063 0.744268 0.032563 0.049383
0 0.255252 0.689594 0.031513 0.045855
0 0.559874 0.857143 0.033613 0.052910
0 0.316176 0.800705 0.031513 0.049383
0 0.455882 0.743386 0.031513 0.051146
0 0.266282 0.800705 0.059874 0.049383
0 0.511555 0.688713 0.031513 0.047619
0 0.566702 0.742504 0.032563 0.049383
0 0.503151 0.778660 0.569328 0.382716
0 0.693277 0.686949 0.031513 0.047619
0 0.446954 0.857143 0.032563 0.052910
0 0.640756 0.742504 0.031513 0.049383
0 0.465861 0.800705 0.032563 0.049383
0 0.634979 0.856261 0.032563 0.051146
0 0.324580 0.917989 0.033613 0.054674
0 0.334034 0.858025 0.033613 0.051146
0 0.547794 0.688713 0.032563 0.047619
0 0.725840 0.798060 0.033613 0.051146
0 0.485294 0.917989 0.184874 0.054674
0 0.401261 0.687831 0.031513 0.049383
0 0.484769 0.857143 0.032563 0.052910
0 0.493172 0.743386 0.032563 0.051146
0 0.371324 0.858025 0.032563 0.051146
0 0.738971 0.687831 0.049370 0.049383
0 0.353466 0.800705 0.032563 0.049383
0 0.671744 0.856261 0.032563 0.051146
0 0.688550 0.798942 0.032563 0.049383
0 0.733193 0.856261 0.079832 0.051146
0 0.390756 0.799824 0.031513 0.051146
0 0.657038 0.687831 0.032563 0.049383
0 0.502626 0.799824 0.032563 0.051146
0 0.620798 0.687831 0.033613 0.049383
