0 0.243073 0.605183 0.070529 0.173780
0 0.103904 0.221037 0.071788 0.167683
0 0.510076 0.219512 0.070529 0.176829
0 0.222922 0.410061 0.070529 0.173780
0 0.653652 0.603659 0.070529 0.170732
0 0.528967 0.798780 0.073048 0.170732
0 0.954030 0.411585 0.066751 0.170732
0 0.030227 0.955793 0.057935 0.094512
0 0.714106 0.411585 0.070529 0.176829
0 0.103904 0.957317 0.071788 0.091463
0 0.304156 0.408537 0.071788 0.170732
0 0.734887 0.605183 0.069270 0.167683
0 0.386650 0.408537 0.070529 0.170732
0 0.970403 0.605183 0.061713 0.167683
0 0.203401 0.795732 0.069270 0.170732
0 0.979849 0.222561 0.042821 0.170732
0 0.184509 0.219512 0.071788 0.170732
0 0.324937 0.603659 0.070529 0.170732
0 0.023300 0.797256 0.044081 0.173780
0 0.854534 0.797256 0.069270 0.167683
0 0.062972 0.410061 0.070529 0.173780
0 0.346348 0.219512 0.073048 0.170732
0 0.427582 0.217988 0.074307 0.173780
0 0.163098 0.605183 0.071788 0.167683
0 0.693325 0.795732 0.071788 0.170732
0 0.894836 0.603659 0.069270 0.170732
0 0.032746 0.605183 0.062972 0.167683
0 0.632872 0.408537 0.069270 0.170732
0 0.775819 0.794207 0.070529 0.167683
0 0.835013 0.219512 0.070529 0.170732
0 0.612091 0.797256 0.070529 0.173780
0 0.795340 0.411585 0.069270 0.170732
0 0.488665 0.603659 0.070529 0.170732
0 0.142317 0.408537 0.070529 0.170732
0 0.795340 0.957317 0.071788 0.091463
0 0.950882 0.797256 0.100756 0.173780
0 0.029597 0.221037 0.056675 0.167683
0 0.469773 0.410061 0.073048 0.173780
0 0.082494 0.602134 0.069270 0.167683
0 0.018262 0.221037 0.034005 0.167683
0 0.265113 0.219512 0.071788 0.170732
0 0.501259 0.503049 1.000000 1.000000
0 0.591940 0.219512 0.073048 0.170732
0 0.754408 0.219512 0.070529 0.170732
0 0.406801 0.603659 0.070529 0.170732
0 0.122796 0.795732 0.069270 0.170732
0 0.042821 0.795732 0.070529 0.176829
0 0.448363 0.797256 0.073048 0.167683
0 0.448363 0.955793 0.400504 0.094512
0 0.284005 0.798780 0.071788 0.170732
0 0.365869 0.797256 0.071788 0.167683
0 0.814861 0.606707 0.070529 0.170732
0 0.027708 0.410061 0.052897 0.167683
0 0.571788 0.603659 0.070529 0.170732
0 0.914358 0.219512 0.068010 0.170732
0 0.673174 0.219512 0.071788 0.170732
0 0.874685 0.413110 0.069270 0.173780
0 0.551008 0.410061 0.071788 0.173780
