0 0.547742 0.559811 0.086452 0.037005
0 0.507419 0.439759 0.026452 0.032702
0 0.249032 0.566695 0.033548 0.037005
0 0.330323 0.483219 0.028387 0.035284
0 0.200645 0.526248 0.029677 0.035284
0 0.434839 0.520654 0.028387 0.034423
0 0.284194 0.566265 0.030323 0.037866
0 0.250968 0.444062 0.028387 0.036145
0 0.461290 0.512478 0.789677 0.300344
0 0.235161 0.524957 0.029032 0.037866
0 0.491613 0.479346 0.028387 0.034423
0 0.420000 0.562392 0.028387 0.037005
0 0.124516 0.485800 0.042581 0.037005
0 0.164516 0.485370 0.029677 0.036145
0 0.268387 0.524527 0.029677 0.035284
0 0.152903 0.446213 0.027097 0.033563
0 0.574516 0.602410 0.040645 0.037866
0 0.553871 0.438468 0.058710 0.033563
0 0.121935 0.447504 0.025806 0.032702
0 0.316129 0.442771 0.027097 0.035284
0 0.467419 0.520224 0.027742 0.035284
0 0.460000 0.480637 0.027097 0.035284
0 0.318065 0.565404 0.030968 0.037866
0 0.110000 0.569277 0.039355 0.038726
0 0.361935 0.481928 0.028387 0.036145
0 0.186129 0.445783 0.027742 0.034423
0 0.263226 0.483219 0.030968 0.035284
0 0.104194 0.616179 0.041935 0.041308
0 0.230645 0.484079 0.027742 0.035284
0 0.411935 0.442341 0.027742 0.034423
0 0.395161 0.481928 0.027742 0.034423
0 0.443871 0.441480 0.027097 0.034423
0 0.380000 0.442771 0.027097 0.035284
0 0.352258 0.564974 0.029677 0.037005
0 0.181613 0.568417 0.030323 0.038726
0 0.427742 0.481067 0.027097 0.034423
0 0.320000 0.609294 0.209032 0.043029
0 0.385806 0.563683 0.028387 0.036145
0 0.198710 0.483649 0.027097 0.036145
0 0.564839 0.478055 0.044516 0.037005
0 0.297419 0.483649 0.028387 0.034423
0 0.445806 0.605852 0.038710 0.037866
0 0.217742 0.444923 0.027742 0.036145
0 0.347097 0.442341 0.028387 0.034423
0 0.215161 0.567986 0.031613 0.036145
0 0.301935 0.523666 0.029677 0.035284
0 0.369355 0.522375 0.027742 0.036145
0 0.147097 0.567986 0.029677 0.037866
0 0.475484 0.440189 0.027097 0.033563
0 0.523871 0.478485 0.027097 0.034423
0 0.167419 0.526248 0.030323 0.035284
0 0.453226 0.561962 0.027742 0.036145
0 0.485806 0.561102 0.028387 0.036145
0 0.401935 0.521084 0.028387 0.035284
0 0.553548 0.518503 0.069677 0.035284
0 0.335806 0.523236 0.029032 0.036145
0 0.123226 0.527969 0.052903 0.035284
0 0.283871 0.444062 0.027097 0.034423
0 0.190968 0.612306 0.041290 0.038726
0 0.499677 0.518933 0.027742 0.036145
