0 0.060000 0.385488 0.033333 0.086168
0 0.272083 0.712018 0.037500 0.099773
0 0.292917 0.600907 0.035833 0.090703
0 0.349583 0.379819 0.034167 0.102041
0 0.635833 0.493197 0.058333 0.102041
0 0.390833 0.376417 0.035000 0.108844
0 0.225000 0.383220 0.035000 0.090703
0 0.182500 0.384354 0.035000 0.092971
0 0.643333 0.825397 0.053333 0.104308
0 0.477500 0.826531 0.050000 0.106576
0 0.400000 0.712018 0.038333 0.104308
0 0.487917 0.709751 0.034167 0.095238
0 0.609583 0.710884 0.112500 0.111111
0 0.497917 0.562358 0.975833 0.766440
0 0.506667 0.599773 0.036667 0.097506
0 0.142083 0.385488 0.035833 0.090703
0 0.475833 0.384354 0.036667 0.097506
0 0.454167 0.492063 0.036667 0.095238
0 0.056667 0.714286 0.046667 0.099773
0 0.377917 0.599773 0.035833 0.097506
0 0.560833 0.383220 0.035000 0.090703
0 0.100833 0.384354 0.035000 0.092971
0 0.068750 0.604308 0.065833 0.097506
0 0.496667 0.489796 0.036667 0.095238
0 0.314167 0.708617 0.038333 0.102041
0 0.318750 0.827664 0.259167 0.108844
0 0.167083 0.603175 0.035833 0.099773
0 0.550417 0.599773 0.037500 0.097506
0 0.117917 0.494331 0.037500 0.095238
0 0.208333 0.602041 0.038333 0.097506
0 0.623750 0.384354 0.077500 0.097506
0 0.335000 0.599773 0.036667 0.097506
0 0.370000 0.490930 0.035000 0.097506
0 0.582500 0.493197 0.036667 0.102041
0 0.432917 0.380952 0.037500 0.099773
0 0.463333 0.599773 0.035000 0.097506
0 0.187500 0.714286 0.036667 0.099773
0 0.124583 0.602041 0.035833 0.097506
0 0.530417 0.710884 0.035833 0.097506
0 0.053750 0.829932 0.047500 0.099773
0 0.327500 0.489796 0.036667 0.095238
0 0.358333 0.712018 0.035000 0.095238
0 0.266667 0.384354 0.036667 0.092971
0 0.160000 0.490930 0.035000 0.097506
0 0.066250 0.493197 0.055833 0.097506
0 0.161667 0.828798 0.050000 0.102041
0 0.420833 0.600907 0.035000 0.095238
0 0.285000 0.492063 0.035000 0.090703
0 0.230000 0.713152 0.038333 0.102041
0 0.251667 0.602041 0.033333 0.092971
0 0.412083 0.490930 0.034167 0.092971
0 0.200833 0.490930 0.035000 0.097506
0 0.444583 0.712018 0.035833 0.099773
0 0.539167 0.492063 0.035000 0.095238
0 0.517500 0.384354 0.035000 0.092971
0 0.145000 0.713152 0.038333 0.097506
0 0.242083 0.492063 0.037500 0.095238
0 0.102500 0.714286 0.038333 0.099773
0 0.308333 0.383220 0.035000 0.090703
0 0.618750 0.598639 0.090833 0.104308
