0 0.261211 0.723054 0.042601 0.062874
0 0.038117 0.730539 0.055306 0.059880
0 0.624439 0.713573 0.041106 0.059880
0 0.176009 0.812375 0.063528 0.095808
0 0.372571 0.805888 0.319133 0.106786
0 0.134155 0.657186 0.051570 0.062874
0 0.635277 0.582834 0.044843 0.063872
0 0.054559 0.589820 0.071749 0.065868
0 0.436846 0.585828 0.047085 0.063872
0 0.449178 0.651697 0.044843 0.061876
0 0.764574 0.511976 0.040359 0.059880
0 0.525785 0.717066 0.042601 0.062874
0 0.486921 0.583333 0.042601 0.060878
0 0.473094 0.717565 0.044843 0.063872
0 0.535874 0.582834 0.044843 0.061876
0 0.549327 0.647705 0.040359 0.059880
0 0.294469 0.655190 0.047833 0.062874
0 0.253737 0.518463 0.050075 0.066866
0 0.599028 0.647705 0.041106 0.059880
0 0.499253 0.649701 0.041854 0.059880
0 0.733931 0.617764 0.113602 0.139721
0 0.120703 0.589820 0.056054 0.065868
0 0.409567 0.517964 0.047833 0.067864
0 0.758969 0.797904 0.063528 0.090818
0 0.041106 0.816866 0.067265 0.090818
0 0.281390 0.587325 0.051570 0.064870
0 0.386398 0.587325 0.049327 0.064870
0 0.094170 0.521956 0.052317 0.065868
0 0.040359 0.522455 0.052317 0.062874
0 0.423019 0.720559 0.046338 0.065868
0 0.304559 0.517964 0.044096 0.067864
0 0.359118 0.518962 0.051570 0.069860
0 0.371824 0.721058 0.051570 0.064870
0 0.334081 0.586327 0.049327 0.062874
0 0.318012 0.722555 0.048580 0.063872
0 0.585202 0.581836 0.041854 0.061876
0 0.609492 0.515968 0.045590 0.063872
0 0.660314 0.514970 0.044096 0.063872
0 0.174888 0.588822 0.050822 0.065868
0 0.509716 0.516966 0.043348 0.067864
0 0.501868 0.626248 0.997758 0.505988
0 0.346413 0.652695 0.045590 0.059880
0 0.142750 0.519960 0.046338 0.063872
0 0.199552 0.518962 0.053812 0.065868
0 0.187967 0.657685 0.050075 0.061876
0 0.227952 0.587325 0.049327 0.064870
0 0.576233 0.715070 0.041854 0.060878
0 0.059417 0.659681 0.085949 0.065868
0 0.648729 0.647705 0.040359 0.059880
0 0.397982 0.653194 0.047085 0.062874
0 0.558670 0.516467 0.042601 0.064870
0 0.207773 0.723553 0.040359 0.057884
0 0.685725 0.581836 0.044096 0.065868
0 0.460762 0.517465 0.045590 0.068862
0 0.566143 0.799401 0.059043 0.093812
0 0.241031 0.655689 0.050075 0.063872
0 0.098655 0.726547 0.041854 0.059880
0 0.722720 0.715569 0.127055 0.061876
0 0.152466 0.724551 0.041854 0.057884
0 0.710015 0.514970 0.044843 0.063872
