0 0.553273 0.552654 0.086008 0.036815
0 0.513158 0.433219 0.026316 0.032534
0 0.256098 0.559503 0.033376 0.036815
0 0.336970 0.476455 0.028241 0.035103
0 0.207959 0.519264 0.029525 0.035103
0 0.440950 0.513699 0.028241 0.034247
0 0.291078 0.559075 0.030167 0.037671
0 0.258023 0.437500 0.028241 0.035959
0 0.467266 0.505565 0.785623 0.298801
0 0.242298 0.517979 0.028883 0.037671
0 0.497433 0.472603 0.028241 0.034247
0 0.426187 0.555223 0.028241 0.036815
0 0.132221 0.479024 0.042362 0.036815
0 0.172015 0.478596 0.029525 0.035959
0 0.275353 0.517551 0.029525 0.035103
0 0.160462 0.439640 0.026958 0.033390
0 0.579910 0.595034 0.040436 0.037671
0 0.559371 0.431935 0.058408 0.033390
0 0.129653 0.440925 0.025674 0.032534
0 0.322850 0.436216 0.026958 0.035103
0 0.473363 0.513271 0.027599 0.035103
0 0.465982 0.473887 0.026958 0.035103
0 0.324775 0.558219 0.030809 0.037671
0 0.117779 0.562072 0.039153 0.038527
0 0.368421 0.475171 0.028241 0.035959
0 0.193517 0.439212 0.027599 0.034247
0 0.270218 0.476455 0.030809 0.035103
0 0.112003 0.608733 0.041720 0.041096
0 0.237805 0.477312 0.027599 0.035103
0 0.418164 0.435788 0.027599 0.034247
0 0.401476 0.475171 0.027599 0.034247
0 0.449936 0.434932 0.026958 0.034247
0 0.386393 0.436216 0.026958 0.035103
0 0.358793 0.557791 0.029525 0.036815
0 0.189024 0.561216 0.030167 0.038527
0 0.433890 0.474315 0.026958 0.034247
0 0.326701 0.601884 0.207959 0.042808
0 0.392169 0.556507 0.028241 0.035959
0 0.206033 0.476884 0.026958 0.035959
0 0.570282 0.471318 0.044288 0.036815
0 0.304236 0.476884 0.028241 0.034247
0 0.451861 0.598459 0.038511 0.037671
0 0.224968 0.438356 0.027599 0.035959
0 0.353659 0.435788 0.028241 0.034247
0 0.222401 0.560788 0.031451 0.035959
0 0.308729 0.516695 0.029525 0.035103
0 0.375802 0.515411 0.027599 0.035959
0 0.154685 0.560788 0.029525 0.037671
0 0.481386 0.433647 0.026958 0.033390
0 0.529525 0.471747 0.026958 0.034247
0 0.174904 0.519264 0.030167 0.035103
0 0.459243 0.554795 0.027599 0.035959
0 0.491656 0.553938 0.028241 0.035959
0 0.408216 0.514127 0.028241 0.035103
0 0.559050 0.511558 0.069320 0.035103
0 0.342426 0.516267 0.028883 0.035959
0 0.130937 0.520976 0.052632 0.035103
0 0.290757 0.437500 0.026958 0.034247
0 0.198331 0.604880 0.041078 0.038527
0 0.505456 0.511986 0.027599 0.035959
