0 0.090741 0.480065 0.038889 0.039871
0 0.614815 0.574892 0.050000 0.085129
0 0.405093 0.538254 0.028704 0.033405
0 0.506481 0.504310 0.029630 0.036638
0 0.303241 0.667565 0.241667 0.054957
0 0.200926 0.485453 0.035185 0.039871
0 0.505556 0.633621 0.029630 0.036638
0 0.529167 0.591056 0.028704 0.037716
0 0.351389 0.493534 0.032407 0.038793
0 0.388889 0.496228 0.029630 0.037716
0 0.154630 0.654095 0.046296 0.043103
0 0.448611 0.584591 0.026852 0.035560
0 0.302778 0.617457 0.031481 0.036638
0 0.211574 0.526940 0.037963 0.036638
0 0.584259 0.641703 0.101852 0.039871
0 0.326852 0.532866 0.031481 0.033405
0 0.428704 0.498384 0.031481 0.037716
0 0.383333 0.625000 0.029630 0.038793
0 0.329630 0.575431 0.027778 0.034483
0 0.522222 0.547414 0.027778 0.034483
0 0.187500 0.610453 0.036111 0.035560
0 0.148148 0.607759 0.038889 0.036638
0 0.164352 0.482759 0.037963 0.038793
0 0.225926 0.613147 0.035185 0.034483
0 0.212963 0.568966 0.033333 0.038793
0 0.175000 0.566272 0.037037 0.037716
0 0.106944 0.605603 0.030556 0.040948
0 0.054630 0.648707 0.050000 0.045259
0 0.313426 0.491379 0.032407 0.034483
0 0.368519 0.579203 0.027778 0.035560
0 0.274537 0.488685 0.030556 0.037716
0 0.290741 0.572737 0.029630 0.033405
0 0.137037 0.563039 0.035185 0.037716
0 0.423611 0.628233 0.028704 0.036638
0 0.288889 0.531789 0.031481 0.033405
0 0.238426 0.487069 0.037963 0.038793
0 0.343519 0.621228 0.029630 0.035560
0 0.453704 0.676185 0.042593 0.039871
0 0.409259 0.581358 0.027778 0.035560
0 0.489352 0.588362 0.028704 0.034483
0 0.569907 0.594289 0.028704 0.037716
0 0.126852 0.480065 0.033333 0.037716
0 0.562963 0.549569 0.027778 0.036638
0 0.546759 0.506466 0.028704 0.036638
0 0.467130 0.502155 0.028704 0.034483
0 0.464352 0.630927 0.028704 0.035560
0 0.263889 0.614763 0.029630 0.035560
0 0.611111 0.690194 0.044444 0.039871
0 0.443981 0.540948 0.028704 0.034483
0 0.492130 0.585129 0.962037 0.359914
0 0.365278 0.535560 0.028704 0.034483
0 0.083333 0.516703 0.044444 0.037716
0 0.064352 0.602909 0.039815 0.039871
0 0.250463 0.528556 0.036111 0.035560
0 0.483333 0.544720 0.027778 0.033405
0 0.607407 0.509159 0.068519 0.037716
0 0.133333 0.521552 0.029630 0.032328
0 0.171296 0.523707 0.029630 0.032328
0 0.253241 0.571659 0.034259 0.035560
0 0.078241 0.559267 0.060185 0.038793
