0 0.536284 0.509797 0.033382 0.037010
0 0.353411 0.466981 0.034833 0.037010
0 0.180334 0.466981 0.032656 0.037010
0 0.636430 0.425617 0.034833 0.037010
0 0.245283 0.424165 0.034833 0.037010
0 0.597242 0.552975 0.110305 0.036284
0 0.610668 0.488752 0.086357 0.080552
0 0.385341 0.552612 0.034833 0.037010
0 0.033745 0.553701 0.045718 0.037736
0 0.362845 0.509797 0.033382 0.037010
0 0.289187 0.424165 0.034107 0.037010
0 0.374456 0.423803 0.033382 0.037736
0 0.234398 0.510160 0.031930 0.036284
0 0.211901 0.552975 0.033382 0.036284
0 0.140784 0.595791 0.044993 0.037736
0 0.467344 0.596517 0.044993 0.037736
0 0.191219 0.510160 0.034107 0.036284
0 0.146952 0.509434 0.034107 0.036284
0 0.255806 0.551887 0.034107 0.037010
0 0.450290 0.510160 0.034107 0.036284
0 0.125907 0.552975 0.032656 0.034833
0 0.169086 0.552612 0.033382 0.037010
0 0.223149 0.466618 0.034107 0.036284
0 0.439768 0.467707 0.034833 0.037010
0 0.470972 0.552975 0.033382 0.036284
0 0.104499 0.509797 0.031930 0.037010
0 0.525762 0.466981 0.034107 0.037010
0 0.298984 0.552250 0.034833 0.036284
0 0.461538 0.424528 0.034833 0.036284
0 0.628447 0.596154 0.047896 0.038462
0 0.514514 0.552975 0.033382 0.036284
0 0.082003 0.552975 0.034833 0.037736
0 0.304790 0.597968 0.265602 0.040639
0 0.396589 0.466981 0.034107 0.035559
0 0.591437 0.423440 0.034833 0.037010
0 0.418360 0.423803 0.035559 0.037736
0 0.032656 0.597242 0.046444 0.039187
0 0.044993 0.510522 0.071118 0.037010
0 0.093614 0.466981 0.034833 0.037010
0 0.494557 0.486575 0.987663 0.296807
0 0.549710 0.424528 0.034107 0.036284
0 0.073295 0.424528 0.034833 0.036284
0 0.309869 0.466618 0.034833 0.036284
0 0.202467 0.423077 0.033382 0.036284
0 0.428157 0.553338 0.033382 0.037010
0 0.568940 0.466981 0.034833 0.037010
0 0.158563 0.424165 0.034107 0.037010
0 0.407475 0.509797 0.032656 0.035559
0 0.277576 0.509434 0.034107 0.036284
0 0.482583 0.466618 0.033382 0.036284
0 0.266691 0.466618 0.032656 0.036284
0 0.331277 0.424165 0.035559 0.037010
0 0.320392 0.509797 0.032656 0.035559
0 0.116836 0.423440 0.036284 0.037010
0 0.341800 0.552975 0.033382 0.036284
0 0.504354 0.424165 0.034833 0.037010
0 0.039187 0.467707 0.055152 0.037010
0 0.493469 0.510160 0.034833 0.036284
0 0.029028 0.423803 0.033382 0.039187
0 0.137155 0.466255 0.033382 0.037010
