0 0.205939 0.614566 0.036398 0.053663
0 0.019796 0.620954 0.038314 0.051107
0 0.516284 0.606474 0.035121 0.051107
0 0.133142 0.690801 0.054278 0.081772
0 0.301086 0.685264 0.272669 0.091141
0 0.097382 0.558348 0.044061 0.053663
0 0.525543 0.494889 0.038314 0.054514
0 0.030332 0.500852 0.059387 0.056218
0 0.356003 0.497445 0.040230 0.054514
0 0.366539 0.553663 0.038314 0.052811
0 0.636015 0.434412 0.034483 0.051107
0 0.431992 0.609455 0.036398 0.053663
0 0.398787 0.495315 0.036398 0.051959
0 0.386973 0.609881 0.038314 0.054514
0 0.440613 0.494889 0.038314 0.052811
0 0.452107 0.550256 0.034483 0.051107
0 0.234355 0.556644 0.040868 0.053663
0 0.199553 0.439949 0.042784 0.057070
0 0.494572 0.550256 0.035121 0.051107
0 0.409323 0.551959 0.035760 0.051107
0 0.609834 0.524702 0.097063 0.119250
0 0.085888 0.500852 0.047893 0.056218
0 0.332695 0.439523 0.040868 0.057922
0 0.631226 0.678450 0.054278 0.077513
0 0.023627 0.694634 0.045977 0.077513
0 0.223180 0.498722 0.044061 0.055366
0 0.312899 0.498722 0.042146 0.055366
0 0.063218 0.442930 0.044700 0.056218
0 0.020115 0.443356 0.038953 0.053663
0 0.344189 0.612436 0.039591 0.056218
0 0.242976 0.439523 0.037676 0.057922
0 0.289591 0.440375 0.044061 0.059625
0 0.300447 0.612862 0.044061 0.055366
0 0.268199 0.497871 0.042146 0.053663
0 0.254470 0.614140 0.041507 0.054514
0 0.482759 0.494037 0.035760 0.052811
0 0.503512 0.437819 0.038953 0.054514
0 0.546935 0.436968 0.037676 0.054514
0 0.132184 0.500000 0.043423 0.056218
0 0.418263 0.438671 0.037037 0.057922
0 0.496488 0.531942 0.991699 0.431857
0 0.278736 0.554514 0.038953 0.051107
0 0.104725 0.441227 0.039591 0.054514
0 0.153257 0.440375 0.045977 0.056218
0 0.143359 0.558773 0.042784 0.052811
0 0.177522 0.498722 0.042146 0.055366
0 0.475096 0.607751 0.035760 0.051959
0 0.035441 0.560477 0.069604 0.056218
0 0.537037 0.550256 0.034483 0.051107
0 0.322797 0.554940 0.040230 0.053663
0 0.460089 0.438245 0.036398 0.055366
0 0.160281 0.614991 0.034483 0.049404
0 0.568646 0.494037 0.037676 0.056218
0 0.376437 0.439097 0.038953 0.058773
0 0.466475 0.679727 0.050447 0.080068
0 0.188697 0.557070 0.042784 0.054514
0 0.067050 0.617547 0.035760 0.051107
0 0.600255 0.608177 0.108557 0.052811
0 0.113027 0.615843 0.035760 0.049404
0 0.589400 0.436968 0.038314 0.054514
