0 0.181083 0.399156 0.040084 0.053471
0 0.059775 0.284709 0.040788 0.053471
0 0.269339 0.399156 0.040788 0.053471
0 0.023558 0.341932 0.045710 0.053471
0 0.024965 0.753283 0.048523 0.054409
0 0.093179 0.399625 0.038678 0.052533
0 0.553446 0.689024 0.039381 0.053471
0 0.108298 0.693246 0.039381 0.054409
0 0.170183 0.227017 0.039381 0.052533
0 0.454641 0.284240 0.038678 0.052533
0 0.043249 0.635553 0.040084 0.053471
0 0.387131 0.749062 0.040084 0.055347
0 0.049226 0.399625 0.040788 0.052533
0 0.235584 0.283302 0.039381 0.052533
0 0.595992 0.459662 0.066807 0.061914
0 0.296765 0.869137 0.265823 0.055347
0 0.355134 0.633677 0.039381 0.053471
0 0.275316 0.809099 0.041491 0.053471
0 0.345288 0.227955 0.039381 0.052533
0 0.332278 0.691839 0.040084 0.053471
0 0.073840 0.752345 0.039381 0.054409
0 0.248594 0.343809 0.040084 0.053471
0 0.225035 0.399156 0.040788 0.053471
0 0.067862 0.873827 0.055556 0.057223
0 0.400844 0.399625 0.039381 0.052533
0 0.410689 0.284709 0.039381 0.053471
0 0.013713 0.400563 0.026020 0.054409
0 0.467300 0.347561 0.038678 0.051595
0 0.508790 0.346623 0.038678 0.051595
0 0.297820 0.750938 0.040084 0.053471
0 0.519339 0.227017 0.038678 0.052533
0 0.265471 0.634146 0.040084 0.054409
0 0.564698 0.747655 0.040788 0.054409
0 0.313291 0.399625 0.040084 0.052533
0 0.595992 0.312383 0.061181 0.110694
0 0.018987 0.874765 0.036568 0.055347
0 0.431786 0.748593 0.039381 0.054409
0 0.137131 0.399625 0.039381 0.052533
0 0.104079 0.284709 0.039381 0.053471
0 0.126582 0.227955 0.039381 0.052533
0 0.230309 0.810038 0.040084 0.053471
0 0.409634 0.808161 0.040084 0.055347
0 0.191632 0.284240 0.038678 0.052533
0 0.421941 0.341463 0.037975 0.052533
0 0.498594 0.807223 0.040788 0.053471
0 0.049578 0.811445 0.041491 0.054409
0 0.310478 0.634146 0.038678 0.052533
0 0.376231 0.690432 0.039381 0.052533
0 0.087553 0.635553 0.040084 0.053471
0 0.242616 0.691839 0.039381 0.053471
0 0.290788 0.341932 0.040084 0.053471
0 0.490506 0.401970 0.038678 0.051595
0 0.013361 0.812852 0.025316 0.055347
0 0.585795 0.631801 0.061885 0.053471
0 0.221167 0.634615 0.040084 0.053471
0 0.378340 0.341932 0.039381 0.053471
0 0.399086 0.633208 0.040084 0.052533
0 0.454290 0.807223 0.040788 0.053471
0 0.498945 0.288462 0.038678 0.051595
0 0.165612 0.755159 0.038678 0.052533
0 0.571378 0.402908 0.117440 0.051595
0 0.571378 0.806754 0.096343 0.054409
0 0.140999 0.810976 0.040084 0.053471
0 0.095640 0.810976 0.039381 0.053471
0 0.038326 0.227017 0.040084 0.052533
0 0.253165 0.751407 0.039381 0.052533
0 0.443390 0.632739 0.040084 0.053471
0 0.010549 0.635084 0.019691 0.052533
0 0.071378 0.463415 0.051336 0.061914
0 0.159986 0.344278 0.038678 0.052533
0 0.176512 0.634146 0.039381 0.054409
0 0.071378 0.342402 0.040084 0.052533
0 0.197609 0.693246 0.039381 0.054409
0 0.599859 0.719043 0.043601 0.113508
0 0.464838 0.689493 0.039381 0.052533
0 0.478903 0.751876 0.039381 0.055347
0 0.432138 0.227486 0.040084 0.053471
0 0.114979 0.342402 0.038678 0.052533
0 0.342124 0.749531 0.038678 0.054409
0 0.185302 0.810507 0.040084 0.054409
0 0.590014 0.868668 0.066104 0.056285
0 0.119198 0.752345 0.040084 0.054409
0 0.508790 0.689962 0.040084 0.053471
0 0.257736 0.227017 0.040084 0.052533
0 0.323488 0.284709 0.039381 0.053471
0 0.208509 0.751407 0.038678 0.052533
0 0.364627 0.808630 0.041491 0.054409
0 0.301336 0.227486 0.040084 0.051595
0 0.213783 0.227486 0.039381 0.053471
0 0.520394 0.748124 0.039381 0.055347
0 0.202883 0.341463 0.038678 0.052533
0 0.334740 0.341932 0.039381 0.053471
0 0.529184 0.870075 0.054149 0.053471
0 0.082982 0.227955 0.039381 0.052533
0 0.535513 0.462008 0.052743 0.060976
0 0.584388 0.227017 0.082982 0.052533
0 0.021097 0.697936 0.040788 0.054409
0 0.021800 0.464353 0.042194 0.063790
0 0.148383 0.285178 0.039381 0.052533
0 0.530239 0.631801 0.039381 0.051595
0 0.489451 0.635553 0.039381 0.051595
0 0.287271 0.691839 0.040084 0.053471
0 0.490858 0.325047 0.980309 0.372420
0 0.279536 0.284240 0.040084 0.052533
0 0.063643 0.693246 0.040084 0.054409
0 0.319972 0.809568 0.040788 0.054409
0 0.483122 0.724672 0.964838 0.383677
0 0.367089 0.284240 0.039381 0.052533
0 0.153305 0.693246 0.039381 0.054409
0 0.302039 0.460600 0.272152 0.061914
0 0.131857 0.635084 0.040084 0.054409
0 0.017932 0.284709 0.034459 0.053471
0 0.389241 0.227955 0.040084 0.052533
0 0.420534 0.689962 0.039381 0.053471
0 0.356540 0.399156 0.040788 0.053471
0 0.444093 0.399156 0.038678 0.051595
