0 0.530387 0.334152 0.037293 0.066339
0 0.552141 0.407248 0.037983 0.067568
0 0.384323 0.407862 0.037983 0.066339
0 0.605318 0.444103 0.060083 0.143735
0 0.405732 0.336609 0.037983 0.066339
0 0.152624 0.337224 0.038674 0.067568
0 0.580110 0.554668 0.114641 0.070025
0 0.092541 0.640049 0.049724 0.083538
0 0.447169 0.335381 0.037983 0.066339
0 0.035566 0.411548 0.058702 0.068796
0 0.321823 0.336609 0.037293 0.066339
0 0.373273 0.555283 0.039365 0.068796
0 0.129834 0.410319 0.038674 0.068796
0 0.032804 0.639435 0.064227 0.082310
0 0.267956 0.482801 0.038674 0.068796
0 0.562845 0.480344 0.038674 0.068796
0 0.342887 0.409705 0.037983 0.067568
0 0.607044 0.635749 0.067680 0.082310
0 0.352901 0.481572 0.037293 0.068796
0 0.436809 0.481572 0.037983 0.068796
0 0.545925 0.637592 0.051796 0.081081
0 0.181630 0.484029 0.038674 0.068796
0 0.194751 0.335995 0.038674 0.067568
0 0.364296 0.336609 0.037983 0.066339
0 0.245856 0.556511 0.040055 0.068796
0 0.457873 0.554668 0.038674 0.067568
0 0.331492 0.555897 0.040055 0.067568
0 0.039710 0.485258 0.069751 0.068796
0 0.139848 0.484029 0.037983 0.068796
0 0.478591 0.480958 0.038674 0.067568
0 0.097376 0.484644 0.038674 0.067568
0 0.510014 0.407862 0.037983 0.066339
0 0.394682 0.481572 0.037983 0.068796
0 0.488950 0.335381 0.038674 0.066339
0 0.319061 0.636364 0.265193 0.083538
0 0.159876 0.558354 0.039365 0.070025
0 0.225138 0.483415 0.038674 0.067568
0 0.288674 0.556511 0.040055 0.068796
0 0.426450 0.408477 0.037983 0.067568
0 0.202693 0.557740 0.039365 0.068796
0 0.117058 0.558354 0.039365 0.067568
0 0.496547 0.464988 0.991713 0.485258
0 0.088052 0.410319 0.037983 0.068796
0 0.310773 0.482801 0.038674 0.068796
0 0.499309 0.554668 0.038674 0.067568
0 0.468232 0.407862 0.037293 0.066339
0 0.280387 0.336609 0.038674 0.066339
0 0.172307 0.409705 0.039365 0.067568
0 0.415746 0.555283 0.038674 0.068796
0 0.520718 0.480958 0.038674 0.070025
0 0.110843 0.337838 0.037983 0.066339
0 0.026934 0.559582 0.049724 0.070025
0 0.237224 0.336609 0.039365 0.066339
0 0.027624 0.339066 0.037293 0.066339
0 0.074931 0.557740 0.039365 0.068796
0 0.257942 0.408477 0.037983 0.067568
0 0.300414 0.409091 0.038674 0.068796
0 0.214779 0.409705 0.038674 0.067568
0 0.069406 0.338452 0.037983 0.065111
0 0.593232 0.334152 0.080110 0.068796
