0 0.235465 0.402132 0.042151 0.054264
0 0.328125 0.401163 0.039971 0.054264
0 0.522892 0.285368 0.039971 0.051357
0 0.210756 0.462209 0.043605 0.056202
0 0.477834 0.286337 0.041424 0.051357
0 0.014535 0.464147 0.027616 0.058140
0 0.363372 0.343023 0.040698 0.052326
0 0.317224 0.343508 0.041424 0.053295
0 0.512718 0.401647 0.041424 0.055233
0 0.067587 0.285853 0.042151 0.052326
0 0.296512 0.285853 0.040698 0.052326
0 0.466933 0.402132 0.041424 0.054264
0 0.142078 0.402616 0.041424 0.055233
0 0.021439 0.285853 0.041424 0.052326
0 0.179506 0.343508 0.040698 0.053295
0 0.289971 0.528585 0.290698 0.068798
0 0.116642 0.462694 0.042878 0.055233
0 0.454942 0.343023 0.040698 0.052326
0 0.303416 0.462209 0.042878 0.056202
0 0.272166 0.343508 0.041424 0.053295
0 0.350291 0.462209 0.043605 0.056202
0 0.489826 0.461240 0.042151 0.054264
0 0.133358 0.343508 0.041424 0.053295
0 0.022166 0.463178 0.042878 0.056202
0 0.019622 0.530039 0.037791 0.067829
0 0.048692 0.402616 0.042151 0.055233
0 0.420785 0.402132 0.040698 0.054264
0 0.558866 0.401647 0.042151 0.055233
0 0.039244 0.530039 0.056686 0.067829
0 0.387355 0.286822 0.040698 0.050388
0 0.188953 0.402132 0.040698 0.054264
0 0.374273 0.401647 0.042151 0.055233
0 0.017078 0.344477 0.032703 0.055233
0 0.444041 0.461240 0.042151 0.054264
0 0.281977 0.402132 0.042151 0.054264
0 0.204942 0.285853 0.042151 0.052326
0 0.226017 0.343023 0.040698 0.052326
0 0.397166 0.461725 0.041424 0.055233
0 0.607922 0.527616 0.073401 0.066860
0 0.409157 0.343508 0.040698 0.053295
0 0.069041 0.462694 0.042151 0.055233
0 0.577398 0.461240 0.122820 0.056202
0 0.010901 0.286337 0.020349 0.051357
0 0.113372 0.285853 0.042151 0.052326
0 0.256904 0.461725 0.042878 0.055233
0 0.163154 0.463178 0.042878 0.056202
0 0.086483 0.343023 0.042151 0.054264
0 0.040698 0.343508 0.042151 0.053295
0 0.546512 0.342539 0.040698 0.053295
0 0.432776 0.285853 0.041424 0.052326
0 0.095203 0.402616 0.042151 0.055233
0 0.500363 0.343023 0.041424 0.052326
0 0.251090 0.285853 0.041424 0.052326
0 0.019985 0.403101 0.038517 0.054264
0 0.500727 0.391957 1.000000 0.378876
0 0.604651 0.372578 0.065407 0.113372
0 0.341933 0.286337 0.041424 0.051357
0 0.590843 0.286337 0.087209 0.053295
0 0.159520 0.285368 0.041424 0.051357
0 0.542151 0.530039 0.058140 0.065891
