0 0.219667 0.391556 0.038000 0.050667
0 0.104667 0.283111 0.038667 0.050667
0 0.303333 0.391556 0.038667 0.050667
0 0.057667 0.337333 0.068667 0.050667
0 0.059333 0.727111 0.070667 0.051556
0 0.136333 0.392000 0.036667 0.049778
0 0.572667 0.666222 0.037333 0.050667
0 0.150667 0.670222 0.037333 0.051556
0 0.209333 0.228444 0.037333 0.049778
0 0.479000 0.282667 0.036667 0.049778
0 0.089000 0.615556 0.038000 0.050667
0 0.415000 0.723111 0.038000 0.052444
0 0.094667 0.392000 0.038667 0.049778
0 0.271333 0.281778 0.037333 0.049778
0 0.613000 0.448889 0.063333 0.058667
0 0.329333 0.836889 0.252000 0.052444
0 0.384667 0.613778 0.037333 0.050667
0 0.309000 0.780000 0.039333 0.050667
0 0.375333 0.229333 0.037333 0.049778
0 0.363000 0.668889 0.038000 0.050667
0 0.118000 0.726222 0.037333 0.051556
0 0.283667 0.339111 0.038000 0.050667
0 0.261333 0.391556 0.038667 0.050667
0 0.112333 0.841333 0.052667 0.054222
0 0.428000 0.392000 0.037333 0.049778
0 0.437333 0.283111 0.037333 0.050667
0 0.046667 0.392889 0.049333 0.051556
0 0.491000 0.342667 0.036667 0.048889
0 0.530333 0.341778 0.036667 0.048889
0 0.330333 0.724889 0.038000 0.050667
0 0.540333 0.228444 0.036667 0.049778
0 0.299667 0.614222 0.038000 0.051556
0 0.583333 0.721778 0.038667 0.051556
0 0.345000 0.392000 0.038000 0.049778
0 0.613000 0.309333 0.058000 0.104889
0 0.053000 0.842222 0.060667 0.052444
0 0.457333 0.722667 0.037333 0.051556
0 0.178000 0.392000 0.037333 0.049778
0 0.146667 0.283111 0.037333 0.050667
0 0.168000 0.229333 0.037333 0.049778
0 0.266333 0.780889 0.038000 0.050667
0 0.436333 0.779111 0.038000 0.052444
0 0.229667 0.282667 0.036667 0.049778
0 0.448000 0.336889 0.036000 0.049778
0 0.520667 0.778222 0.038667 0.050667
0 0.095000 0.782222 0.039333 0.051556
0 0.342333 0.614222 0.036667 0.049778
0 0.404667 0.667556 0.037333 0.049778
0 0.131000 0.615556 0.038000 0.050667
0 0.278000 0.668889 0.037333 0.050667
0 0.323667 0.337333 0.038000 0.050667
0 0.513000 0.394222 0.036667 0.048889
0 0.046333 0.783556 0.048667 0.052444
0 0.603333 0.612000 0.058667 0.050667
0 0.257667 0.614667 0.038000 0.050667
0 0.406667 0.337333 0.037333 0.050667
0 0.426333 0.613333 0.038000 0.049778
0 0.478667 0.778222 0.038667 0.050667
0 0.521000 0.286667 0.036667 0.048889
0 0.205000 0.728889 0.036667 0.049778
0 0.589667 0.395111 0.111333 0.048889
0 0.589667 0.777778 0.091333 0.051556
0 0.181667 0.781778 0.038000 0.050667
0 0.138667 0.781778 0.037333 0.050667
0 0.084333 0.228444 0.038000 0.049778
0 0.288000 0.725333 0.037333 0.049778
0 0.468333 0.612889 0.038000 0.050667
0 0.045333 0.615111 0.037333 0.049778
0 0.115667 0.452444 0.048667 0.058667
0 0.199667 0.339556 0.036667 0.049778
0 0.215333 0.614222 0.037333 0.051556
0 0.115667 0.337778 0.038000 0.049778
0 0.235333 0.670222 0.037333 0.051556
0 0.616667 0.694667 0.041333 0.107556
0 0.488667 0.666667 0.037333 0.049778
0 0.502000 0.725778 0.037333 0.052444
0 0.457667 0.228889 0.038000 0.050667
0 0.157000 0.337778 0.036667 0.049778
0 0.372333 0.723556 0.036667 0.051556
0 0.223667 0.781333 0.038000 0.051556
0 0.607333 0.836444 0.062667 0.053333
0 0.161000 0.726222 0.038000 0.051556
0 0.530333 0.667111 0.038000 0.050667
0 0.292333 0.228444 0.038000 0.049778
0 0.354667 0.283111 0.037333 0.050667
0 0.245667 0.725333 0.036667 0.049778
0 0.393667 0.779556 0.039333 0.051556
0 0.333667 0.228889 0.038000 0.048889
0 0.250667 0.228889 0.037333 0.050667
0 0.541333 0.722222 0.037333 0.052444
0 0.240333 0.336889 0.036667 0.049778
0 0.365333 0.337333 0.037333 0.050667
0 0.549667 0.837778 0.051333 0.050667
0 0.126667 0.229333 0.037333 0.049778
0 0.555667 0.451111 0.050000 0.057778
0 0.602000 0.228444 0.078667 0.049778
0 0.057000 0.674667 0.060667 0.051556
0 0.056667 0.453333 0.064000 0.060444
0 0.188667 0.283556 0.037333 0.049778
0 0.550667 0.612000 0.037333 0.048889
0 0.512000 0.615556 0.037333 0.048889
0 0.320333 0.668889 0.038000 0.050667
0 0.494000 0.321333 0.968000 0.352889
0 0.313000 0.282667 0.038000 0.049778
0 0.108333 0.670222 0.038000 0.051556
0 0.351333 0.780444 0.038667 0.051556
0 0.489333 0.700000 0.948000 0.363556
0 0.396000 0.282667 0.037333 0.049778
0 0.193333 0.670222 0.037333 0.051556
0 0.334333 0.449778 0.258000 0.058667
0 0.173000 0.615111 0.038000 0.051556
0 0.051667 0.283111 0.059333 0.050667
0 0.417000 0.229333 0.038000 0.049778
0 0.446667 0.667111 0.037333 0.050667
0 0.386000 0.391556 0.038667 0.050667
0 0.469000 0.391556 0.036667 0.048889
