0 0.520134 0.531633 0.035235 0.087755
0 0.609899 0.579592 0.058725 0.187755
0 0.116191 0.533673 0.029362 0.083673
0 0.052013 0.434694 0.030201 0.077551
0 0.322148 0.532653 0.033557 0.085714
0 0.299077 0.432653 0.031040 0.081633
0 0.585990 0.726531 0.106544 0.089796
0 0.339346 0.433673 0.031040 0.079592
0 0.216023 0.433673 0.031040 0.079592
0 0.291107 0.631633 0.033557 0.091837
0 0.133809 0.434694 0.031040 0.081633
0 0.530201 0.629592 0.036913 0.091837
0 0.249581 0.631633 0.031040 0.091837
0 0.411493 0.630612 0.034396 0.089796
0 0.500419 0.433673 0.034396 0.079592
0 0.271393 0.728571 0.034396 0.089796
0 0.362416 0.536735 0.033557 0.085714
0 0.280621 0.531633 0.031040 0.083673
0 0.611158 0.826531 0.062919 0.093878
0 0.055369 0.735714 0.040268 0.083673
0 0.372483 0.630612 0.033557 0.089796
0 0.103607 0.729592 0.031040 0.087755
0 0.451762 0.630612 0.034396 0.089796
0 0.470638 0.726531 0.035235 0.089796
0 0.198406 0.533673 0.031040 0.087755
0 0.381292 0.433673 0.032718 0.079592
0 0.352768 0.729592 0.036074 0.091837
0 0.188758 0.729592 0.031879 0.087755
0 0.402685 0.530612 0.033557 0.085714
0 0.065017 0.832653 0.062919 0.089796
0 0.092282 0.434694 0.030201 0.081633
0 0.230285 0.730612 0.032718 0.089796
0 0.430789 0.726531 0.036074 0.089796
0 0.311242 0.728571 0.035235 0.089796
0 0.145973 0.731633 0.030201 0.087755
0 0.209732 0.632653 0.033557 0.089796
0 0.600671 0.433673 0.075503 0.087755
0 0.125419 0.632653 0.031040 0.089796
0 0.502097 0.565306 0.975671 0.791837
0 0.443372 0.531633 0.032718 0.083673
0 0.239513 0.534694 0.031040 0.085714
0 0.391359 0.729592 0.036074 0.091837
0 0.257131 0.432653 0.031040 0.081633
0 0.067953 0.633673 0.060403 0.087755
0 0.421980 0.433673 0.033557 0.079592
0 0.559983 0.533673 0.036074 0.087755
0 0.331795 0.630612 0.034396 0.089796
0 0.460990 0.434694 0.034396 0.081633
0 0.569631 0.629592 0.038591 0.091837
0 0.539849 0.432653 0.036074 0.081633
0 0.482383 0.537755 0.035235 0.087755
0 0.175336 0.432653 0.031879 0.081633
0 0.062500 0.533673 0.049497 0.083673
0 0.157718 0.532653 0.030201 0.085714
0 0.509648 0.726531 0.036074 0.089796
0 0.493289 0.635714 0.036913 0.091837
0 0.167785 0.638776 0.033557 0.089796
0 0.559144 0.831633 0.046141 0.091837
0 0.343960 0.826531 0.248322 0.093878
0 0.126678 0.832653 0.041946 0.089796
