0 0.512445 0.704420 0.042460 0.154696
0 0.110176 0.527624 0.040264 0.154696
0 0.075769 0.179558 0.041728 0.154696
0 0.040264 0.701657 0.042460 0.154696
0 0.524524 0.352210 0.041728 0.157459
0 0.619693 0.175414 0.090044 0.157459
0 0.017936 0.886740 0.034407 0.182320
0 0.584187 0.529006 0.042460 0.157459
0 0.369693 0.703039 0.042460 0.157459
0 0.310395 0.889503 0.292826 0.187845
0 0.180454 0.703039 0.041728 0.157459
0 0.405930 0.179558 0.043192 0.154696
0 0.063690 0.526243 0.040996 0.157459
0 0.632138 0.436464 0.068082 0.342541
0 0.061493 0.889503 0.054173 0.182320
0 0.122255 0.178177 0.042460 0.157459
0 0.465227 0.701657 0.041728 0.154696
0 0.548682 0.176796 0.041728 0.154696
0 0.274890 0.701657 0.041728 0.154696
0 0.477306 0.352210 0.042460 0.157459
0 0.010615 0.178177 0.019766 0.151934
0 0.204246 0.527624 0.040996 0.154696
0 0.215959 0.179558 0.042460 0.154696
0 0.250732 0.529006 0.041728 0.157459
0 0.227672 0.701657 0.042460 0.154696
0 0.145315 0.352210 0.041728 0.157459
0 0.310761 0.179558 0.041728 0.154696
0 0.051977 0.352210 0.042460 0.157459
0 0.572474 0.352210 0.042460 0.157459
0 0.013909 0.701657 0.026354 0.160221
0 0.501098 0.179558 0.043192 0.154696
0 0.098463 0.352210 0.041728 0.157459
0 0.239751 0.350829 0.041728 0.154696
0 0.298682 0.529006 0.042460 0.157459
0 0.489019 0.529006 0.042460 0.157459
0 0.156662 0.527624 0.040996 0.154696
0 0.322474 0.703039 0.043192 0.157459
0 0.429356 0.353591 0.043192 0.160221
0 0.536603 0.527624 0.042460 0.160221
0 0.453514 0.178177 0.043192 0.157459
0 0.133602 0.701657 0.041728 0.154696
0 0.016471 0.350829 0.031479 0.154696
0 0.029283 0.178177 0.040996 0.151934
0 0.381772 0.350829 0.041728 0.154696
0 0.263543 0.176796 0.042460 0.154696
0 0.602855 0.701657 0.126647 0.160221
0 0.631772 0.895028 0.073206 0.187845
0 0.087116 0.701657 0.040996 0.154696
0 0.020132 0.527624 0.038799 0.154696
0 0.286969 0.352210 0.042460 0.157459
0 0.500732 0.502762 1.000000 1.000000
0 0.565520 0.899171 0.056369 0.185083
0 0.393485 0.527624 0.041728 0.160221
0 0.358346 0.179558 0.043192 0.154696
0 0.417277 0.703039 0.042460 0.157459
0 0.169107 0.178177 0.040996 0.151934
0 0.334187 0.353591 0.041728 0.160221
0 0.346266 0.527624 0.040996 0.160221
0 0.192167 0.352210 0.041728 0.157459
0 0.441435 0.529006 0.042460 0.157459
