0 0.285425 0.480216 0.063428 0.075540
0 0.751012 0.471223 0.060729 0.073741
0 0.062416 0.569694 0.118084 0.080036
0 0.216262 0.480216 0.062753 0.077338
0 0.487854 0.476619 0.059379 0.073741
0 0.505398 0.560252 0.062078 0.077338
0 0.708165 0.556655 0.061404 0.077338
0 0.572537 0.558453 0.060054 0.077338
0 0.583333 0.396583 0.057355 0.070144
0 0.647099 0.394335 0.059379 0.071043
0 0.256410 0.398831 0.062078 0.071043
0 0.122807 0.401079 0.062078 0.071942
0 0.139676 0.761691 0.091768 0.102518
0 0.610999 0.645683 0.064103 0.082734
0 0.956478 0.509442 0.088394 0.159173
0 0.258772 0.654676 0.066802 0.084532
0 0.904184 0.739658 0.090418 0.099820
0 0.454116 0.397482 0.058030 0.070144
0 0.932186 0.388489 0.124831 0.070144
0 0.297908 0.565198 0.064103 0.080036
0 0.186910 0.657824 0.067476 0.081835
0 0.401147 0.650629 0.065452 0.083633
0 0.322874 0.397932 0.060054 0.071043
0 0.046221 0.767086 0.091093 0.102518
0 0.816464 0.640737 0.064777 0.078237
0 0.352901 0.478867 0.060729 0.074640
0 0.055668 0.402878 0.062753 0.070144
0 0.420715 0.477968 0.060054 0.074640
0 0.157895 0.567896 0.064777 0.080036
0 0.684548 0.473022 0.061404 0.073741
0 0.500675 0.558453 1.000000 0.566547
0 0.971997 0.736061 0.057355 0.099820
0 0.879555 0.468525 0.060054 0.073741
0 0.115385 0.659173 0.068826 0.084532
0 0.148448 0.482014 0.064777 0.075540
0 0.907220 0.551259 0.064103 0.075540
0 0.841093 0.553058 0.062753 0.077338
0 0.619096 0.473921 0.058704 0.073741
0 0.368421 0.563399 0.063428 0.078237
0 0.679487 0.643885 0.064777 0.080935
0 0.541498 0.647932 0.064103 0.081835
0 0.749325 0.641637 0.065452 0.080036
0 0.711201 0.392986 0.059379 0.070144
0 0.472335 0.649281 0.064777 0.082734
0 0.519231 0.397032 0.057355 0.069245
0 0.189271 0.400180 0.061404 0.071942
0 0.039136 0.660522 0.076923 0.085432
0 0.838057 0.389388 0.059379 0.070144
0 0.389339 0.397932 0.060729 0.071043
0 0.926113 0.637590 0.149123 0.080935
0 0.062753 0.483363 0.101215 0.076439
0 0.523954 0.750450 0.450067 0.108813
0 0.437247 0.562050 0.062078 0.079137
0 0.774966 0.555306 0.062753 0.076439
0 0.553981 0.476169 0.059379 0.074640
0 0.774966 0.390288 0.060054 0.068345
0 0.640351 0.557554 0.062078 0.077338
0 0.329960 0.653777 0.066127 0.084532
0 0.815789 0.470773 0.060729 0.074640
0 0.227733 0.566547 0.064103 0.079137
