0 0.149371 0.680369 0.034591 0.045302
0 0.335220 0.524748 0.033962 0.044463
0 0.067296 0.682047 0.045283 0.046980
0 0.074843 0.578859 0.054088 0.045302
0 0.441824 0.624581 0.033333 0.046141
0 0.246541 0.627936 0.033962 0.046141
0 0.402516 0.625000 0.033962 0.046980
0 0.276415 0.575503 0.033333 0.045302
0 0.143396 0.527685 0.033962 0.043624
0 0.257547 0.525587 0.034591 0.044463
0 0.489308 0.521812 0.033962 0.045302
0 0.071384 0.737836 0.059748 0.054530
0 0.558176 0.623322 0.034591 0.046980
0 0.169497 0.629195 0.033333 0.045302
0 0.110692 0.681208 0.035220 0.045302
0 0.519182 0.623322 0.034591 0.046980
0 0.304403 0.679111 0.035220 0.046141
0 0.492767 0.612836 0.927673 0.338087
0 0.393082 0.573826 0.032704 0.045302
0 0.105346 0.528523 0.033333 0.043624
0 0.597170 0.596896 0.054717 0.099832
0 0.078302 0.630034 0.063522 0.045302
0 0.599057 0.732802 0.059748 0.056208
0 0.431761 0.572987 0.034591 0.045302
0 0.374214 0.524329 0.033962 0.045302
0 0.219497 0.526426 0.033962 0.044463
0 0.547799 0.571728 0.033962 0.046141
0 0.066981 0.528523 0.033333 0.043624
0 0.527673 0.521393 0.033962 0.044463
0 0.160377 0.577181 0.033962 0.045302
0 0.188050 0.680789 0.033962 0.046141
0 0.480189 0.623742 0.034591 0.046141
0 0.585535 0.520554 0.072956 0.046141
0 0.544340 0.735319 0.045912 0.056208
0 0.470440 0.572148 0.033962 0.045302
0 0.324214 0.626258 0.034591 0.046141
0 0.181132 0.526846 0.033962 0.045302
0 0.412579 0.523909 0.033962 0.044463
0 0.285535 0.627517 0.033962 0.045302
0 0.508805 0.572567 0.033962 0.046141
0 0.207862 0.628775 0.034591 0.046141
0 0.130818 0.629195 0.033962 0.045302
0 0.500000 0.676174 0.035220 0.046980
0 0.333333 0.734480 0.244025 0.057886
0 0.237736 0.576762 0.033962 0.046141
0 0.296855 0.525168 0.033962 0.045302
0 0.451258 0.522651 0.034591 0.045302
0 0.363522 0.625419 0.033962 0.046141
0 0.574214 0.674916 0.103145 0.047819
0 0.354403 0.575084 0.034591 0.046141
0 0.226415 0.679950 0.035220 0.046141
0 0.265409 0.679111 0.035220 0.046141
0 0.122327 0.578020 0.034591 0.045302
0 0.126730 0.736997 0.045912 0.054530
0 0.461321 0.676594 0.034591 0.046141
0 0.383019 0.677852 0.035220 0.046980
0 0.199057 0.577181 0.034591 0.045302
0 0.343711 0.678272 0.035849 0.046141
0 0.422013 0.677013 0.033962 0.046980
0 0.315723 0.575084 0.033962 0.046141
