0 0.515487 0.694990 0.044248 0.057957
0 0.442847 0.761297 0.043510 0.058939
0 0.456121 0.825639 0.043510 0.059921
0 0.020649 0.837917 0.039823 0.060904
0 0.161136 0.833497 0.043510 0.059921
0 0.059366 0.969057 0.056785 0.063851
0 0.136431 0.899312 0.044248 0.059921
0 0.553835 0.823674 0.044248 0.059921
0 0.246681 0.765717 0.043510 0.059921
0 0.062316 0.835953 0.043510 0.058939
0 0.283555 0.895383 0.044985 0.059921
0 0.271755 0.700884 0.043510 0.057957
0 0.258850 0.831532 0.042773 0.057957
0 0.500737 0.786346 1.000000 0.429273
0 0.125737 0.705305 0.043510 0.058939
0 0.076696 0.706287 0.044248 0.058939
0 0.406711 0.826621 0.043510 0.061886
0 0.589233 0.757367 0.042773 0.058939
0 0.585914 0.962672 0.061209 0.070727
0 0.308628 0.829568 0.043510 0.059921
0 0.382006 0.893910 0.044248 0.060904
0 0.185841 0.897839 0.044248 0.060904
0 0.111726 0.834971 0.043510 0.058939
0 0.563053 0.693026 0.042035 0.057957
0 0.174041 0.702849 0.042773 0.057957
0 0.148968 0.768173 0.042773 0.058939
0 0.481563 0.890472 0.044248 0.057957
0 0.418510 0.697937 0.043510 0.057957
0 0.320428 0.699902 0.043510 0.057957
0 0.654867 0.958743 0.076696 0.070727
0 0.026917 0.707269 0.043510 0.058939
0 0.288348 0.334971 0.575221 0.442043
0 0.505162 0.824656 0.044248 0.059921
0 0.223083 0.702849 0.043510 0.057957
0 0.357670 0.828585 0.042773 0.059921
0 0.394174 0.762279 0.043510 0.058939
0 0.467183 0.695972 0.043510 0.057957
0 0.011062 0.708251 0.020649 0.056974
0 0.332965 0.895383 0.044985 0.059921
0 0.636431 0.692534 0.091445 0.058939
0 0.099926 0.769646 0.043510 0.059921
0 0.198009 0.768173 0.043510 0.058939
0 0.622419 0.888016 0.129794 0.058939
0 0.369838 0.698428 0.043510 0.058939
0 0.492257 0.759332 0.043510 0.058939
0 0.431047 0.891454 0.043510 0.059921
0 0.345133 0.764735 0.044248 0.059921
0 0.037611 0.900786 0.044248 0.060904
0 0.014381 0.902750 0.027286 0.060904
0 0.650811 0.789784 0.070059 0.125737
0 0.087021 0.900295 0.044248 0.059921
0 0.209808 0.831532 0.042035 0.057957
0 0.540192 0.758350 0.043510 0.058939
0 0.320059 0.965128 0.305310 0.071709
0 0.234882 0.896365 0.044985 0.059921
0 0.530236 0.889980 0.044248 0.058939
0 0.019174 0.969548 0.036873 0.062868
0 0.602876 0.822692 0.043510 0.059921
0 0.296460 0.765226 0.044248 0.058939
0 0.050885 0.771120 0.044248 0.060904
0 0.017330 0.773576 0.033186 0.059921
