0 0.234993 0.454102 0.068814 0.082031
0 0.740117 0.444336 0.065886 0.080078
0 0.032577 0.551270 0.063690 0.086914
0 0.159956 0.454102 0.068082 0.083984
0 0.454612 0.450195 0.064422 0.080078
0 0.473646 0.541016 0.067350 0.083984
0 0.693631 0.537109 0.066618 0.083984
0 0.546486 0.539062 0.065154 0.083984
0 0.558199 0.363281 0.062225 0.076172
0 0.627379 0.360840 0.064422 0.077148
0 0.203514 0.365723 0.067350 0.077148
0 0.058565 0.368164 0.067350 0.078125
0 0.076867 0.759766 0.099561 0.111328
0 0.588214 0.633789 0.069546 0.089844
0 0.957906 0.485840 0.085652 0.172852
0 0.206076 0.643555 0.072474 0.091797
0 0.906296 0.735840 0.098097 0.108398
0 0.418009 0.364258 0.062958 0.076172
0 0.934846 0.354492 0.131772 0.076172
0 0.248536 0.546387 0.069546 0.086914
0 0.128111 0.646973 0.073206 0.088867
0 0.360542 0.639160 0.071010 0.090820
0 0.275622 0.364746 0.065154 0.077148
0 0.029283 0.765625 0.057101 0.111328
0 0.811127 0.628418 0.070278 0.084961
0 0.308199 0.452637 0.065886 0.081055
0 0.017570 0.370117 0.033675 0.076172
0 0.381772 0.451660 0.065154 0.081055
0 0.096633 0.549316 0.070278 0.086914
0 0.668009 0.446289 0.066618 0.080078
0 0.500732 0.539062 1.000000 0.615234
0 0.974744 0.731934 0.051977 0.108398
0 0.879575 0.441406 0.065154 0.080078
0 0.050512 0.648438 0.074671 0.091797
0 0.086384 0.456055 0.070278 0.082031
0 0.909590 0.531250 0.069546 0.082031
0 0.837848 0.533203 0.068082 0.083984
0 0.596999 0.447266 0.063690 0.080078
0 0.325037 0.544434 0.068814 0.084961
0 0.662518 0.631836 0.070278 0.087891
0 0.512811 0.636230 0.069546 0.088867
0 0.738287 0.629395 0.071010 0.086914
0 0.696925 0.359375 0.064422 0.076172
0 0.437775 0.637695 0.070278 0.089844
0 0.488653 0.363770 0.062225 0.075195
0 0.130673 0.367188 0.066618 0.078125
0 0.024524 0.649902 0.047584 0.092773
0 0.834553 0.355469 0.064422 0.076172
0 0.347731 0.364746 0.065886 0.077148
0 0.924963 0.625000 0.151537 0.087891
0 0.028184 0.457520 0.054905 0.083008
0 0.493777 0.747559 0.488287 0.118164
0 0.399707 0.542969 0.067350 0.085938
0 0.766105 0.535645 0.068082 0.083008
0 0.526354 0.449707 0.064422 0.081055
0 0.766105 0.356445 0.065154 0.074219
0 0.620059 0.538086 0.067350 0.083984
0 0.283309 0.642578 0.071742 0.091797
0 0.810395 0.443848 0.065886 0.081055
0 0.172401 0.547852 0.069546 0.085938
