0 0.517500 0.529352 0.035000 0.087045
0 0.606667 0.576923 0.058333 0.186235
0 0.116250 0.531377 0.029167 0.082996
0 0.052500 0.433198 0.030000 0.076923
0 0.320833 0.530364 0.033333 0.085020
0 0.297917 0.431174 0.030833 0.080972
0 0.582917 0.722672 0.105833 0.089069
0 0.337917 0.432186 0.030833 0.078947
0 0.215417 0.432186 0.030833 0.078947
0 0.290000 0.628543 0.033333 0.091093
0 0.133750 0.433198 0.030833 0.080972
0 0.527500 0.626518 0.036667 0.091093
0 0.248750 0.628543 0.030833 0.091093
0 0.409583 0.627530 0.034167 0.089069
0 0.497917 0.432186 0.034167 0.078947
0 0.270417 0.724696 0.034167 0.089069
0 0.360833 0.534413 0.033333 0.085020
0 0.279583 0.529352 0.030833 0.082996
0 0.607917 0.821862 0.062500 0.093117
0 0.055833 0.731781 0.040000 0.082996
0 0.370833 0.627530 0.033333 0.089069
0 0.103750 0.725709 0.030833 0.087045
0 0.449583 0.627530 0.034167 0.089069
0 0.468333 0.722672 0.035000 0.089069
0 0.197917 0.531377 0.030833 0.087045
0 0.379583 0.432186 0.032500 0.078947
0 0.351250 0.725709 0.035833 0.091093
0 0.188333 0.725709 0.031667 0.087045
0 0.400833 0.528340 0.033333 0.085020
0 0.065417 0.827935 0.062500 0.089069
0 0.092500 0.433198 0.030000 0.080972
0 0.229583 0.726721 0.032500 0.089069
0 0.428750 0.722672 0.035833 0.089069
0 0.310000 0.724696 0.035000 0.089069
0 0.145833 0.727733 0.030000 0.087045
0 0.209167 0.629555 0.033333 0.089069
0 0.597500 0.432186 0.075000 0.087045
0 0.125417 0.629555 0.030833 0.089069
0 0.499583 0.562753 0.969167 0.785425
0 0.441250 0.529352 0.032500 0.082996
0 0.238750 0.532389 0.030833 0.085020
0 0.389583 0.725709 0.035833 0.091093
0 0.256250 0.431174 0.030833 0.080972
0 0.068333 0.630567 0.060000 0.087045
0 0.420000 0.432186 0.033333 0.078947
0 0.557083 0.531377 0.035833 0.087045
0 0.330417 0.627530 0.034167 0.089069
0 0.458750 0.433198 0.034167 0.080972
0 0.566667 0.626518 0.038333 0.091093
0 0.537083 0.431174 0.035833 0.080972
0 0.480000 0.535425 0.035000 0.087045
0 0.175000 0.431174 0.031667 0.080972
0 0.062917 0.531377 0.049167 0.082996
0 0.157500 0.530364 0.030000 0.085020
0 0.507083 0.722672 0.035833 0.089069
0 0.490833 0.632591 0.036667 0.091093
0 0.167500 0.635628 0.033333 0.089069
0 0.556250 0.826923 0.045833 0.091093
0 0.342500 0.821862 0.246667 0.093117
0 0.126667 0.827935 0.041667 0.089069
