0 0.305625 0.457500 0.036250 0.046667
0 0.385313 0.456667 0.034375 0.046667
0 0.552813 0.357083 0.034375 0.044167
0 0.284375 0.509167 0.037500 0.048333
0 0.514062 0.357917 0.035625 0.044167
0 0.075938 0.510833 0.048125 0.050000
0 0.415625 0.406667 0.035000 0.045000
0 0.375937 0.407083 0.035625 0.045833
0 0.544063 0.457083 0.035625 0.047500
0 0.161250 0.357500 0.036250 0.045000
0 0.358125 0.357500 0.035000 0.045000
0 0.504687 0.457500 0.035625 0.046667
0 0.225312 0.457917 0.035625 0.047500
0 0.121563 0.357500 0.035625 0.045000
0 0.257500 0.407083 0.035000 0.045833
0 0.352500 0.566250 0.250000 0.059167
0 0.203437 0.509583 0.036875 0.047500
0 0.494375 0.406667 0.035000 0.045000
0 0.364063 0.509167 0.036875 0.048333
0 0.337187 0.407083 0.035625 0.045833
0 0.404375 0.509167 0.037500 0.048333
0 0.524375 0.508333 0.036250 0.046667
0 0.217812 0.407083 0.035625 0.045833
0 0.121875 0.510000 0.037500 0.048333
0 0.078125 0.567500 0.065000 0.058333
0 0.145000 0.457917 0.036250 0.047500
0 0.465000 0.457500 0.035000 0.046667
0 0.583750 0.457083 0.036250 0.047500
0 0.136875 0.567500 0.048750 0.058333
0 0.436250 0.358333 0.035000 0.043333
0 0.265625 0.457500 0.035000 0.046667
0 0.425000 0.457083 0.036250 0.047500
0 0.087500 0.407917 0.056250 0.047500
0 0.485000 0.508333 0.036250 0.046667
0 0.345625 0.457500 0.036250 0.046667
0 0.279375 0.357500 0.036250 0.045000
0 0.297500 0.406667 0.035000 0.045000
0 0.444688 0.508750 0.035625 0.047500
0 0.625938 0.565417 0.063125 0.057500
0 0.455000 0.407083 0.035000 0.045833
0 0.162500 0.509583 0.036250 0.047500
0 0.599688 0.508333 0.105625 0.048333
0 0.081562 0.357917 0.035625 0.044167
0 0.200625 0.357500 0.036250 0.045000
0 0.324062 0.508750 0.036875 0.047500
0 0.243438 0.510000 0.036875 0.048333
0 0.177500 0.406667 0.036250 0.046667
0 0.138125 0.407083 0.036250 0.045833
0 0.573125 0.406250 0.035000 0.045833
0 0.475313 0.357500 0.035625 0.045000
0 0.185000 0.457917 0.036250 0.047500
0 0.533438 0.406667 0.035625 0.045000
0 0.319063 0.357500 0.035625 0.045000
0 0.089688 0.458333 0.066875 0.046667
0 0.507188 0.448750 0.946875 0.325833
0 0.623125 0.432083 0.056250 0.097500
0 0.397188 0.357917 0.035625 0.044167
0 0.611250 0.357917 0.075000 0.045833
0 0.240313 0.357083 0.035625 0.044167
0 0.569375 0.567500 0.050000 0.056667
