0 0.911323 0.542805 0.102319 0.129326
0 0.197476 0.689891 0.101637 0.130237
0 0.362210 0.544627 0.099591 0.129326
0 0.528308 0.689891 0.100273 0.128415
0 0.904161 0.685337 0.193042 0.130237
0 0.313779 0.847905 0.626194 0.158470
0 0.444748 0.397996 0.099591 0.132969
0 0.608799 0.253188 0.101637 0.131148
0 0.885061 0.396630 0.100273 0.128415
0 0.750341 0.687158 0.100955 0.126594
0 0.333902 0.400273 0.101637 0.133880
0 0.042974 0.546448 0.084584 0.127505
0 0.498977 0.254098 0.101637 0.131148
0 0.500682 0.513661 1.000000 0.947177
0 0.024898 0.688525 0.048431 0.129326
0 0.088677 0.689435 0.100955 0.129326
0 0.665757 0.397541 0.100955 0.133880
0 0.225102 0.401184 0.100955 0.132058
0 0.639154 0.688069 0.100955 0.128415
0 0.306276 0.689891 0.100955 0.132058
0 0.169850 0.257286 0.100955 0.130237
0 0.582538 0.544627 0.100955 0.132969
0 0.251364 0.545082 0.100273 0.130237
0 0.865962 0.844262 0.128922 0.151184
0 0.943724 0.254554 0.113915 0.128415
0 0.693383 0.544627 0.100273 0.131148
0 0.142565 0.546448 0.099591 0.127505
0 0.970327 0.468579 0.060709 0.266849
0 0.018759 0.260018 0.036153 0.128415
0 0.115962 0.401184 0.099591 0.132058
0 0.471692 0.544627 0.101637 0.131148
0 0.828445 0.253643 0.100273 0.128415
0 0.777967 0.402095 0.100273 0.128415
0 0.417804 0.689891 0.101637 0.133880
0 0.718622 0.259107 0.100273 0.128415
0 0.389495 0.255009 0.100955 0.131148
0 0.802524 0.543716 0.098909 0.131148
0 0.279673 0.255920 0.100955 0.131148
0 0.554570 0.398907 0.100955 0.132969
0 0.062415 0.260474 0.100273 0.129326
0 0.029673 0.403461 0.057981 0.131148
