0 0.343220 0.398696 0.047588 0.060000
0 0.689048 0.464348 0.048240 0.059130
0 0.555737 0.399565 0.046284 0.060000
0 0.825945 0.461739 0.108214 0.062609
0 0.290417 0.398261 0.047588 0.060870
0 0.791069 0.332174 0.031943 0.057391
0 0.467405 0.269565 0.046936 0.057391
0 0.378748 0.333913 0.046936 0.059130
0 0.208931 0.462609 0.047588 0.062609
0 0.422751 0.463913 0.047588 0.061739
0 0.262712 0.463478 0.048240 0.060870
0 0.457301 0.537826 0.213168 0.080870
0 0.589635 0.334348 0.046284 0.058261
0 0.501956 0.389130 0.792699 0.420000
0 0.431226 0.333478 0.046284 0.058261
0 0.502608 0.399130 0.048240 0.059130
0 0.484355 0.333913 0.046936 0.059130
0 0.693937 0.333913 0.047588 0.059130
0 0.145046 0.536087 0.055411 0.079130
0 0.582790 0.465217 0.048240 0.060870
0 0.310626 0.269130 0.047588 0.058261
0 0.676988 0.270870 0.046284 0.058261
0 0.315515 0.463478 0.046936 0.060870
0 0.325945 0.333478 0.048240 0.058261
0 0.259452 0.269130 0.046936 0.058261
0 0.840939 0.269565 0.062581 0.057391
0 0.414602 0.269130 0.046936 0.058261
0 0.661669 0.399130 0.046936 0.059130
0 0.635593 0.464348 0.048240 0.060870
0 0.368970 0.464348 0.048240 0.060870
0 0.529661 0.464783 0.047588 0.061739
0 0.220665 0.333043 0.048892 0.059130
0 0.237614 0.397391 0.047588 0.060870
0 0.475880 0.464348 0.048240 0.060870
0 0.272816 0.332174 0.046284 0.059130
0 0.766623 0.397826 0.046936 0.060000
0 0.158409 0.331304 0.062581 0.060870
0 0.165906 0.396087 0.082790 0.060000
0 0.149935 0.462174 0.056063 0.061739
0 0.537158 0.334783 0.046936 0.059130
0 0.609192 0.400000 0.047588 0.059130
0 0.316167 0.537391 0.053455 0.078261
0 0.811278 0.396522 0.031943 0.059130
0 0.396675 0.398696 0.047588 0.060000
0 0.362777 0.268696 0.046284 0.057391
0 0.703390 0.537391 0.054759 0.078261
0 0.714146 0.398696 0.047588 0.060000
0 0.590287 0.537826 0.052803 0.077391
0 0.741851 0.463043 0.048240 0.060000
0 0.745763 0.333913 0.046936 0.059130
0 0.728162 0.270435 0.046936 0.057391
0 0.153846 0.267826 0.045632 0.057391
0 0.845176 0.365217 0.063233 0.125217
0 0.449478 0.398696 0.047588 0.060000
0 0.520860 0.270435 0.046936 0.057391
0 0.641786 0.334348 0.047588 0.058261
0 0.625489 0.271304 0.046284 0.057391
0 0.206323 0.268696 0.046284 0.057391
0 0.780313 0.269565 0.045632 0.057391
0 0.572686 0.270435 0.046284 0.057391
