0 0.707760 0.546327 0.035044 0.049249
0 0.188360 0.673623 0.042553 0.061770
0 0.423342 0.438230 0.033166 0.046745
0 0.433354 0.604758 0.035670 0.052588
0 0.567272 0.492070 0.034418 0.047579
0 0.546308 0.440317 0.033792 0.050918
0 0.586984 0.439482 0.033792 0.049249
0 0.651126 0.492487 0.034418 0.050083
0 0.539737 0.547162 0.034418 0.049249
0 0.154881 0.612270 0.068210 0.060935
0 0.522528 0.551753 0.838548 0.383973
0 0.381414 0.439482 0.034418 0.050918
0 0.632040 0.664023 0.038798 0.055927
0 0.664894 0.545910 0.033166 0.048414
0 0.238423 0.553005 0.037547 0.057596
0 0.505319 0.439482 0.034418 0.050918
0 0.369837 0.549666 0.033792 0.052588
0 0.729036 0.605593 0.111389 0.057596
0 0.230288 0.496244 0.038798 0.055927
0 0.255632 0.441569 0.038173 0.055092
0 0.669900 0.436978 0.033166 0.045910
0 0.163016 0.441152 0.053191 0.054257
0 0.455257 0.546745 0.033166 0.048414
0 0.402691 0.491653 0.033166 0.046745
0 0.476220 0.603506 0.033792 0.050083
0 0.413016 0.669866 0.217772 0.065943
0 0.213705 0.611853 0.039424 0.060100
0 0.212453 0.441987 0.038173 0.054257
0 0.277847 0.671536 0.038798 0.060935
0 0.622653 0.546327 0.033792 0.049249
0 0.412390 0.548831 0.033792 0.050918
0 0.316333 0.494574 0.035670 0.054257
0 0.730914 0.437396 0.076345 0.048414
0 0.519712 0.606427 0.035670 0.055927
0 0.339800 0.439065 0.033792 0.050083
0 0.358886 0.492070 0.035670 0.049249
0 0.647059 0.603088 0.035044 0.050918
0 0.257822 0.610184 0.037547 0.058431
0 0.168335 0.494992 0.073842 0.056761
0 0.297559 0.440317 0.038173 0.054257
0 0.561952 0.604758 0.035044 0.052588
0 0.527222 0.490401 0.031915 0.044240
0 0.747184 0.520033 0.061327 0.106845
0 0.496871 0.547997 0.032541 0.052588
0 0.627972 0.438648 0.034418 0.049249
0 0.274093 0.494992 0.036295 0.055092
0 0.545682 0.666528 0.037547 0.059265
0 0.604819 0.603506 0.035670 0.050083
0 0.171464 0.553005 0.090113 0.059265
0 0.325720 0.550501 0.036921 0.052588
0 0.281602 0.552170 0.037547 0.055927
0 0.464643 0.439482 0.033166 0.050918
0 0.581352 0.545910 0.033792 0.046745
0 0.444305 0.491653 0.033792 0.046745
0 0.608886 0.491653 0.033792 0.046745
0 0.485920 0.491235 0.033166 0.045910
0 0.302566 0.609349 0.036921 0.058431
0 0.692741 0.491235 0.035044 0.049249
0 0.389862 0.607262 0.035044 0.055927
0 0.346058 0.607679 0.037547 0.056761
