0 0.114276 0.515385 0.047587 0.092308
0 0.397788 0.616667 0.047587 0.092308
0 0.361595 0.415385 0.046247 0.089744
0 0.487936 0.516026 0.045576 0.088462
0 0.093834 0.415385 0.046917 0.092308
0 0.238271 0.616667 0.047587 0.092308
0 0.328418 0.515385 0.046917 0.089744
0 0.593164 0.516026 0.046917 0.091026
0 0.646448 0.516026 0.047587 0.093590
0 0.502681 0.478205 0.995979 0.946154
0 0.221515 0.515385 0.047587 0.089744
0 0.381032 0.516026 0.046247 0.091026
0 0.664209 0.617949 0.048257 0.092308
0 0.265080 0.718590 0.047587 0.091026
0 0.520107 0.416026 0.046917 0.088462
0 0.147788 0.414103 0.047587 0.092308
0 0.610255 0.617308 0.047587 0.091026
0 0.212131 0.717308 0.047587 0.091026
0 0.057306 0.516026 0.051609 0.093590
0 0.679960 0.414103 0.046247 0.089744
0 0.504357 0.616667 0.047587 0.092308
0 0.583780 0.834615 0.046917 0.120513
0 0.373324 0.832051 0.257373 0.120513
0 0.345174 0.616667 0.046917 0.092308
0 0.451072 0.615385 0.046917 0.092308
0 0.079759 0.719231 0.095174 0.092308
0 0.573056 0.414744 0.046917 0.088462
0 0.583780 0.716667 0.048257 0.089744
0 0.539879 0.516667 0.047587 0.089744
0 0.057306 0.833974 0.047587 0.119231
0 0.254692 0.414103 0.046917 0.089744
0 0.066019 0.617949 0.067694 0.089744
0 0.291890 0.616026 0.046247 0.091026
0 0.131032 0.617949 0.047587 0.089744
0 0.275134 0.516667 0.047587 0.089744
0 0.730228 0.623077 0.069035 0.092308
0 0.736930 0.414103 0.051609 0.089744
0 0.424933 0.717308 0.046917 0.091026
0 0.371984 0.717308 0.048257 0.091026
0 0.414209 0.415385 0.046917 0.092308
0 0.307641 0.414744 0.046917 0.091026
0 0.467493 0.416026 0.046247 0.088462
0 0.716153 0.720513 0.094504 0.094872
0 0.319035 0.717949 0.046917 0.089744
0 0.477547 0.717308 0.047587 0.093590
0 0.161863 0.832692 0.047587 0.119231
0 0.158847 0.717949 0.046917 0.092308
0 0.625670 0.415385 0.047587 0.089744
0 0.700737 0.516026 0.047587 0.091026
0 0.747319 0.517949 0.030831 0.089744
0 0.166890 0.514103 0.046917 0.092308
0 0.201072 0.415385 0.048257 0.092308
0 0.637399 0.719231 0.048257 0.089744
0 0.433981 0.516026 0.047587 0.091026
0 0.533512 0.837179 0.046917 0.120513
0 0.530496 0.716667 0.047587 0.092308
0 0.184651 0.617308 0.047587 0.091026
0 0.557641 0.616667 0.046917 0.092308
0 0.047922 0.414744 0.031501 0.088462
