0 0.322862 0.578125 0.031414 0.089286
0 0.106457 0.474330 0.031414 0.087054
0 0.134380 0.685268 0.029668 0.089286
0 0.294503 0.368304 0.032286 0.089286
0 0.514398 0.687500 0.032286 0.089286
0 0.047557 0.793527 0.054974 0.091518
0 0.356021 0.473214 0.031414 0.089286
0 0.408377 0.578125 0.031414 0.089286
0 0.155759 0.579241 0.030541 0.087054
0 0.461606 0.367188 0.033159 0.091518
0 0.229930 0.472098 0.030541 0.087054
0 0.217277 0.685268 0.031414 0.089286
0 0.092059 0.686384 0.032286 0.091518
0 0.129145 0.369420 0.031414 0.087054
0 0.088569 0.369420 0.030541 0.087054
0 0.439791 0.473214 0.031414 0.089286
0 0.047120 0.370536 0.031414 0.089286
0 0.308028 0.796875 0.235602 0.098214
0 0.314136 0.472098 0.029668 0.087054
0 0.188918 0.473214 0.030541 0.089286
0 0.170157 0.369420 0.031414 0.091518
0 0.252182 0.368304 0.031414 0.089286
0 0.147906 0.472098 0.030541 0.087054
0 0.259599 0.685268 0.030541 0.089286
0 0.114311 0.577009 0.029668 0.087054
0 0.498255 0.562500 0.989529 0.808036
0 0.054974 0.473214 0.050611 0.089286
0 0.428883 0.687500 0.032286 0.089286
0 0.301483 0.685268 0.032286 0.089286
0 0.335515 0.367188 0.032286 0.087054
0 0.596859 0.687500 0.108202 0.089286
0 0.281414 0.578125 0.030541 0.089286
0 0.398342 0.472098 0.030541 0.087054
0 0.175829 0.685268 0.030541 0.089286
0 0.377400 0.367188 0.032286 0.091518
0 0.044939 0.686384 0.042757 0.087054
0 0.239529 0.578125 0.030541 0.089286
0 0.158377 0.795759 0.042757 0.087054
0 0.567190 0.472098 0.031414 0.087054
0 0.344241 0.686384 0.032286 0.091518
0 0.365183 0.579241 0.030541 0.091518
0 0.471640 0.686384 0.032286 0.087054
0 0.197208 0.578125 0.029668 0.089286
0 0.386998 0.687500 0.032286 0.089286
0 0.272251 0.472098 0.029668 0.087054
0 0.623037 0.796875 0.057592 0.093750
0 0.492583 0.579241 0.032286 0.091518
0 0.525305 0.473214 0.031414 0.089286
0 0.449825 0.578125 0.032286 0.089286
0 0.608639 0.364955 0.074171 0.091518
0 0.455934 0.795759 0.044503 0.091518
0 0.578098 0.579241 0.032286 0.091518
0 0.057155 0.578125 0.061955 0.089286
0 0.482112 0.472098 0.032286 0.087054
0 0.210733 0.367188 0.030541 0.087054
0 0.418848 0.367188 0.033159 0.091518
0 0.545375 0.366071 0.031414 0.089286
0 0.535340 0.579241 0.032286 0.091518
0 0.621728 0.527902 0.053229 0.198661
0 0.502618 0.366071 0.033159 0.089286
