0 0.641951 0.230085 0.039140 0.060169
0 0.102260 0.250424 0.034730 0.060169
0 0.497519 0.373305 0.040243 0.061864
0 0.485943 0.303390 0.039140 0.061017
0 0.179162 0.385593 0.039691 0.062712
0 0.339305 0.448729 0.040243 0.061864
0 0.395535 0.307203 0.040243 0.061864
0 0.119350 0.388136 0.068908 0.062712
0 0.531147 0.302542 0.040243 0.061017
0 0.375138 0.520763 0.206725 0.068644
0 0.349779 0.308475 0.039140 0.061017
0 0.688534 0.436017 0.102536 0.063559
0 0.416483 0.237712 0.038037 0.060169
0 0.280595 0.242797 0.038589 0.060169
0 0.597023 0.232203 0.039691 0.059322
0 0.576075 0.300847 0.039691 0.061017
0 0.551544 0.232627 0.040243 0.060169
0 0.566428 0.439831 0.039140 0.059322
0 0.235667 0.245339 0.040243 0.061864
0 0.662348 0.297881 0.031422 0.060169
0 0.113561 0.318644 0.057332 0.062712
0 0.384785 0.447034 0.041896 0.061864
0 0.700110 0.227966 0.067255 0.061017
0 0.145259 0.248729 0.039140 0.060169
0 0.168412 0.316525 0.040243 0.061864
0 0.110529 0.530932 0.051268 0.066949
0 0.621279 0.300000 0.039691 0.061017
0 0.430265 0.445763 0.041345 0.062712
0 0.440739 0.306356 0.040243 0.061864
0 0.269846 0.382627 0.040243 0.061864
0 0.248346 0.452119 0.040243 0.061864
0 0.452040 0.374576 0.039691 0.061017
0 0.258820 0.312712 0.040243 0.062712
0 0.674201 0.366949 0.031974 0.061017
0 0.632856 0.367373 0.039691 0.061864
0 0.202591 0.454661 0.040243 0.061864
0 0.157387 0.456780 0.040243 0.062712
0 0.462238 0.236864 0.039140 0.060169
0 0.475469 0.443220 0.041345 0.062712
0 0.361080 0.378390 0.039691 0.061864
0 0.587927 0.369915 0.040243 0.061864
0 0.709757 0.330508 0.054576 0.130508
0 0.325799 0.241525 0.039691 0.059322
0 0.506891 0.234746 0.039140 0.061017
0 0.492282 0.352542 0.835722 0.450847
0 0.406284 0.376695 0.039691 0.061864
0 0.224366 0.384322 0.039691 0.061864
0 0.611080 0.438559 0.040243 0.060169
0 0.293826 0.451271 0.040794 0.063559
0 0.190463 0.247034 0.039140 0.060169
0 0.213065 0.314407 0.040243 0.062712
0 0.542448 0.371186 0.039691 0.061017
0 0.520948 0.441949 0.040794 0.061864
0 0.504410 0.515254 0.040794 0.066102
0 0.245590 0.526271 0.040243 0.066102
0 0.108049 0.458898 0.046307 0.063559
0 0.587376 0.511864 0.041345 0.066102
0 0.371555 0.239831 0.039691 0.061017
0 0.304300 0.311441 0.039691 0.061864
0 0.315601 0.380085 0.039140 0.061864
