0 0.291607 0.661607 0.035151 0.080357
0 0.087518 0.568750 0.034433 0.080357
0 0.438307 0.634821 0.875179 0.587500
0 0.482066 0.576786 0.034433 0.082143
0 0.048422 0.567857 0.036585 0.082143
0 0.111908 0.481250 0.035868 0.080357
0 0.010760 0.483036 0.020086 0.076786
0 0.362267 0.574107 0.037303 0.083929
0 0.305237 0.483929 0.035151 0.085714
0 0.411406 0.664286 0.035151 0.082143
0 0.308106 0.751786 0.036585 0.085714
0 0.125538 0.568750 0.035868 0.083929
0 0.371234 0.663393 0.035151 0.083929
0 0.015065 0.842857 0.028694 0.071429
0 0.148135 0.750000 0.036585 0.082143
0 0.107604 0.749107 0.035868 0.080357
0 0.165352 0.569643 0.036585 0.082143
0 0.538737 0.854464 0.047346 0.094643
0 0.382353 0.485714 0.035868 0.082143
0 0.028336 0.752679 0.033716 0.091071
0 0.330703 0.663393 0.035868 0.080357
0 0.211263 0.661607 0.035151 0.076786
0 0.283716 0.571429 0.038020 0.082143
0 0.389885 0.850000 0.045194 0.096429
0 0.266858 0.483036 0.035868 0.083929
0 0.517217 0.663393 0.084648 0.087500
0 0.015782 0.569643 0.030129 0.085714
0 0.125897 0.841964 0.045194 0.076786
0 0.451578 0.663393 0.035151 0.083929
0 0.343615 0.484821 0.034433 0.083929
0 0.267934 0.752679 0.035151 0.083929
0 0.227762 0.482143 0.036585 0.078571
0 0.252152 0.658929 0.035151 0.082143
0 0.187948 0.483036 0.035868 0.080357
0 0.171808 0.658929 0.033716 0.078571
0 0.389527 0.752679 0.034433 0.083929
0 0.188307 0.750893 0.036585 0.083929
0 0.402439 0.574107 0.035868 0.083929
0 0.463056 0.485714 0.033716 0.089286
0 0.067791 0.748214 0.035151 0.085714
0 0.506815 0.753571 0.105452 0.085714
0 0.017217 0.659821 0.032999 0.087500
0 0.257891 0.849107 0.213056 0.094643
0 0.533716 0.577679 0.054519 0.083929
0 0.228121 0.751786 0.037303 0.085714
0 0.054161 0.658036 0.036585 0.080357
0 0.429340 0.753571 0.035151 0.085714
0 0.323888 0.572321 0.036585 0.080357
0 0.244261 0.570536 0.036585 0.080357
0 0.441894 0.575893 0.035868 0.083929
0 0.348637 0.752679 0.035868 0.087500
0 0.204806 0.569643 0.035151 0.082143
0 0.522238 0.487500 0.073171 0.089286
0 0.132712 0.658929 0.035868 0.078571
0 0.422884 0.484821 0.035151 0.083929
0 0.149570 0.480357 0.035151 0.082143
0 0.092898 0.658929 0.035151 0.078571
0 0.035868 0.485714 0.034433 0.075000
0 0.013271 0.755357 0.025108 0.085714
0 0.073888 0.482143 0.034433 0.078571
