0 0.088542 0.465961 0.079167 0.066566
0 0.634375 0.622542 0.045833 0.071104
0 0.188542 0.394100 0.041667 0.065053
0 0.076563 0.540091 0.057292 0.066566
0 0.157292 0.468230 0.043750 0.065053
0 0.320833 0.321483 0.043750 0.065053
0 0.238542 0.394100 0.043750 0.065053
0 0.659375 0.470499 0.045833 0.066566
0 0.471354 0.321483 0.042708 0.065053
0 0.232813 0.620272 0.044792 0.069592
0 0.622396 0.322239 0.044792 0.063540
0 0.308333 0.468986 0.043750 0.063540
0 0.220833 0.321483 0.045833 0.065053
0 0.633854 0.543873 0.044792 0.065053
0 0.358333 0.469743 0.043750 0.065053
0 0.590104 0.396369 0.044792 0.066566
0 0.640625 0.397126 0.045833 0.068079
0 0.383854 0.542360 0.044792 0.065053
0 0.271354 0.319970 0.042708 0.065053
0 0.383854 0.619516 0.242708 0.077156
0 0.433333 0.543873 0.043750 0.065053
0 0.692187 0.395613 0.044792 0.065053
0 0.257292 0.469743 0.043750 0.065053
0 0.458333 0.469743 0.043750 0.065053
0 0.132812 0.541604 0.042708 0.066566
0 0.422917 0.322995 0.043750 0.065053
0 0.539583 0.396369 0.043750 0.066566
0 0.723437 0.543873 0.121875 0.068079
0 0.183333 0.542360 0.043750 0.065053
0 0.079687 0.393343 0.063542 0.066566
0 0.282813 0.543116 0.042708 0.066566
0 0.070312 0.319970 0.044792 0.062027
0 0.710938 0.469743 0.044792 0.065053
0 0.572396 0.322239 0.044792 0.066566
0 0.674479 0.321483 0.044792 0.065053
0 0.120833 0.321483 0.045833 0.065053
0 0.340104 0.394856 0.042708 0.063540
0 0.139063 0.394100 0.044792 0.065053
0 0.558333 0.469743 0.043750 0.065053
0 0.076042 0.618759 0.060417 0.072617
0 0.232813 0.543116 0.042708 0.066566
0 0.521875 0.322239 0.043750 0.066566
0 0.440625 0.397126 0.043750 0.065053
0 0.495833 0.448563 0.927083 0.467474
0 0.371875 0.322239 0.043750 0.063540
0 0.508333 0.469743 0.043750 0.065053
0 0.490104 0.396369 0.042708 0.063540
0 0.206771 0.468230 0.044792 0.065053
0 0.607812 0.470499 0.044792 0.066566
0 0.333854 0.543873 0.042708 0.065053
0 0.482812 0.543873 0.044792 0.065053
0 0.170833 0.320726 0.045833 0.063540
0 0.533854 0.621029 0.044792 0.071104
0 0.753125 0.432678 0.064583 0.142209
0 0.743229 0.319213 0.082292 0.063540
0 0.390625 0.396369 0.043750 0.066566
0 0.583333 0.543873 0.045833 0.065053
0 0.289583 0.395613 0.043750 0.065053
0 0.532813 0.544629 0.044792 0.066566
0 0.409375 0.469743 0.043750 0.065053
