0 0.960938 0.056250 0.071875 0.054167
0 0.586458 0.234722 0.062500 0.061111
0 0.733333 0.113889 0.058333 0.055556
0 0.304688 0.113194 0.059375 0.056944
0 0.701042 0.300694 0.064583 0.065278
0 0.460938 0.057639 0.057292 0.054167
0 0.947917 0.175694 0.064583 0.059722
0 0.284375 0.057639 0.058333 0.054167
0 0.925000 0.115972 0.062500 0.056944
0 0.942187 0.238194 0.109375 0.062500
0 0.145833 0.229861 0.068750 0.059722
0 0.581250 0.057639 0.058333 0.054167
0 0.557813 0.172222 0.059375 0.058333
0 0.652083 0.234722 0.062500 0.061111
0 0.520833 0.057639 0.058333 0.054167
0 0.433854 0.172222 0.059375 0.058333
0 0.522917 0.234028 0.062500 0.059722
0 0.343229 0.057639 0.059375 0.054167
0 0.459375 0.234028 0.062500 0.059722
0 0.764062 0.057639 0.059375 0.054167
0 0.173958 0.170139 0.091667 0.056944
0 0.395833 0.232639 0.064583 0.059722
0 0.815104 0.175000 0.061458 0.058333
0 0.702083 0.057639 0.058333 0.054167
0 0.250000 0.171528 0.062500 0.056944
0 0.826562 0.056944 0.059375 0.052778
0 0.979688 0.147222 0.038542 0.119444
0 0.836979 0.302778 0.067708 0.066667
0 0.641146 0.056944 0.055208 0.055556
0 0.425000 0.113889 0.058333 0.055556
0 0.860417 0.115278 0.062500 0.058333
0 0.245312 0.113889 0.061458 0.055556
0 0.540104 0.193056 0.915625 0.375000
0 0.178125 0.112500 0.075000 0.055556
0 0.371354 0.172917 0.061458 0.056944
0 0.485417 0.113889 0.058333 0.055556
0 0.547396 0.113889 0.057292 0.055556
0 0.783854 0.236111 0.063542 0.058333
0 0.402083 0.057639 0.056250 0.054167
0 0.495312 0.172917 0.059375 0.056944
0 0.226042 0.058333 0.058333 0.052778
0 0.796354 0.113194 0.059375 0.056944
0 0.685417 0.172917 0.058333 0.056944
0 0.132812 0.293056 0.069792 0.063889
0 0.890104 0.057639 0.059375 0.054167
0 0.608333 0.113889 0.058333 0.055556
0 0.621354 0.172917 0.057292 0.056944
0 0.850000 0.236806 0.062500 0.059722
0 0.270833 0.231944 0.062500 0.058333
0 0.332813 0.232639 0.061458 0.059722
0 0.323958 0.296528 0.066667 0.065278
0 0.880729 0.175000 0.063542 0.058333
0 0.208854 0.230556 0.065625 0.061111
0 0.670833 0.113194 0.056250 0.054167
0 0.310937 0.171528 0.061458 0.056944
0 0.511979 0.299306 0.311458 0.065278
0 0.175000 0.057639 0.043750 0.051389
0 0.750521 0.173611 0.059375 0.058333
0 0.717708 0.235417 0.060417 0.059722
0 0.365104 0.113194 0.059375 0.056944
