0 0.689538 0.544837 0.038043 0.053442
0 0.125679 0.682971 0.046196 0.067029
0 0.380774 0.427536 0.036005 0.050725
0 0.391644 0.608243 0.038723 0.057065
0 0.537024 0.485960 0.037364 0.051630
0 0.514266 0.429801 0.036685 0.055254
0 0.558424 0.428895 0.036685 0.053442
0 0.628057 0.486413 0.037364 0.054348
0 0.507133 0.545743 0.037364 0.053442
0 0.089334 0.616395 0.074049 0.066123
0 0.488451 0.550725 0.910326 0.416667
0 0.335258 0.428895 0.037364 0.055254
0 0.607337 0.672554 0.042120 0.060688
0 0.643003 0.544384 0.036005 0.052536
0 0.180027 0.552083 0.040761 0.062500
0 0.469769 0.428895 0.037364 0.055254
0 0.322690 0.548460 0.036685 0.057065
0 0.712636 0.609149 0.120924 0.062500
0 0.171196 0.490489 0.042120 0.060688
0 0.198709 0.431159 0.041440 0.059783
0 0.648438 0.426178 0.036005 0.049819
0 0.098166 0.430707 0.057745 0.058877
0 0.415421 0.545290 0.036005 0.052536
0 0.358356 0.485507 0.036005 0.050725
0 0.438179 0.606884 0.036685 0.054348
0 0.369565 0.678895 0.236413 0.071558
0 0.153193 0.615942 0.042799 0.065217
0 0.151834 0.431612 0.041440 0.058877
0 0.222826 0.680707 0.042120 0.066123
0 0.597147 0.544837 0.036685 0.053442
0 0.368886 0.547554 0.036685 0.055254
0 0.264606 0.488678 0.038723 0.058877
0 0.714674 0.426630 0.082880 0.052536
0 0.485394 0.610054 0.038723 0.060688
0 0.290082 0.428442 0.036685 0.054348
0 0.310802 0.485960 0.038723 0.053442
0 0.623641 0.606431 0.038043 0.055254
0 0.201087 0.614130 0.040761 0.063406
0 0.103940 0.489130 0.080163 0.061594
0 0.244226 0.429801 0.041440 0.058877
0 0.531250 0.608243 0.038043 0.057065
0 0.493546 0.484149 0.034647 0.048007
0 0.732337 0.516304 0.066576 0.115942
0 0.460598 0.546649 0.035326 0.057065
0 0.602921 0.427989 0.037364 0.053442
0 0.218750 0.489130 0.039402 0.059783
0 0.513587 0.675272 0.040761 0.064312
0 0.577785 0.606884 0.038723 0.054348
0 0.107337 0.552083 0.097826 0.064312
0 0.274796 0.549366 0.040082 0.057065
0 0.226902 0.551178 0.040761 0.060688
0 0.425611 0.428895 0.036005 0.055254
0 0.552310 0.544384 0.036685 0.050725
0 0.403533 0.485507 0.036685 0.050725
0 0.582201 0.485507 0.036685 0.050725
0 0.448709 0.485054 0.036005 0.049819
0 0.249660 0.613225 0.040082 0.063406
0 0.673234 0.485054 0.038043 0.053442
0 0.344429 0.610960 0.038043 0.060688
0 0.296875 0.611413 0.040761 0.061594
