0 0.014806 0.765957 0.027335 0.054711
0 0.039863 0.708207 0.034169 0.048632
0 0.079157 0.707447 0.035308 0.047112
0 0.233485 0.702888 0.036446 0.047112
0 0.138383 0.654255 0.035308 0.047112
0 0.264237 0.550152 0.034169 0.045593
0 0.020501 0.657295 0.038724 0.047112
0 0.451025 0.546353 0.031891 0.044073
0 0.156606 0.705167 0.035308 0.045593
0 0.186788 0.551672 0.034169 0.045593
0 0.310364 0.701368 0.035308 0.047112
0 0.358770 0.598784 0.034169 0.045593
0 0.283030 0.601064 0.035308 0.047112
0 0.012528 0.711246 0.022779 0.045593
0 0.368451 0.648176 0.033030 0.047112
0 0.166856 0.602584 0.035308 0.047112
0 0.443622 0.645897 0.033030 0.045593
0 0.015376 0.605623 0.028474 0.047112
0 0.244875 0.601824 0.034169 0.045593
0 0.349089 0.699848 0.033030 0.047112
0 0.009112 0.556991 0.015945 0.044073
0 0.060934 0.655775 0.035308 0.047112
0 0.254556 0.651976 0.035308 0.045593
0 0.387813 0.752280 0.042141 0.051672
0 0.526196 0.748480 0.043280 0.050152
0 0.433371 0.596505 0.033030 0.047112
0 0.128132 0.604103 0.035308 0.047112
0 0.111048 0.553191 0.035308 0.045593
0 0.090547 0.604103 0.035308 0.047112
0 0.099658 0.655775 0.035308 0.047112
0 0.418565 0.633739 0.834852 0.355623
0 0.339408 0.548632 0.034169 0.045593
0 0.051822 0.604863 0.037585 0.045593
0 0.073462 0.554711 0.035308 0.045593
0 0.423690 0.696049 0.034169 0.045593
0 0.321754 0.599544 0.033030 0.044073
0 0.414009 0.547112 0.033030 0.045593
0 0.137813 0.759878 0.045558 0.051672
0 0.376993 0.547872 0.034169 0.047112
0 0.504556 0.644377 0.079727 0.048632
0 0.301822 0.549392 0.034169 0.047112
0 0.496014 0.694529 0.099089 0.045593
0 0.263667 0.755319 0.199317 0.054711
0 0.395786 0.597264 0.033030 0.045593
0 0.215831 0.652736 0.035308 0.047112
0 0.406036 0.647416 0.033030 0.045593
0 0.117882 0.705167 0.035308 0.045593
0 0.035308 0.556231 0.034169 0.045593
0 0.149203 0.551672 0.034169 0.045593
0 0.470387 0.595745 0.034169 0.045593
0 0.206150 0.601824 0.034169 0.045593
0 0.292711 0.650456 0.034169 0.045593
0 0.272210 0.702128 0.036446 0.045593
0 0.226082 0.551672 0.035308 0.045593
0 0.176538 0.653495 0.034169 0.045593
0 0.194761 0.704407 0.036446 0.047112
0 0.387244 0.697568 0.034169 0.045593
0 0.506834 0.545593 0.070615 0.045593
0 0.518223 0.594225 0.052392 0.045593
0 0.330866 0.649696 0.033030 0.044073
