0 0.047249 0.287234 0.092105 0.089362
0 0.381579 0.480851 0.287081 0.097872
0 0.583134 0.291489 0.051435 0.085106
0 0.481459 0.115957 0.049043 0.078723
0 0.526316 0.291489 0.052632 0.085106
0 0.123206 0.290426 0.052632 0.087234
0 0.258971 0.113830 0.051435 0.078723
0 0.202153 0.113830 0.052632 0.082979
0 0.382775 0.382979 0.055024 0.089362
0 0.565789 0.203191 0.050239 0.082979
0 0.266148 0.384043 0.053828 0.091489
0 0.647129 0.117021 0.050239 0.076596
0 0.441388 0.384043 0.055024 0.091489
0 0.537081 0.118085 0.050239 0.078723
0 0.453947 0.202128 0.051435 0.085106
0 0.089713 0.381915 0.055024 0.091489
0 0.297249 0.290426 0.051435 0.087234
0 0.724282 0.205319 0.037081 0.082979
0 0.372010 0.115957 0.050239 0.078723
0 0.782297 0.248936 0.069378 0.174468
0 0.592105 0.118085 0.050239 0.078723
0 0.030502 0.380851 0.058612 0.093617
0 0.169856 0.200000 0.052632 0.085106
0 0.614833 0.382979 0.052632 0.085106
0 0.468900 0.291489 0.050239 0.085106
0 0.226077 0.200000 0.052632 0.085106
0 0.112440 0.200000 0.055024 0.085106
0 0.208134 0.382979 0.052632 0.089362
0 0.035885 0.112766 0.050239 0.080851
0 0.315191 0.114894 0.051435 0.080851
0 0.672249 0.384043 0.052632 0.087234
0 0.702153 0.118085 0.050239 0.078723
0 0.145933 0.112766 0.052632 0.080851
0 0.769139 0.118085 0.076555 0.082979
0 0.397727 0.201064 0.051435 0.082979
0 0.197368 0.478723 0.069378 0.093617
0 0.043062 0.198936 0.078947 0.087234
0 0.509569 0.202128 0.050239 0.080851
0 0.677033 0.204255 0.050239 0.080851
0 0.425837 0.115957 0.050239 0.078723
0 0.180622 0.291489 0.052632 0.085106
0 0.324761 0.382979 0.053828 0.089362
0 0.744617 0.294681 0.037081 0.082979
0 0.639952 0.293617 0.052632 0.085106
0 0.622010 0.203191 0.050239 0.078723
0 0.021531 0.476596 0.040670 0.093617
0 0.354665 0.291489 0.051435 0.085106
0 0.566388 0.479787 0.068182 0.091489
0 0.148923 0.382979 0.053828 0.089362
0 0.091507 0.112766 0.051435 0.080851
0 0.498804 0.384043 0.055024 0.091489
0 0.735646 0.385106 0.066986 0.093617
0 0.238636 0.290426 0.051435 0.087234
0 0.556818 0.384043 0.053828 0.087234
0 0.411483 0.291489 0.052632 0.089362
0 0.340909 0.201064 0.050239 0.082979
0 0.282895 0.201064 0.051435 0.082979
0 0.688995 0.480851 0.055024 0.089362
0 0.696172 0.293617 0.052632 0.085106
0 0.451555 0.278723 0.900718 0.548936
