0 0.414311 0.208871 0.038869 0.072581
0 0.304329 0.291935 0.039753 0.074194
0 0.393110 0.289516 0.038869 0.075806
0 0.159011 0.545161 0.049470 0.080645
0 0.348498 0.291129 0.039753 0.075806
0 0.358216 0.374194 0.039753 0.074194
0 0.678887 0.206452 0.037986 0.074194
0 0.735866 0.206452 0.065371 0.074194
0 0.167845 0.377419 0.067138 0.074194
0 0.437721 0.289516 0.039753 0.075806
0 0.469081 0.455645 0.040636 0.075806
0 0.601590 0.454032 0.038869 0.072581
0 0.491608 0.371774 0.037986 0.075806
0 0.447438 0.373387 0.039753 0.075806
0 0.203622 0.458871 0.039753 0.075806
0 0.719965 0.454032 0.098940 0.075806
0 0.157244 0.460484 0.044170 0.075806
0 0.380300 0.456452 0.039753 0.074194
0 0.591431 0.206452 0.039753 0.074194
0 0.226148 0.375806 0.038869 0.074194
0 0.530919 0.350000 0.810954 0.503226
0 0.269876 0.375806 0.039753 0.074194
0 0.458922 0.207258 0.037986 0.072581
0 0.613958 0.288710 0.038869 0.074194
0 0.535777 0.371774 0.039753 0.075806
0 0.325972 0.208871 0.038869 0.072581
0 0.645318 0.454032 0.039753 0.072581
0 0.635159 0.207258 0.038869 0.072581
0 0.569788 0.288710 0.038869 0.074194
0 0.414753 0.542742 0.200530 0.082258
0 0.282244 0.210484 0.039753 0.075806
0 0.260159 0.291935 0.039753 0.077419
0 0.540194 0.541129 0.041519 0.079032
0 0.291961 0.457258 0.039753 0.075806
0 0.247792 0.458065 0.039753 0.074194
0 0.526060 0.288710 0.037986 0.074194
0 0.369700 0.207258 0.037986 0.072581
0 0.424912 0.456452 0.040636 0.074194
0 0.288869 0.543548 0.040636 0.080645
0 0.194788 0.213710 0.037986 0.072581
0 0.743375 0.328226 0.050353 0.159677
0 0.556979 0.454839 0.039753 0.074194
0 0.667845 0.370968 0.038869 0.074194
0 0.336131 0.457258 0.039753 0.075806
0 0.215989 0.294355 0.039753 0.075806
0 0.481890 0.289516 0.039753 0.075806
0 0.697438 0.288710 0.030919 0.074194
0 0.152827 0.213710 0.033569 0.072581
0 0.314046 0.375000 0.039753 0.075806
0 0.238516 0.212097 0.038869 0.072581
0 0.657686 0.289516 0.039753 0.075806
0 0.623675 0.371774 0.038869 0.075806
0 0.620583 0.541129 0.041519 0.082258
0 0.707155 0.370968 0.030919 0.074194
0 0.162544 0.295161 0.054770 0.074194
0 0.513251 0.455645 0.040636 0.075806
0 0.547703 0.207258 0.038869 0.072581
0 0.579505 0.371774 0.038869 0.075806
0 0.403269 0.373387 0.039753 0.075806
0 0.503092 0.208065 0.037986 0.074194
