0 0.505952 0.472841 0.041667 0.037604
0 0.337302 0.665738 0.248016 0.064067
0 0.096726 0.509053 0.060516 0.043175
0 0.034722 0.660167 0.057540 0.058496
0 0.437996 0.559192 0.042659 0.043175
0 0.426091 0.514624 0.042659 0.040390
0 0.234127 0.470752 0.043651 0.038997
0 0.483135 0.566852 0.964286 0.311978
0 0.520337 0.516017 0.042659 0.040390
0 0.103175 0.467967 0.043651 0.036212
0 0.594246 0.671309 0.047619 0.064067
0 0.568452 0.516017 0.041667 0.040390
0 0.664683 0.517409 0.043651 0.040390
0 0.153274 0.557103 0.044643 0.041783
0 0.369544 0.472145 0.040675 0.036212
0 0.259425 0.605153 0.048611 0.045961
0 0.584821 0.562674 0.042659 0.041783
0 0.634921 0.564763 0.043651 0.043175
0 0.279266 0.470752 0.042659 0.036212
0 0.460317 0.472145 0.041667 0.038997
0 0.286706 0.513928 0.045635 0.038997
0 0.210813 0.604457 0.046627 0.047354
0 0.199405 0.557799 0.045635 0.040390
0 0.389881 0.559889 0.043651 0.041783
0 0.507937 0.609331 0.043651 0.045961
0 0.190972 0.470752 0.044643 0.038997
0 0.616071 0.516713 0.041667 0.038997
0 0.149306 0.512535 0.046627 0.041783
0 0.473710 0.514624 0.040675 0.040390
0 0.725198 0.541086 0.065476 0.090529
0 0.711310 0.473538 0.077381 0.038997
0 0.489583 0.668524 0.046627 0.061281
0 0.332837 0.513928 0.042659 0.038997
0 0.610615 0.612117 0.044643 0.045961
0 0.062996 0.600975 0.060516 0.048747
0 0.323909 0.471448 0.042659 0.037604
0 0.686012 0.564763 0.044643 0.043175
0 0.162202 0.604457 0.046627 0.044568
0 0.414683 0.471448 0.041667 0.037604
0 0.559524 0.609331 0.043651 0.043175
0 0.379960 0.513928 0.043651 0.041783
0 0.699901 0.614206 0.124008 0.044568
0 0.146825 0.469359 0.041667 0.036212
0 0.246528 0.558496 0.046627 0.041783
0 0.358631 0.607242 0.046627 0.044568
0 0.646329 0.474234 0.040675 0.037604
0 0.457341 0.607939 0.045635 0.045961
0 0.185020 0.660167 0.050595 0.061281
0 0.195437 0.513231 0.045635 0.040390
0 0.089782 0.553621 0.080357 0.048747
0 0.486607 0.560585 0.042659 0.043175
0 0.309028 0.605850 0.046627 0.047354
0 0.294643 0.558496 0.043651 0.041783
0 0.240575 0.513231 0.044643 0.040390
0 0.598214 0.473538 0.041667 0.036212
0 0.551587 0.472841 0.041667 0.037604
0 0.113095 0.604457 0.047619 0.047354
0 0.535218 0.561281 0.042659 0.041783
0 0.341766 0.559889 0.044643 0.041783
0 0.407242 0.607242 0.044643 0.044568
