0 0.433227 0.323703 0.049285 0.069575
0 0.077901 0.321934 0.090620 0.070755
0 0.523847 0.248231 0.047695 0.067217
0 0.738076 0.250590 0.046900 0.067217
0 0.598569 0.323703 0.047695 0.069575
0 0.449523 0.172170 0.046900 0.066038
0 0.572337 0.403302 0.050874 0.073113
0 0.505167 0.308962 0.991256 0.488208
0 0.232114 0.171580 0.049285 0.067217
0 0.321542 0.323113 0.048490 0.068396
0 0.052464 0.487028 0.068362 0.084906
0 0.544118 0.323703 0.048490 0.069575
0 0.653021 0.324882 0.048490 0.069575
0 0.573927 0.487028 0.050874 0.080189
0 0.557234 0.174528 0.047695 0.066038
0 0.068362 0.171580 0.047695 0.064858
0 0.348569 0.402123 0.050079 0.073113
0 0.248013 0.246462 0.049285 0.068396
0 0.681638 0.402123 0.050079 0.070755
0 0.377186 0.322524 0.048490 0.069575
0 0.663355 0.176297 0.046900 0.064858
0 0.303259 0.247052 0.048490 0.069575
0 0.516296 0.402123 0.050079 0.073113
0 0.265501 0.323703 0.049285 0.069575
0 0.072337 0.245283 0.069952 0.070755
0 0.468601 0.247642 0.048490 0.068396
0 0.122417 0.402712 0.050874 0.074292
0 0.631558 0.249410 0.048490 0.067217
0 0.716216 0.177476 0.046105 0.064858
0 0.460652 0.402123 0.050079 0.073113
0 0.610493 0.175708 0.049285 0.066038
0 0.138712 0.247642 0.050079 0.068396
0 0.414149 0.247052 0.049285 0.069575
0 0.502782 0.173349 0.046900 0.066038
0 0.177266 0.171580 0.049285 0.064858
0 0.800874 0.288325 0.070747 0.142689
0 0.339825 0.171580 0.048490 0.064858
0 0.760334 0.325472 0.046900 0.068396
0 0.234897 0.402123 0.050079 0.073113
0 0.122814 0.172170 0.048490 0.066038
0 0.232512 0.487028 0.051669 0.080189
0 0.403021 0.487618 0.275040 0.083726
0 0.707075 0.326061 0.048490 0.069575
0 0.395072 0.172170 0.047695 0.066038
0 0.685215 0.487028 0.050874 0.080189
0 0.685215 0.251179 0.047695 0.068396
0 0.784976 0.177476 0.081876 0.064858
0 0.291335 0.402712 0.050079 0.074292
0 0.775437 0.402712 0.127981 0.071934
0 0.577504 0.248231 0.048490 0.067217
0 0.193561 0.246462 0.048490 0.068396
0 0.488474 0.323703 0.048490 0.069575
0 0.179253 0.402712 0.050079 0.071934
0 0.358903 0.247642 0.048490 0.068396
0 0.627583 0.402123 0.050079 0.070755
0 0.210254 0.323703 0.050079 0.069575
0 0.285374 0.170991 0.047695 0.066038
0 0.058824 0.401533 0.063593 0.074292
0 0.404213 0.401533 0.051669 0.071934
0 0.154213 0.323703 0.049285 0.069575
