0 0.461864 0.530303 0.042373 0.065657
0 0.172034 0.530303 0.042373 0.065657
0 0.366949 0.604798 0.238983 0.068182
0 0.243220 0.457071 0.042373 0.065657
0 0.373729 0.383838 0.042373 0.065657
0 0.583898 0.457071 0.042373 0.065657
0 0.643220 0.308081 0.042373 0.065657
0 0.364407 0.530303 0.044068 0.065657
0 0.326271 0.383838 0.042373 0.065657
0 0.227966 0.383838 0.042373 0.065657
0 0.511017 0.531566 0.042373 0.063131
0 0.064407 0.603535 0.061017 0.065657
0 0.413559 0.530303 0.044068 0.065657
0 0.122881 0.530303 0.042373 0.065657
0 0.520339 0.383838 0.044068 0.065657
0 0.485593 0.457071 0.042373 0.065657
0 0.446610 0.310606 0.042373 0.065657
0 0.219492 0.530303 0.042373 0.065657
0 0.422881 0.383838 0.042373 0.065657
0 0.618644 0.383838 0.044068 0.065657
0 0.077119 0.455808 0.083051 0.068182
0 0.515254 0.604798 0.044068 0.063131
0 0.203390 0.309343 0.044068 0.068182
0 0.675424 0.531566 0.079661 0.068182
0 0.194068 0.457071 0.042373 0.065657
0 0.472034 0.383838 0.042373 0.065657
0 0.560169 0.531566 0.042373 0.063131
0 0.666949 0.383838 0.042373 0.065657
0 0.300000 0.309343 0.044068 0.063131
0 0.633051 0.457071 0.042373 0.065657
0 0.399153 0.310606 0.042373 0.065657
0 0.292373 0.457071 0.042373 0.065657
0 0.277119 0.383838 0.042373 0.065657
0 0.496610 0.310606 0.044068 0.065657
0 0.130508 0.383838 0.044068 0.065657
0 0.682203 0.457071 0.042373 0.065657
0 0.388983 0.457071 0.042373 0.065657
0 0.220339 0.606061 0.044068 0.065657
0 0.339831 0.455808 0.042373 0.063131
0 0.545763 0.310606 0.044068 0.065657
0 0.178814 0.382576 0.042373 0.068182
0 0.728814 0.419192 0.067797 0.141414
0 0.251695 0.308081 0.042373 0.065657
0 0.350000 0.309343 0.042373 0.063131
0 0.628814 0.606061 0.081356 0.065657
0 0.534746 0.457071 0.042373 0.065657
0 0.105932 0.310606 0.042373 0.065657
0 0.494915 0.426768 0.945763 0.479798
0 0.144915 0.455808 0.042373 0.063131
0 0.569492 0.383838 0.044068 0.065657
0 0.154237 0.310606 0.044068 0.065657
0 0.717797 0.309343 0.093220 0.068182
0 0.608475 0.531566 0.044068 0.063131
0 0.064407 0.530303 0.061017 0.070707
0 0.594915 0.310606 0.044068 0.065657
0 0.055085 0.308081 0.042373 0.065657
0 0.268644 0.530303 0.042373 0.065657
0 0.316949 0.530303 0.044068 0.065657
0 0.437288 0.457071 0.040678 0.065657
0 0.067797 0.382576 0.067797 0.068182
