0 0.767717 0.331315 0.052493 0.067474
0 0.729987 0.403114 0.051837 0.067474
0 0.575459 0.256488 0.051181 0.066609
0 0.700459 0.475346 0.053150 0.066609
0 0.416995 0.326990 0.051837 0.067474
0 0.319226 0.399221 0.051837 0.066609
0 0.300197 0.325692 0.053150 0.068339
0 0.407152 0.471886 0.051837 0.066609
0 0.641404 0.474913 0.053150 0.067474
0 0.358596 0.326557 0.051837 0.066609
0 0.289698 0.471453 0.051837 0.067474
0 0.816929 0.330882 0.032808 0.066609
0 0.231955 0.470588 0.051837 0.067474
0 0.167323 0.253460 0.051181 0.065744
0 0.458005 0.254325 0.051181 0.065744
0 0.582677 0.474913 0.052493 0.067474
0 0.517388 0.256055 0.051837 0.065744
0 0.291339 0.552768 0.057743 0.086505
0 0.671260 0.402249 0.051181 0.067474
0 0.554134 0.401384 0.051837 0.067474
0 0.692913 0.258651 0.052493 0.067474
0 0.260827 0.398356 0.051837 0.066609
0 0.241470 0.325260 0.051181 0.067474
0 0.710302 0.330017 0.053150 0.068339
0 0.613189 0.401817 0.051837 0.066609
0 0.203412 0.397491 0.051181 0.066609
0 0.465551 0.472318 0.053150 0.067474
0 0.441601 0.554931 0.227034 0.089100
0 0.436680 0.399654 0.051837 0.067474
0 0.341207 0.253893 0.051181 0.064879
0 0.173885 0.468858 0.048556 0.065744
0 0.105643 0.551038 0.059055 0.086505
0 0.592848 0.328720 0.051837 0.067474
0 0.377953 0.399221 0.052493 0.066609
0 0.877297 0.367647 0.069554 0.140138
0 0.495079 0.400519 0.051837 0.067474
0 0.836614 0.403114 0.031496 0.065744
0 0.712927 0.557526 0.059711 0.087370
0 0.125984 0.396626 0.090551 0.068339
0 0.399606 0.254325 0.052493 0.065744
0 0.476050 0.327855 0.051837 0.067474
0 0.113189 0.469291 0.066273 0.066609
0 0.534449 0.328720 0.051837 0.067474
0 0.523950 0.473616 0.051837 0.066609
0 0.634186 0.257785 0.053150 0.067474
0 0.108268 0.251730 0.048556 0.064014
0 0.852034 0.475779 0.120079 0.069204
0 0.749672 0.258218 0.051837 0.066609
0 0.808399 0.257785 0.051181 0.065744
0 0.498688 0.387543 0.864829 0.465398
0 0.225394 0.253028 0.051837 0.064879
0 0.877953 0.257785 0.069554 0.065744
0 0.282480 0.253460 0.051837 0.065744
0 0.115814 0.323962 0.068898 0.066609
0 0.788058 0.403547 0.052493 0.066609
0 0.184055 0.325260 0.051837 0.065744
0 0.651575 0.330017 0.052493 0.066609
0 0.589567 0.556661 0.058399 0.087370
0 0.348425 0.472318 0.052493 0.067474
0 0.758530 0.476211 0.052493 0.066609
