0 0.554063 0.310507 0.040625 0.060038
0 0.365625 0.448405 0.038750 0.061914
0 0.712187 0.307692 0.085625 0.061914
0 0.532188 0.378987 0.040625 0.061914
0 0.373750 0.311914 0.038750 0.060976
0 0.307812 0.382270 0.040625 0.060976
0 0.505938 0.424015 0.878125 0.450281
0 0.478750 0.515947 0.040000 0.061914
0 0.456562 0.447936 0.039375 0.060976
0 0.390313 0.585835 0.223125 0.060976
0 0.675937 0.514540 0.073125 0.062852
0 0.163438 0.520169 0.040625 0.060976
0 0.352812 0.380863 0.039375 0.060038
0 0.577812 0.379456 0.039375 0.060976
0 0.633437 0.583959 0.075625 0.060976
0 0.261562 0.381801 0.040625 0.060038
0 0.509375 0.310507 0.040000 0.060038
0 0.501563 0.447467 0.039375 0.061914
0 0.238750 0.313321 0.040000 0.060038
0 0.253125 0.588180 0.041250 0.060038
0 0.217500 0.383677 0.038750 0.061914
0 0.614688 0.515478 0.040625 0.060976
0 0.464062 0.311445 0.039375 0.060038
0 0.433125 0.516417 0.040000 0.060976
0 0.275938 0.450750 0.039375 0.060976
0 0.193750 0.313321 0.040000 0.060038
0 0.170313 0.380863 0.040625 0.061914
0 0.185000 0.450281 0.040000 0.060038
0 0.209063 0.520169 0.040625 0.060976
0 0.120000 0.450281 0.080000 0.061914
0 0.230625 0.450750 0.040000 0.060976
0 0.344062 0.518293 0.040625 0.060976
0 0.419375 0.311445 0.038750 0.060038
0 0.644375 0.310038 0.040000 0.060976
0 0.299063 0.519231 0.040625 0.060976
0 0.148438 0.313790 0.039375 0.060976
0 0.527500 0.584428 0.040000 0.060038
0 0.547188 0.447936 0.039375 0.060976
0 0.253437 0.518762 0.040625 0.061914
0 0.411250 0.448405 0.040000 0.060038
0 0.723750 0.409475 0.062500 0.130394
0 0.108125 0.518762 0.056250 0.063790
0 0.389062 0.518293 0.040625 0.060976
0 0.283438 0.311914 0.040625 0.060976
0 0.321250 0.449812 0.038750 0.060976
0 0.107813 0.588180 0.056875 0.061914
0 0.113437 0.381332 0.064375 0.062852
0 0.328750 0.311914 0.040000 0.060976
0 0.397813 0.380394 0.039375 0.060976
0 0.442500 0.380394 0.040000 0.060976
0 0.525000 0.518293 0.040000 0.060976
0 0.487812 0.379925 0.039375 0.060038
0 0.570000 0.516417 0.040000 0.060976
