0 0.403576 0.462521 0.205619 0.047700
0 0.336526 0.313032 0.037037 0.045145
0 0.580140 0.308773 0.037676 0.045145
0 0.344189 0.362010 0.037037 0.045997
0 0.417625 0.311755 0.037037 0.045997
0 0.404853 0.410988 0.038314 0.046848
0 0.529055 0.408859 0.037676 0.047700
0 0.281290 0.413543 0.037676 0.046848
0 0.272989 0.464651 0.050447 0.048552
0 0.199234 0.269591 0.035760 0.043441
0 0.256066 0.314736 0.037037 0.045145
0 0.446360 0.411414 0.038314 0.047700
0 0.508621 0.359029 0.037676 0.046848
0 0.517561 0.261925 0.036398 0.043441
0 0.363665 0.412266 0.037676 0.047700
0 0.467114 0.359455 0.036398 0.047700
0 0.620690 0.308348 0.038314 0.045997
0 0.437420 0.263203 0.035760 0.042589
0 0.322158 0.412692 0.037676 0.046848
0 0.295977 0.313884 0.036398 0.045145
0 0.625798 0.459966 0.039591 0.049404
0 0.166986 0.365417 0.068327 0.045997
0 0.691252 0.261073 0.060664 0.046848
0 0.549808 0.358177 0.037037 0.045145
0 0.698914 0.331772 0.047893 0.094549
0 0.538953 0.309199 0.037037 0.044293
0 0.557471 0.261073 0.037037 0.043441
0 0.159004 0.270017 0.035760 0.042589
0 0.357280 0.264906 0.036398 0.042589
0 0.590996 0.358177 0.037676 0.045145
0 0.535760 0.461244 0.051086 0.048552
0 0.458174 0.311329 0.036398 0.045145
0 0.397190 0.264055 0.035760 0.042589
0 0.199234 0.414395 0.038314 0.046848
0 0.277458 0.267036 0.036398 0.043441
0 0.477331 0.262777 0.036398 0.043441
0 0.385377 0.361584 0.036398 0.045145
0 0.303321 0.362862 0.037037 0.045997
0 0.216156 0.316014 0.037676 0.044293
0 0.612388 0.406729 0.038314 0.045145
0 0.165709 0.316865 0.056833 0.044293
0 0.632184 0.357751 0.038314 0.045997
0 0.262771 0.363714 0.036398 0.045997
0 0.238506 0.267888 0.036398 0.043441
0 0.425926 0.360307 0.037037 0.045997
0 0.377075 0.312181 0.036398 0.045145
0 0.638250 0.260221 0.036398 0.043441
0 0.597382 0.260647 0.036398 0.042589
0 0.659962 0.407155 0.049170 0.047700
0 0.487867 0.410136 0.038314 0.046848
0 0.317369 0.264906 0.035760 0.042589
0 0.499042 0.309199 0.036398 0.044293
0 0.657407 0.307922 0.028736 0.045145
0 0.668902 0.356474 0.028736 0.045145
0 0.240421 0.413969 0.037676 0.047700
0 0.571520 0.408007 0.038314 0.045997
0 0.143678 0.466354 0.039591 0.046848
0 0.510536 0.351363 0.793742 0.300681
0 0.152937 0.416099 0.049170 0.046848
0 0.222861 0.364566 0.037037 0.045997
