0 0.023226 0.568835 0.045161 0.046899
0 0.309355 0.512103 0.038065 0.043873
0 0.320968 0.611952 0.226452 0.052950
0 0.298710 0.463691 0.037419 0.043873
0 0.330323 0.560893 0.038710 0.044629
0 0.286774 0.561271 0.039355 0.045386
0 0.373871 0.559380 0.039355 0.046142
0 0.384194 0.461800 0.038065 0.043116
0 0.594194 0.406959 0.078710 0.042360
0 0.112903 0.566944 0.038710 0.043116
0 0.255806 0.465204 0.036774 0.043873
0 0.361290 0.413767 0.036129 0.043873
0 0.021935 0.424735 0.038710 0.040091
0 0.029677 0.472390 0.058065 0.043116
0 0.148387 0.419440 0.037419 0.044629
0 0.069032 0.567322 0.038710 0.046899
0 0.481290 0.506430 0.038710 0.044629
0 0.608387 0.455371 0.059355 0.042360
0 0.554194 0.455749 0.037419 0.043116
0 0.446129 0.411120 0.038065 0.043116
0 0.395484 0.509455 0.038710 0.044629
0 0.531290 0.408472 0.036774 0.043873
0 0.416774 0.557489 0.038710 0.045386
0 0.082903 0.469365 0.039355 0.043116
0 0.178387 0.617247 0.049677 0.049924
0 0.107097 0.420575 0.037419 0.042360
0 0.621613 0.602874 0.049677 0.049924
0 0.021935 0.622542 0.042581 0.049924
0 0.169032 0.466717 0.037419 0.043873
0 0.126452 0.467852 0.040000 0.046142
0 0.319355 0.414902 0.036129 0.044629
0 0.403548 0.412254 0.036774 0.043873
0 0.524516 0.505295 0.038710 0.043873
0 0.277097 0.416415 0.038065 0.041604
0 0.157097 0.565809 0.038065 0.043873
0 0.469032 0.458775 0.038710 0.044629
0 0.211935 0.465582 0.039355 0.046142
0 0.222903 0.514372 0.038065 0.043873
0 0.438710 0.508321 0.037419 0.043873
0 0.463226 0.608169 0.050323 0.049924
0 0.352581 0.510968 0.038065 0.044629
0 0.265484 0.512481 0.038065 0.043116
0 0.137097 0.517398 0.036774 0.042360
0 0.232581 0.416793 0.038065 0.042360
0 0.065484 0.424357 0.038065 0.042360
0 0.511935 0.458018 0.038065 0.044629
0 0.179677 0.515129 0.038065 0.043873
0 0.426129 0.460287 0.038065 0.044629
0 0.093548 0.517776 0.038710 0.043116
0 0.460323 0.555598 0.039355 0.044629
0 0.585484 0.551437 0.114194 0.043873
0 0.594194 0.502648 0.091613 0.044629
0 0.243226 0.562784 0.038710 0.043873
0 0.035161 0.520045 0.069032 0.044629
0 0.502903 0.554463 0.039355 0.043873
0 0.486774 0.498109 0.972258 0.339637
0 0.200000 0.564297 0.038710 0.043873
0 0.340968 0.462557 0.038065 0.044629
0 0.488387 0.410363 0.037419 0.041604
0 0.190323 0.417927 0.037419 0.043116
