0 0.348238 0.548469 0.067751 0.127551
0 0.959350 0.549745 0.067751 0.130102
0 0.865854 0.838010 0.070461 0.130102
0 0.176829 0.834184 0.069106 0.127551
0 0.732385 0.551020 0.069106 0.132653
0 0.655149 0.549745 0.069106 0.130102
0 0.462737 0.406888 0.069106 0.130102
0 0.695799 0.959184 0.088076 0.086735
0 0.557588 0.835459 0.069106 0.130102
0 0.808266 0.549745 0.069106 0.130102
0 0.120596 0.548469 0.070461 0.132653
0 0.157859 0.408163 0.069106 0.127551
0 0.694444 0.408163 0.069106 0.132653
0 0.290650 0.957908 0.088076 0.089286
0 0.983062 0.406888 0.036585 0.130102
0 0.501355 0.548469 0.067751 0.132653
0 0.214092 0.692602 0.067751 0.125000
0 0.443767 0.692602 0.069106 0.130102
0 0.787940 0.834184 0.069106 0.127551
0 0.972900 0.692602 0.056911 0.130102
0 0.310298 0.404337 0.067751 0.130102
0 0.195122 0.548469 0.067751 0.132653
0 0.366531 0.692602 0.069106 0.130102
0 0.882791 0.551020 0.069106 0.132653
0 0.082656 0.408163 0.067751 0.127551
0 0.271003 0.549745 0.070461 0.130102
0 0.405827 0.834184 0.069106 0.132653
0 0.519648 0.693878 0.069106 0.132653
0 0.844851 0.406888 0.069106 0.130102
0 0.030488 0.957908 0.058266 0.089286
0 0.577913 0.551020 0.069106 0.132653
0 0.901762 0.692602 0.069106 0.130102
0 0.069106 0.834184 0.135501 0.132653
0 0.039295 0.548469 0.075881 0.127551
0 0.328591 0.835459 0.069106 0.130102
0 0.954607 0.838010 0.093496 0.135204
0 0.501355 0.577806 1.000000 0.849490
0 0.138889 0.691327 0.069106 0.127551
0 0.769648 0.409439 0.070461 0.130102
0 0.424797 0.548469 0.069106 0.127551
0 0.385501 0.404337 0.069106 0.130102
0 0.290650 0.692602 0.069106 0.130102
0 0.827236 0.692602 0.069106 0.130102
0 0.233740 0.405612 0.071816 0.132653
0 0.048780 0.693878 0.094851 0.127551
0 0.635501 0.838010 0.070461 0.130102
0 0.482385 0.835459 0.070461 0.130102
0 0.541328 0.408163 0.069106 0.132653
0 0.751355 0.693878 0.069106 0.132653
0 0.921409 0.408163 0.067751 0.127551
0 0.252033 0.834184 0.070461 0.127551
0 0.020325 0.406888 0.037940 0.125000
0 0.617209 0.406888 0.069106 0.130102
0 0.674119 0.692602 0.069106 0.130102
0 0.597561 0.692602 0.067751 0.130102
0 0.493902 0.957908 0.304878 0.089286
0 0.712060 0.835459 0.069106 0.130102
0 0.787940 0.959184 0.088076 0.086735
