0 0.507364 0.561905 0.098675 0.109524
0 0.433358 0.405952 0.865243 0.807143
0 0.088733 0.557143 0.033137 0.109524
0 0.281296 0.560714 0.032401 0.107143
0 0.009573 0.194048 0.017673 0.107143
0 0.233800 0.194048 0.033137 0.111905
0 0.387334 0.192857 0.032401 0.114286
0 0.433726 0.560714 0.030928 0.107143
0 0.533137 0.320238 0.051546 0.107143
0 0.014359 0.691667 0.027246 0.116667
0 0.070692 0.436905 0.032401 0.107143
0 0.146171 0.691667 0.040501 0.116667
0 0.253314 0.315476 0.033873 0.107143
0 0.395803 0.563095 0.031664 0.107143
0 0.319588 0.561905 0.032401 0.109524
0 0.339470 0.439286 0.030928 0.102381
0 0.453976 0.440476 0.031664 0.109524
0 0.138071 0.315476 0.031664 0.111905
0 0.061856 0.319048 0.033873 0.109524
0 0.483063 0.317857 0.032401 0.111905
0 0.128130 0.559524 0.032401 0.104762
0 0.041605 0.194048 0.033137 0.111905
0 0.262887 0.439286 0.032401 0.107143
0 0.050810 0.561905 0.032401 0.119048
0 0.377761 0.439286 0.032401 0.107143
0 0.416053 0.440476 0.032401 0.109524
0 0.187040 0.438095 0.032401 0.100000
0 0.080265 0.192857 0.032401 0.109524
0 0.367452 0.316667 0.032401 0.109524
0 0.396907 0.691667 0.041237 0.116667
0 0.224595 0.438095 0.032401 0.104762
0 0.291605 0.316667 0.032401 0.109524
0 0.100147 0.314286 0.033873 0.109524
0 0.108984 0.434524 0.032401 0.111905
0 0.329897 0.316667 0.032401 0.104762
0 0.205081 0.559524 0.031664 0.104762
0 0.301546 0.438095 0.031664 0.109524
0 0.024669 0.440476 0.047865 0.104762
0 0.019146 0.315476 0.036819 0.107143
0 0.444772 0.317857 0.032401 0.107143
0 0.176362 0.313095 0.033137 0.111905
0 0.310015 0.195238 0.033873 0.114286
0 0.348306 0.195238 0.033873 0.114286
0 0.536082 0.691667 0.042710 0.116667
0 0.118189 0.192857 0.033137 0.114286
0 0.517305 0.440476 0.080265 0.109524
0 0.166053 0.560714 0.031664 0.107143
0 0.406112 0.315476 0.033137 0.107143
0 0.156480 0.190476 0.033137 0.114286
0 0.148012 0.438095 0.032401 0.104762
0 0.271723 0.192857 0.033873 0.109524
0 0.272828 0.694048 0.196613 0.126190
0 0.521723 0.195238 0.069956 0.114286
0 0.464286 0.195238 0.033137 0.109524
0 0.214286 0.314286 0.030928 0.104762
0 0.015096 0.566667 0.028719 0.104762
0 0.242636 0.558333 0.033137 0.107143
0 0.357511 0.563095 0.030191 0.107143
0 0.425258 0.194048 0.033137 0.107143
0 0.194772 0.192857 0.033137 0.109524
