0 0.524463 0.420644 0.029833 0.032220
0 0.351432 0.496420 0.029833 0.031026
0 0.323389 0.420644 0.028640 0.029833
0 0.362768 0.420644 0.028640 0.029833
0 0.162888 0.420048 0.029833 0.031026
0 0.304893 0.384248 0.029833 0.031026
0 0.616348 0.439737 0.051313 0.070406
0 0.344272 0.383652 0.029833 0.032220
0 0.158711 0.537589 0.042959 0.034606
0 0.227924 0.497017 0.028640 0.032220
0 0.453461 0.458234 0.028640 0.031026
0 0.593079 0.497017 0.102625 0.032220
0 0.468974 0.536396 0.042959 0.034606
0 0.129475 0.458234 0.029833 0.031026
0 0.250597 0.458234 0.028640 0.031026
0 0.623508 0.538186 0.046539 0.038186
0 0.269093 0.496420 0.029833 0.031026
0 0.315036 0.539379 0.250597 0.038186
0 0.331742 0.458234 0.028640 0.031026
0 0.513723 0.496420 0.029833 0.031026
0 0.392005 0.497017 0.029833 0.032220
0 0.372315 0.458234 0.028640 0.031026
0 0.146778 0.497017 0.028640 0.029833
0 0.169451 0.458831 0.028640 0.032220
0 0.065632 0.384248 0.031026 0.031026
0 0.502983 0.383652 0.032220 0.032220
0 0.412888 0.458234 0.028640 0.031026
0 0.403341 0.420644 0.028640 0.029833
0 0.184964 0.383055 0.031026 0.033413
0 0.106205 0.497613 0.031026 0.033413
0 0.059666 0.498210 0.042959 0.032220
0 0.383652 0.383652 0.029833 0.032220
0 0.493437 0.450477 0.974940 0.278043
0 0.071599 0.420644 0.050119 0.032220
0 0.121718 0.421241 0.031026 0.031026
0 0.056086 0.537589 0.045346 0.034606
0 0.201671 0.421241 0.028640 0.031026
0 0.423628 0.383652 0.031026 0.032220
0 0.264320 0.383652 0.029833 0.032220
0 0.574582 0.457637 0.029833 0.032220
0 0.443317 0.420048 0.029833 0.031026
0 0.483294 0.420048 0.031026 0.031026
0 0.603819 0.383055 0.069212 0.033413
0 0.224940 0.382458 0.029833 0.032220
0 0.432578 0.497017 0.029833 0.032220
0 0.073389 0.458831 0.060859 0.032220
0 0.473747 0.497017 0.031026 0.032220
0 0.309069 0.495823 0.031026 0.032220
0 0.542363 0.383055 0.029833 0.031026
0 0.187351 0.497017 0.028640 0.032220
0 0.493437 0.458234 0.029833 0.031026
0 0.463007 0.383055 0.031026 0.031026
0 0.210024 0.458234 0.028640 0.031026
0 0.291169 0.458234 0.028640 0.031026
0 0.535203 0.458234 0.029833 0.031026
0 0.564439 0.420644 0.031026 0.032220
0 0.242840 0.420048 0.029833 0.031026
0 0.282816 0.420644 0.028640 0.029833
0 0.105609 0.384248 0.029833 0.031026
0 0.145585 0.383652 0.031026 0.032220
