0 0.163542 0.316667 0.083333 0.077778
0 0.456250 0.485185 0.250000 0.085185
0 0.631771 0.320370 0.044792 0.074074
0 0.543229 0.167593 0.042708 0.068519
0 0.582292 0.320370 0.045833 0.074074
0 0.231250 0.319444 0.045833 0.075926
0 0.349479 0.165741 0.044792 0.068519
0 0.300000 0.165741 0.045833 0.072222
0 0.457292 0.400000 0.047917 0.077778
0 0.616667 0.243519 0.043750 0.072222
0 0.355729 0.400926 0.046875 0.079630
0 0.687500 0.168519 0.043750 0.066667
0 0.508333 0.400926 0.047917 0.079630
0 0.591667 0.169444 0.043750 0.068519
0 0.519271 0.242593 0.044792 0.074074
0 0.202083 0.399074 0.047917 0.079630
0 0.382812 0.319444 0.044792 0.075926
0 0.754687 0.245370 0.032292 0.072222
0 0.447917 0.167593 0.043750 0.068519
0 0.805208 0.283333 0.060417 0.151852
0 0.639583 0.169444 0.043750 0.068519
0 0.146354 0.398148 0.059375 0.081481
0 0.271875 0.240741 0.045833 0.074074
0 0.659375 0.400000 0.045833 0.074074
0 0.532292 0.320370 0.043750 0.074074
0 0.320833 0.240741 0.045833 0.074074
0 0.221875 0.240741 0.047917 0.074074
0 0.305208 0.400000 0.045833 0.077778
0 0.155208 0.164815 0.043750 0.070370
0 0.398438 0.166667 0.044792 0.070370
0 0.709375 0.400926 0.045833 0.075926
0 0.735417 0.169444 0.043750 0.068519
0 0.251042 0.164815 0.045833 0.070370
0 0.793750 0.169444 0.066667 0.072222
0 0.470313 0.241667 0.044792 0.072222
0 0.295833 0.483333 0.060417 0.081481
0 0.161458 0.239815 0.068750 0.075926
0 0.567708 0.242593 0.043750 0.070370
0 0.713542 0.244444 0.043750 0.070370
0 0.494792 0.167593 0.043750 0.068519
0 0.281250 0.320370 0.045833 0.074074
0 0.406771 0.400000 0.046875 0.077778
0 0.772396 0.323148 0.032292 0.072222
0 0.681250 0.322222 0.045833 0.074074
0 0.665625 0.243519 0.043750 0.068519
0 0.135417 0.481481 0.050000 0.081481
0 0.432812 0.320370 0.044792 0.074074
0 0.617188 0.484259 0.059375 0.079630
0 0.253646 0.400000 0.046875 0.077778
0 0.203646 0.164815 0.044792 0.070370
0 0.558333 0.400926 0.047917 0.079630
0 0.764583 0.401852 0.058333 0.081481
0 0.331771 0.319444 0.044792 0.075926
0 0.608854 0.400926 0.046875 0.075926
0 0.482292 0.320370 0.045833 0.077778
0 0.420833 0.241667 0.043750 0.072222
0 0.370312 0.241667 0.044792 0.072222
0 0.723958 0.485185 0.047917 0.077778
0 0.730208 0.322222 0.045833 0.074074
0 0.507292 0.309259 0.804167 0.477778
