0 0.400055 0.311667 0.044481 0.066667
0 0.285832 0.455833 0.046678 0.068333
0 0.139758 0.238750 0.044481 0.064167
0 0.747117 0.313750 0.046678 0.067500
0 0.633718 0.460000 0.047227 0.068333
0 0.146074 0.310000 0.063701 0.068333
0 0.252883 0.310417 0.044481 0.067500
0 0.133718 0.456250 0.052169 0.069167
0 0.187809 0.455833 0.046129 0.070000
0 0.531576 0.241667 0.045030 0.065000
0 0.580999 0.242500 0.046129 0.066667
0 0.683416 0.460417 0.046678 0.069167
0 0.549423 0.313333 0.045579 0.066667
0 0.510434 0.385417 0.045579 0.069167
0 0.629874 0.242083 0.046129 0.065833
0 0.583196 0.459583 0.046129 0.069167
0 0.759198 0.387500 0.045579 0.068333
0 0.659528 0.386667 0.046129 0.068333
0 0.410489 0.383750 0.045579 0.067500
0 0.295167 0.530833 0.047776 0.070000
0 0.727897 0.241250 0.045579 0.065833
0 0.236409 0.455833 0.045579 0.068333
0 0.149368 0.382500 0.076881 0.068333
0 0.285283 0.239583 0.046678 0.065833
0 0.482153 0.241250 0.045030 0.065833
0 0.499725 0.313333 0.046129 0.068333
0 0.449753 0.312500 0.045030 0.068333
0 0.460461 0.384583 0.045579 0.067500
0 0.446183 0.532500 0.247666 0.073333
0 0.214168 0.382917 0.046129 0.067500
0 0.709226 0.387083 0.047776 0.069167
0 0.136463 0.528750 0.068644 0.070833
0 0.534047 0.459583 0.046678 0.069167
0 0.361889 0.383333 0.045030 0.066667
0 0.483526 0.458333 0.046678 0.068333
0 0.648270 0.313333 0.046678 0.068333
0 0.598298 0.313333 0.046678 0.068333
0 0.311917 0.383333 0.046129 0.068333
0 0.384953 0.457083 0.047227 0.069167
0 0.797090 0.242083 0.082921 0.065833
0 0.503020 0.368750 0.818232 0.450833
0 0.432455 0.240417 0.045579 0.065833
0 0.302306 0.310833 0.045579 0.066667
0 0.706205 0.535000 0.069193 0.071667
0 0.610104 0.386250 0.046129 0.069167
0 0.204009 0.310833 0.046678 0.066667
0 0.334157 0.239167 0.044481 0.065000
0 0.188358 0.239167 0.043932 0.065000
0 0.434102 0.457917 0.046678 0.069167
0 0.383031 0.240000 0.045579 0.066667
0 0.697419 0.314167 0.047227 0.068333
0 0.596650 0.534167 0.047776 0.070000
0 0.678199 0.241250 0.045030 0.065833
0 0.806700 0.352083 0.064800 0.142500
0 0.775673 0.460833 0.131247 0.070000
0 0.350906 0.311667 0.045030 0.066667
0 0.560681 0.385833 0.046129 0.068333
0 0.263042 0.382917 0.046129 0.067500
0 0.335255 0.456667 0.046678 0.068333
0 0.237232 0.239167 0.046129 0.065000
