0 0.418399 0.249074 0.042620 0.079630
0 0.349272 0.166667 0.043659 0.077778
0 0.580561 0.172222 0.042620 0.077778
0 0.660083 0.335185 0.043659 0.077778
0 0.612786 0.335185 0.042620 0.077778
0 0.397089 0.168519 0.043659 0.077778
0 0.443867 0.414815 0.043659 0.081481
0 0.672037 0.173148 0.042620 0.075926
0 0.516112 0.309259 0.890852 0.507407
0 0.380457 0.330556 0.043659 0.079630
0 0.255198 0.163889 0.046778 0.079630
0 0.625780 0.173148 0.041580 0.075926
0 0.187630 0.327778 0.044699 0.081481
0 0.651767 0.503704 0.045738 0.081481
0 0.160603 0.162037 0.042620 0.079630
0 0.464137 0.250926 0.042620 0.079630
0 0.122661 0.327778 0.079002 0.081481
0 0.322765 0.247222 0.044699 0.079630
0 0.284304 0.329630 0.044699 0.081481
0 0.300936 0.413889 0.046778 0.083333
0 0.729210 0.174074 0.065489 0.077778
0 0.178794 0.244444 0.045738 0.081481
0 0.120062 0.242593 0.065489 0.081481
0 0.252079 0.413889 0.044699 0.083333
0 0.736486 0.295370 0.055094 0.161111
0 0.203742 0.413889 0.045738 0.083333
0 0.701663 0.336111 0.031185 0.079630
0 0.474532 0.332407 0.042620 0.079630
0 0.274948 0.245370 0.044699 0.079630
0 0.647609 0.253704 0.043659 0.077778
0 0.396050 0.412963 0.045738 0.081481
0 0.557173 0.500926 0.045738 0.083333
0 0.602391 0.253704 0.042620 0.077778
0 0.349272 0.412963 0.043659 0.081481
0 0.332640 0.328704 0.043659 0.079630
0 0.630977 0.417593 0.043659 0.079630
0 0.567568 0.333333 0.041580 0.077778
0 0.417360 0.500926 0.229730 0.087037
0 0.275988 0.501852 0.046778 0.085185
0 0.520790 0.332407 0.041580 0.079630
0 0.490644 0.415741 0.043659 0.079630
0 0.155405 0.412963 0.046778 0.085185
0 0.302495 0.163889 0.043659 0.079630
0 0.538462 0.416667 0.043659 0.081481
0 0.207900 0.162963 0.045738 0.077778
0 0.489085 0.171296 0.042620 0.075926
0 0.103950 0.412037 0.049896 0.083333
0 0.688669 0.253704 0.030146 0.077778
0 0.235447 0.327778 0.044699 0.081481
0 0.112266 0.161111 0.043659 0.077778
0 0.510395 0.250926 0.041580 0.075926
0 0.534823 0.172222 0.042620 0.077778
0 0.688150 0.418519 0.062370 0.081481
0 0.113825 0.500926 0.080042 0.087037
0 0.584200 0.415741 0.043659 0.079630
0 0.226611 0.243519 0.043659 0.083333
0 0.556133 0.252778 0.043659 0.079630
0 0.428274 0.331481 0.043659 0.077778
0 0.443347 0.170370 0.042620 0.077778
0 0.370582 0.247222 0.042620 0.079630
