0 0.396250 0.456667 0.201250 0.046667
0 0.330625 0.310417 0.036250 0.044167
0 0.569063 0.306250 0.036875 0.044167
0 0.338125 0.358333 0.036250 0.045000
0 0.410000 0.309167 0.036250 0.045000
0 0.397500 0.406250 0.037500 0.045833
0 0.519062 0.404167 0.036875 0.046667
0 0.276562 0.408750 0.036875 0.045833
0 0.268437 0.458750 0.049375 0.047500
0 0.196250 0.267917 0.035000 0.042500
0 0.251875 0.312083 0.036250 0.044167
0 0.438125 0.406667 0.037500 0.046667
0 0.499063 0.355417 0.036875 0.045833
0 0.507812 0.260417 0.035625 0.042500
0 0.357187 0.407500 0.036875 0.046667
0 0.458437 0.355833 0.035625 0.046667
0 0.608750 0.305833 0.037500 0.045000
0 0.429375 0.261667 0.035000 0.041667
0 0.316563 0.407917 0.036875 0.045833
0 0.290938 0.311250 0.035625 0.044167
0 0.613750 0.454167 0.038750 0.048333
0 0.164687 0.361667 0.066875 0.045000
0 0.677813 0.259583 0.059375 0.045833
0 0.539375 0.354583 0.036250 0.044167
0 0.685312 0.328750 0.046875 0.092500
0 0.528750 0.306667 0.036250 0.043333
0 0.546875 0.259583 0.036250 0.042500
0 0.156875 0.268333 0.035000 0.041667
0 0.350938 0.263333 0.035625 0.041667
0 0.579688 0.354583 0.036875 0.044167
0 0.525625 0.455417 0.050000 0.047500
0 0.449688 0.308750 0.035625 0.044167
0 0.390000 0.262500 0.035000 0.041667
0 0.196250 0.409583 0.037500 0.045833
0 0.272813 0.265417 0.035625 0.042500
0 0.468438 0.261250 0.035625 0.042500
0 0.378437 0.357917 0.035625 0.044167
0 0.298125 0.359167 0.036250 0.045000
0 0.212812 0.313333 0.036875 0.043333
0 0.600625 0.402083 0.037500 0.044167
0 0.163438 0.314167 0.055625 0.043333
0 0.620000 0.354167 0.037500 0.045000
0 0.258437 0.360000 0.035625 0.045000
0 0.234687 0.266250 0.035625 0.042500
0 0.418125 0.356667 0.036250 0.045000
0 0.370312 0.309583 0.035625 0.044167
0 0.625938 0.258750 0.035625 0.042500
0 0.585938 0.259167 0.035625 0.041667
0 0.647188 0.402500 0.048125 0.046667
0 0.478750 0.405417 0.037500 0.045833
0 0.311875 0.263333 0.035000 0.041667
0 0.489687 0.306667 0.035625 0.043333
0 0.644687 0.305417 0.028125 0.044167
0 0.655937 0.352917 0.028125 0.044167
0 0.236563 0.409167 0.036875 0.046667
0 0.560625 0.403333 0.037500 0.045000
0 0.141875 0.460417 0.038750 0.045833
0 0.500938 0.347917 0.776875 0.294167
0 0.150938 0.411250 0.048125 0.045833
0 0.219375 0.360833 0.036250 0.045000
