0 0.762976 0.394919 0.055363 0.071594
0 0.462803 0.241339 0.051903 0.069284
0 0.259516 0.479215 0.055363 0.080831
0 0.136678 0.396074 0.053633 0.071594
0 0.800173 0.165704 0.051903 0.068129
0 0.588235 0.241339 0.053633 0.069284
0 0.636246 0.394919 0.054498 0.071594
0 0.605536 0.316975 0.053633 0.070439
0 0.853374 0.316975 0.054498 0.070439
0 0.730536 0.317552 0.054498 0.069284
0 0.791090 0.316975 0.054498 0.070439
0 0.278547 0.243649 0.053633 0.069284
0 0.712803 0.241339 0.055363 0.069284
0 0.339965 0.242494 0.053633 0.069284
0 0.447664 0.395497 0.056228 0.072748
0 0.490052 0.301386 0.931661 0.484988
0 0.260381 0.396074 0.053633 0.071594
0 0.093426 0.321016 0.084775 0.071594
0 0.371107 0.168014 0.051903 0.065820
0 0.156574 0.244226 0.053633 0.068129
0 0.542388 0.318129 0.053633 0.070439
0 0.574394 0.396074 0.055363 0.071594
0 0.701125 0.394342 0.056228 0.070439
0 0.071799 0.479215 0.055363 0.080831
0 0.639706 0.479215 0.056228 0.080831
0 0.230536 0.319284 0.052768 0.070439
0 0.865484 0.394919 0.134083 0.073903
0 0.525952 0.242494 0.053633 0.069284
0 0.478806 0.316975 0.052768 0.070439
0 0.432526 0.167436 0.051903 0.066975
0 0.899221 0.280023 0.059689 0.144342
0 0.878460 0.166859 0.085640 0.068129
0 0.650087 0.241917 0.054498 0.070439
0 0.494810 0.167436 0.051903 0.066975
0 0.385381 0.394919 0.054498 0.071594
0 0.078287 0.397229 0.063149 0.069284
0 0.766436 0.479215 0.057093 0.083141
0 0.739619 0.166282 0.053633 0.066975
0 0.667820 0.316975 0.053633 0.070439
0 0.322232 0.396074 0.054498 0.071594
0 0.077422 0.172055 0.037197 0.064665
0 0.130190 0.170901 0.051038 0.066975
0 0.088668 0.244804 0.068339 0.069284
0 0.509948 0.394919 0.052768 0.071594
0 0.169118 0.319284 0.052768 0.068129
0 0.401817 0.241917 0.052768 0.068129
0 0.310121 0.167436 0.051038 0.066975
0 0.772491 0.241339 0.053633 0.069284
0 0.416090 0.317552 0.051903 0.069284
0 0.354671 0.318707 0.053633 0.069284
0 0.198097 0.396651 0.053633 0.070439
0 0.216696 0.242494 0.051038 0.069284
0 0.618512 0.167436 0.053633 0.066975
0 0.556661 0.167436 0.052768 0.066975
0 0.292820 0.319284 0.052768 0.070439
0 0.834343 0.241339 0.054498 0.069284
0 0.190311 0.169746 0.053633 0.066975
0 0.448962 0.479215 0.307958 0.083141
0 0.249567 0.169169 0.054498 0.068129
0 0.680363 0.167436 0.054498 0.066975
