0 0.403928 0.285038 0.043524 0.081439
0 0.333333 0.200758 0.044586 0.079545
0 0.569533 0.206439 0.043524 0.079545
0 0.650743 0.373106 0.044586 0.079545
0 0.602442 0.373106 0.043524 0.079545
0 0.382166 0.202652 0.044586 0.079545
0 0.429936 0.454545 0.044586 0.083333
0 0.662951 0.207386 0.043524 0.077652
0 0.503715 0.346591 0.909766 0.518939
0 0.365180 0.368371 0.044586 0.081439
0 0.237261 0.197917 0.047771 0.081439
0 0.615711 0.207386 0.042463 0.077652
0 0.168259 0.365530 0.045648 0.083333
0 0.642251 0.545455 0.046709 0.083333
0 0.140658 0.196023 0.043524 0.081439
0 0.450637 0.286932 0.043524 0.081439
0 0.101911 0.365530 0.080679 0.083333
0 0.306263 0.283144 0.045648 0.081439
0 0.266985 0.367424 0.045648 0.083333
0 0.283970 0.453598 0.047771 0.085227
0 0.721338 0.208333 0.066879 0.079545
0 0.159236 0.280303 0.046709 0.083333
0 0.099257 0.278409 0.066879 0.083333
0 0.234076 0.453598 0.045648 0.085227
0 0.728769 0.332386 0.056263 0.164773
0 0.184713 0.453598 0.046709 0.085227
0 0.693206 0.374053 0.031847 0.081439
0 0.461253 0.370265 0.043524 0.081439
0 0.257431 0.281250 0.045648 0.081439
0 0.638004 0.289773 0.044586 0.079545
0 0.381104 0.452652 0.046709 0.083333
0 0.545648 0.542614 0.046709 0.085227
0 0.591826 0.289773 0.043524 0.079545
0 0.333333 0.452652 0.044586 0.083333
0 0.316348 0.366477 0.044586 0.081439
0 0.621019 0.457386 0.044586 0.081439
0 0.556263 0.371212 0.042463 0.079545
0 0.402866 0.542614 0.234607 0.089015
0 0.258493 0.543561 0.047771 0.087121
0 0.508493 0.370265 0.042463 0.081439
0 0.477707 0.455492 0.044586 0.081439
0 0.135350 0.452652 0.047771 0.087121
0 0.285563 0.197917 0.044586 0.081439
0 0.526539 0.456439 0.044586 0.083333
0 0.188960 0.196970 0.046709 0.079545
0 0.476115 0.205492 0.043524 0.077652
0 0.082803 0.451705 0.050955 0.085227
0 0.679936 0.289773 0.030786 0.079545
0 0.217091 0.365530 0.045648 0.083333
0 0.091295 0.195076 0.044586 0.079545
0 0.497877 0.286932 0.042463 0.077652
0 0.522824 0.206439 0.043524 0.079545
0 0.679406 0.458333 0.063694 0.083333
0 0.092887 0.542614 0.081741 0.089015
0 0.573248 0.455492 0.044586 0.081439
0 0.208068 0.279356 0.044586 0.085227
0 0.544586 0.288826 0.044586 0.081439
0 0.414013 0.369318 0.044586 0.079545
0 0.429406 0.204545 0.043524 0.079545
0 0.355096 0.283144 0.043524 0.081439
