0 0.516266 0.582569 0.094767 0.105505
0 0.430693 0.411697 0.859972 0.818807
0 0.114215 0.577982 0.031825 0.105505
0 0.299151 0.581422 0.031117 0.103211
0 0.031471 0.228211 0.030410 0.103211
0 0.253536 0.228211 0.031825 0.107798
0 0.400990 0.227064 0.031117 0.110092
0 0.445545 0.581422 0.029703 0.103211
0 0.541018 0.349771 0.049505 0.103211
0 0.035361 0.707569 0.041018 0.112385
0 0.096888 0.462156 0.031117 0.103211
0 0.169378 0.707569 0.038897 0.112385
0 0.272277 0.345183 0.032532 0.103211
0 0.409123 0.583716 0.030410 0.103211
0 0.335926 0.582569 0.031117 0.105505
0 0.355021 0.464450 0.029703 0.098624
0 0.464993 0.465596 0.030410 0.105505
0 0.161598 0.345183 0.030410 0.107798
0 0.088402 0.348624 0.032532 0.105505
0 0.492928 0.347477 0.031117 0.107798
0 0.152051 0.580275 0.031117 0.100917
0 0.068953 0.228211 0.031825 0.107798
0 0.281471 0.464450 0.031117 0.103211
0 0.077793 0.582569 0.031117 0.114679
0 0.391796 0.464450 0.031117 0.103211
0 0.428571 0.465596 0.031117 0.105505
0 0.208628 0.463303 0.031117 0.096330
0 0.106082 0.227064 0.031117 0.105505
0 0.381895 0.346330 0.031117 0.105505
0 0.410184 0.707569 0.039604 0.112385
0 0.244696 0.463303 0.031117 0.100917
0 0.309052 0.346330 0.031117 0.105505
0 0.125177 0.344037 0.032532 0.105505
0 0.133663 0.459862 0.031117 0.107798
0 0.345827 0.346330 0.031117 0.100917
0 0.225955 0.580275 0.030410 0.100917
0 0.318600 0.463303 0.030410 0.105505
0 0.046322 0.465596 0.058699 0.100917
0 0.041018 0.345183 0.048091 0.103211
0 0.456153 0.347477 0.031117 0.103211
0 0.198373 0.342890 0.031825 0.107798
0 0.326733 0.229358 0.032532 0.110092
0 0.363508 0.229358 0.032532 0.110092
0 0.543847 0.707569 0.041018 0.112385
0 0.142504 0.227064 0.031825 0.110092
0 0.525813 0.465596 0.077086 0.105505
0 0.188472 0.581422 0.030410 0.103211
0 0.419024 0.345183 0.031825 0.103211
0 0.179279 0.224771 0.031825 0.110092
0 0.171146 0.463303 0.031117 0.100917
0 0.289958 0.227064 0.032532 0.105505
0 0.291018 0.709862 0.188826 0.121560
0 0.530057 0.229358 0.067185 0.110092
0 0.474894 0.229358 0.031825 0.105505
0 0.234795 0.344037 0.029703 0.100917
0 0.036421 0.587156 0.041726 0.100917
0 0.262023 0.579128 0.031825 0.103211
0 0.372348 0.583716 0.028996 0.103211
0 0.437412 0.228211 0.031825 0.103211
0 0.216054 0.227064 0.031825 0.105505
