0 0.314839 0.595070 0.042581 0.102817
0 0.149677 0.264085 0.042581 0.100000
0 0.585806 0.590845 0.043871 0.100000
0 0.342903 0.480282 0.043226 0.101408
0 0.278710 0.369718 0.043871 0.100000
0 0.361935 0.717606 0.251613 0.116901
0 0.768065 0.421831 0.076774 0.215493
0 0.043548 0.602113 0.043226 0.102817
0 0.368710 0.594366 0.045806 0.104225
0 0.290323 0.482394 0.041290 0.100000
0 0.182581 0.483803 0.045161 0.102817
0 0.225484 0.373239 0.045806 0.107042
0 0.359677 0.259859 0.044516 0.102817
0 0.740645 0.588732 0.140645 0.104225
0 0.237097 0.483803 0.043226 0.100000
0 0.649677 0.364789 0.043871 0.101408
0 0.542581 0.364085 0.043871 0.100000
0 0.097419 0.604225 0.046452 0.115493
0 0.627742 0.709859 0.046452 0.107042
0 0.478710 0.595070 0.043871 0.102817
0 0.568387 0.255634 0.042581 0.102817
0 0.412258 0.257042 0.042581 0.100000
0 0.201290 0.262676 0.046452 0.102817
0 0.306452 0.259155 0.043871 0.101408
0 0.610645 0.476761 0.044516 0.100000
0 0.207097 0.597887 0.043871 0.102817
0 0.718387 0.475352 0.043226 0.100000
0 0.700645 0.363380 0.043871 0.101408
0 0.531290 0.594366 0.043226 0.104225
0 0.516452 0.257042 0.041935 0.105634
0 0.128710 0.485915 0.044516 0.104225
0 0.059677 0.371127 0.053548 0.100000
0 0.464516 0.257746 0.041290 0.104225
0 0.260323 0.597887 0.045806 0.102817
0 0.596129 0.364085 0.045161 0.100000
0 0.505161 0.478873 0.041290 0.098592
0 0.557742 0.477465 0.041935 0.098592
0 0.050323 0.261972 0.033548 0.095775
0 0.620323 0.254225 0.043226 0.100000
0 0.450968 0.479577 0.040000 0.100000
0 0.254516 0.259155 0.043226 0.098592
0 0.095806 0.261268 0.041935 0.097183
0 0.396774 0.480986 0.045161 0.102817
0 0.673871 0.253521 0.041935 0.095775
0 0.438065 0.365493 0.042581 0.100000
0 0.640000 0.590141 0.045161 0.101408
0 0.491290 0.365493 0.041935 0.097183
0 0.172581 0.370423 0.044516 0.101408
0 0.152258 0.600000 0.043871 0.101408
0 0.750323 0.252817 0.096774 0.097183
0 0.518387 0.714789 0.047097 0.111268
0 0.330968 0.367606 0.042581 0.098592
0 0.665161 0.476056 0.042581 0.098592
0 0.203871 0.720423 0.046452 0.108451
0 0.423226 0.594366 0.045161 0.104225
0 0.039677 0.721831 0.044516 0.105634
0 0.385161 0.366901 0.042581 0.097183
0 0.495161 0.485211 0.974839 0.736620
0 0.061935 0.484507 0.068387 0.098592
0 0.118387 0.372535 0.044516 0.102817
