0 0.024390 0.498227 0.046341 0.078014
0 0.579268 0.681738 0.053659 0.083333
0 0.057317 0.414007 0.048780 0.076241
0 0.017683 0.585106 0.032927 0.078014
0 0.023780 0.500887 0.045122 0.076241
0 0.212195 0.328901 0.051220 0.076241
0 0.115854 0.414007 0.051220 0.076241
0 0.608537 0.503546 0.053659 0.078014
0 0.388415 0.328901 0.050000 0.076241
0 0.109146 0.679078 0.052439 0.081560
0 0.565244 0.329787 0.052439 0.074468
0 0.197561 0.501773 0.051220 0.074468
0 0.095122 0.328901 0.053659 0.076241
0 0.578659 0.589539 0.052439 0.076241
0 0.256098 0.502660 0.051220 0.076241
0 0.527439 0.416667 0.052439 0.078014
0 0.586585 0.417553 0.053659 0.079787
0 0.285976 0.587766 0.052439 0.076241
0 0.154268 0.327128 0.050000 0.076241
0 0.285976 0.678191 0.284146 0.090426
0 0.343902 0.589539 0.051220 0.076241
0 0.646951 0.415780 0.052439 0.076241
0 0.137805 0.502660 0.051220 0.076241
0 0.373171 0.502660 0.051220 0.076241
0 0.013415 0.586879 0.024390 0.078014
0 0.331707 0.330674 0.051220 0.076241
0 0.468293 0.416667 0.051220 0.078014
0 0.683537 0.589539 0.142683 0.079787
0 0.051220 0.587766 0.051220 0.076241
0 0.019512 0.413121 0.036585 0.078014
0 0.167683 0.588652 0.050000 0.078014
0 0.014024 0.327128 0.025610 0.072695
0 0.668902 0.502660 0.052439 0.076241
0 0.506707 0.329787 0.052439 0.078014
0 0.626220 0.328901 0.052439 0.076241
0 0.014634 0.328901 0.026829 0.076241
0 0.234756 0.414894 0.050000 0.074468
0 0.014024 0.414007 0.025610 0.076241
0 0.490244 0.502660 0.051220 0.076241
0 0.018902 0.677305 0.035366 0.085106
0 0.109146 0.588652 0.050000 0.078014
0 0.447561 0.329787 0.051220 0.078014
0 0.352439 0.417553 0.051220 0.076241
0 0.480488 0.477837 0.958537 0.547872
0 0.271951 0.329787 0.051220 0.074468
0 0.431707 0.502660 0.051220 0.076241
0 0.410366 0.416667 0.050000 0.074468
0 0.078659 0.500887 0.052439 0.076241
0 0.548171 0.503546 0.052439 0.078014
0 0.227439 0.589539 0.050000 0.076241
0 0.401829 0.589539 0.052439 0.076241
0 0.036585 0.328014 0.053659 0.074468
0 0.461585 0.679965 0.052439 0.083333
0 0.718293 0.459220 0.075610 0.166667
0 0.706707 0.326241 0.096341 0.074468
0 0.293902 0.416667 0.051220 0.078014
0 0.519512 0.589539 0.053659 0.076241
0 0.175610 0.415780 0.051220 0.076241
0 0.460366 0.590426 0.052439 0.078014
0 0.315854 0.502660 0.051220 0.076241
