0 0.344843 0.535560 0.030594 0.038793
0 0.613199 0.621228 0.025350 0.037716
0 0.254808 0.578125 0.030594 0.039871
0 0.290647 0.578125 0.030594 0.039871
0 0.504371 0.580280 0.029720 0.039871
0 0.485140 0.535560 0.031469 0.040948
0 0.480769 0.713901 0.031469 0.039871
0 0.181818 0.623384 0.055944 0.042026
0 0.246503 0.669181 0.031469 0.038793
0 0.279720 0.713362 0.031469 0.040948
0 0.474213 0.607220 0.651224 0.272629
0 0.606206 0.577586 0.027098 0.038793
0 0.309878 0.537177 0.030594 0.037716
0 0.334353 0.622845 0.032343 0.040948
0 0.476399 0.625000 0.029720 0.038793
0 0.176573 0.577586 0.045455 0.038793
0 0.219843 0.578125 0.032343 0.039871
0 0.275350 0.537716 0.031469 0.038793
0 0.510927 0.624461 0.028846 0.037716
0 0.325612 0.578664 0.030594 0.038793
0 0.238199 0.537716 0.030594 0.038793
0 0.469406 0.580819 0.029720 0.038793
0 0.173077 0.667026 0.038462 0.040948
0 0.404283 0.621767 0.030594 0.038793
0 0.370192 0.622845 0.032343 0.040948
0 0.353147 0.668103 0.031469 0.038793
0 0.423514 0.668642 0.030594 0.037716
0 0.494755 0.668642 0.029720 0.037716
0 0.622378 0.665948 0.080420 0.038793
0 0.227273 0.621767 0.031469 0.038793
0 0.267483 0.625000 0.031469 0.038793
0 0.170455 0.537177 0.026224 0.037716
0 0.572990 0.578664 0.030594 0.038793
0 0.520105 0.535560 0.031469 0.040948
0 0.545017 0.714440 0.032343 0.040948
0 0.318619 0.668103 0.030594 0.038793
0 0.564685 0.669181 0.029720 0.036638
0 0.203671 0.537716 0.029720 0.038793
0 0.591783 0.536099 0.033217 0.042026
0 0.378934 0.715517 0.159965 0.040948
0 0.414773 0.535022 0.030594 0.039871
0 0.547203 0.624461 0.029720 0.037716
0 0.642483 0.599138 0.040210 0.081897
0 0.431818 0.578125 0.029720 0.039871
0 0.555507 0.536099 0.032343 0.042026
0 0.174388 0.712284 0.044580 0.043103
0 0.529720 0.668642 0.029720 0.035560
0 0.637675 0.536099 0.056818 0.044181
0 0.300262 0.626078 0.030594 0.038793
0 0.380682 0.537177 0.030594 0.037716
0 0.439248 0.621228 0.028846 0.037716
0 0.388549 0.668103 0.032343 0.038793
0 0.396416 0.578125 0.030594 0.039871
0 0.580420 0.621767 0.031469 0.038793
0 0.540210 0.581897 0.029720 0.038793
0 0.211538 0.668642 0.031469 0.037716
0 0.459353 0.668642 0.030594 0.037716
0 0.450175 0.536099 0.031469 0.042026
0 0.360577 0.577586 0.030594 0.038793
0 0.282343 0.669720 0.031469 0.037716
