0 0.633160 0.320713 0.048220 0.071269
0 0.409496 0.484410 0.045994 0.073497
0 0.820846 0.317372 0.101632 0.073497
0 0.607196 0.402004 0.048220 0.073497
0 0.419139 0.322383 0.045994 0.072383
0 0.340875 0.405902 0.048220 0.072383
0 0.527819 0.455457 0.945846 0.534521
0 0.543769 0.564588 0.047478 0.073497
0 0.517433 0.483853 0.046736 0.072383
0 0.438798 0.647550 0.264837 0.072383
0 0.777819 0.562918 0.086795 0.074610
0 0.169510 0.569599 0.048220 0.072383
0 0.394288 0.404232 0.046736 0.071269
0 0.661350 0.402561 0.046736 0.072383
0 0.727374 0.645323 0.089763 0.072383
0 0.285979 0.405345 0.048220 0.071269
0 0.580119 0.320713 0.047478 0.071269
0 0.570846 0.483296 0.046736 0.073497
0 0.258902 0.324053 0.047478 0.071269
0 0.275964 0.650334 0.048961 0.071269
0 0.233680 0.407572 0.045994 0.073497
0 0.705119 0.564031 0.048220 0.072383
0 0.526335 0.321826 0.046736 0.071269
0 0.489614 0.565145 0.047478 0.072383
0 0.303042 0.487194 0.046736 0.072383
0 0.205490 0.324053 0.047478 0.071269
0 0.177671 0.404232 0.048220 0.073497
0 0.195104 0.486637 0.047478 0.071269
0 0.223665 0.569599 0.048220 0.072383
0 0.117953 0.486637 0.094955 0.073497
0 0.249258 0.487194 0.047478 0.072383
0 0.383902 0.567372 0.048220 0.072383
0 0.473294 0.321826 0.045994 0.071269
0 0.740356 0.320156 0.047478 0.072383
0 0.330490 0.568486 0.048220 0.072383
0 0.151706 0.324610 0.046736 0.072383
0 0.601632 0.645880 0.047478 0.071269
0 0.625000 0.483853 0.046736 0.072383
0 0.276335 0.567929 0.048220 0.073497
0 0.463650 0.484410 0.047478 0.071269
0 0.834570 0.438196 0.074184 0.154788
0 0.103858 0.567929 0.066766 0.075724
0 0.437315 0.567372 0.048220 0.072383
0 0.311944 0.322383 0.048220 0.072383
0 0.356825 0.486080 0.045994 0.072383
0 0.103487 0.650334 0.067507 0.073497
0 0.110163 0.404788 0.076409 0.074610
0 0.365727 0.322383 0.047478 0.072383
0 0.447700 0.403675 0.046736 0.072383
0 0.500742 0.403675 0.047478 0.072383
0 0.598665 0.567372 0.047478 0.072383
0 0.554525 0.403118 0.046736 0.071269
0 0.652077 0.565145 0.047478 0.072383
