0 0.600000 0.468519 0.068056 0.055556
0 0.570486 0.591204 0.040972 0.056481
0 0.492361 0.574074 0.983333 0.388889
0 0.190625 0.585648 0.042361 0.056481
0 0.382639 0.588426 0.041667 0.056481
0 0.022917 0.582407 0.044444 0.057407
0 0.259375 0.462037 0.040972 0.053704
0 0.017708 0.518981 0.034028 0.056481
0 0.306597 0.462963 0.040972 0.055556
0 0.163889 0.459722 0.040278 0.054630
0 0.211806 0.649537 0.043056 0.058333
0 0.400347 0.464815 0.040972 0.055556
0 0.429167 0.588426 0.040278 0.056481
0 0.115972 0.648611 0.041667 0.058333
0 0.080556 0.520833 0.041667 0.056481
0 0.211111 0.460648 0.041667 0.054630
0 0.319792 0.525000 0.040972 0.055556
0 0.013889 0.456481 0.026389 0.053704
0 0.033333 0.519907 0.043056 0.056481
0 0.353125 0.463889 0.040972 0.053704
0 0.286806 0.586574 0.041667 0.056481
0 0.176389 0.522222 0.041667 0.055556
0 0.260764 0.650463 0.043750 0.058333
0 0.272222 0.524074 0.041667 0.055556
0 0.453125 0.718056 0.042361 0.058333
0 0.046528 0.583333 0.041667 0.057407
0 0.553125 0.528704 0.040972 0.055556
0 0.017708 0.712500 0.034028 0.060185
0 0.117014 0.458796 0.040972 0.054630
0 0.335069 0.587500 0.040972 0.056481
0 0.022569 0.457870 0.040972 0.054630
0 0.539236 0.466667 0.039583 0.053704
0 0.404514 0.651852 0.040972 0.057407
0 0.367014 0.525000 0.040972 0.055556
0 0.282986 0.715741 0.285417 0.061111
0 0.356597 0.651389 0.042361 0.058333
0 0.016667 0.646759 0.031944 0.058333
0 0.460069 0.526852 0.040972 0.055556
0 0.476389 0.589352 0.041667 0.056481
0 0.142361 0.585185 0.041667 0.057407
0 0.452083 0.651389 0.040278 0.056481
0 0.094444 0.584259 0.041667 0.057407
0 0.413194 0.526389 0.041667 0.056481
0 0.523264 0.590741 0.040972 0.055556
0 0.506597 0.528241 0.040972 0.054630
0 0.020833 0.646759 0.040278 0.058333
0 0.498958 0.652778 0.040972 0.055556
0 0.238542 0.586574 0.042361 0.056481
0 0.581944 0.654167 0.109722 0.058333
0 0.113194 0.714352 0.043056 0.058333
0 0.309028 0.650926 0.043056 0.057407
0 0.224306 0.522685 0.041667 0.056481
0 0.607292 0.720370 0.064583 0.059259
0 0.607639 0.560185 0.054167 0.120370
0 0.446181 0.465741 0.040972 0.053704
0 0.492361 0.466667 0.040278 0.053704
0 0.070139 0.458333 0.041667 0.053704
0 0.128819 0.521296 0.042361 0.057407
0 0.163542 0.649537 0.042361 0.058333
0 0.067708 0.648148 0.042361 0.057407
