0 0.195597 0.521812 0.044025 0.045302
0 0.490566 0.315856 0.030189 0.044463
0 0.390881 0.364513 0.029560 0.042785
0 0.119811 0.300336 0.032075 0.045302
0 0.511006 0.367450 0.029560 0.041946
0 0.460377 0.471477 0.030189 0.043624
0 0.149057 0.409396 0.030189 0.045302
0 0.169182 0.465185 0.031447 0.044463
0 0.162579 0.301174 0.032075 0.045302
0 0.297799 0.466443 0.030818 0.043624
0 0.480503 0.418624 0.028931 0.043624
0 0.360063 0.415268 0.029560 0.041946
0 0.499686 0.470638 0.029560 0.041946
0 0.431761 0.365772 0.029560 0.043624
0 0.452201 0.313758 0.030189 0.043624
0 0.637421 0.397651 0.047170 0.093960
0 0.077044 0.297819 0.032075 0.046980
0 0.212579 0.463926 0.031447 0.043624
0 0.496541 0.380453 0.954088 0.452181
0 0.192138 0.409396 0.030818 0.043624
0 0.549686 0.368708 0.027673 0.042785
0 0.440881 0.418624 0.027673 0.043624
0 0.225786 0.357383 0.030189 0.043624
0 0.570755 0.317534 0.028302 0.042785
0 0.125472 0.464346 0.032075 0.046141
0 0.628302 0.319631 0.067925 0.045302
0 0.379245 0.468960 0.030189 0.043624
0 0.182390 0.355285 0.031447 0.044463
0 0.247484 0.304111 0.030818 0.044463
0 0.342138 0.524329 0.227673 0.053691
0 0.078931 0.521812 0.054717 0.050336
0 0.350314 0.362836 0.028931 0.042785
0 0.204717 0.302433 0.032075 0.044463
0 0.330818 0.307466 0.030189 0.044463
0 0.638050 0.525587 0.049686 0.042785
0 0.400629 0.417366 0.028931 0.042785
0 0.588679 0.370386 0.028931 0.042785
0 0.596855 0.421980 0.028931 0.043624
0 0.471069 0.365772 0.028931 0.041946
0 0.077044 0.465185 0.042138 0.046141
0 0.139937 0.353607 0.032075 0.044463
0 0.412264 0.311661 0.029560 0.044463
0 0.485849 0.523909 0.039623 0.042785
0 0.085849 0.353188 0.052201 0.046980
0 0.372013 0.309983 0.029560 0.044463
0 0.530503 0.316275 0.029560 0.043624
0 0.319182 0.413591 0.029560 0.041946
0 0.558805 0.419883 0.028302 0.044463
0 0.338994 0.467701 0.030189 0.042785
0 0.267610 0.357802 0.029560 0.042785
0 0.309434 0.358641 0.028931 0.042785
0 0.288994 0.307047 0.030818 0.043624
0 0.420440 0.469799 0.030818 0.043624
0 0.538365 0.471477 0.028931 0.041946
0 0.083962 0.408977 0.052201 0.046141
0 0.518868 0.419883 0.028931 0.044463
0 0.611950 0.473574 0.095597 0.042785
0 0.255346 0.466023 0.031447 0.044463
0 0.235220 0.411913 0.030189 0.043624
0 0.277358 0.412752 0.028931 0.043624
