0 0.285260 0.387771 0.060991 0.143963
0 0.301461 0.538700 0.061626 0.148607
0 0.790978 0.392415 0.060991 0.147059
0 0.591804 0.697368 0.062897 0.156347
0 0.711881 0.246904 0.059085 0.140867
0 0.786531 0.695820 0.062262 0.147059
0 0.560038 0.541796 0.060356 0.145511
0 0.836086 0.248452 0.058450 0.137771
0 0.710610 0.859907 0.065438 0.153251
0 0.526048 0.245356 0.058450 0.137771
0 0.092757 0.386223 0.069886 0.147059
0 0.657243 0.697368 0.062897 0.153251
0 0.649301 0.246130 0.058450 0.139319
0 0.221410 0.386223 0.060356 0.147059
0 0.495870 0.859133 0.365311 0.157895
0 0.337992 0.240712 0.058450 0.134675
0 0.411690 0.387771 0.059720 0.143963
0 0.330368 0.695046 0.063532 0.148607
0 0.527001 0.698142 0.062897 0.154799
0 0.236976 0.537152 0.062262 0.145511
0 0.173443 0.535604 0.060991 0.148607
0 0.091169 0.246130 0.054003 0.136223
0 0.274778 0.243034 0.059085 0.136223
0 0.348475 0.388545 0.060356 0.142415
0 0.463151 0.243034 0.058450 0.133127
0 0.623888 0.541022 0.060991 0.147059
0 0.773189 0.247678 0.060991 0.139319
0 0.199492 0.690402 0.062262 0.148607
0 0.587357 0.243808 0.056544 0.134675
0 0.728399 0.391641 0.060356 0.145511
0 0.688056 0.543344 0.060991 0.145511
0 0.928844 0.472136 0.085133 0.294118
0 0.507306 0.523220 0.959975 0.888545
0 0.751906 0.544118 0.061626 0.147059
0 0.494600 0.540248 0.061626 0.148607
0 0.601652 0.388545 0.058450 0.142415
0 0.071792 0.690402 0.059720 0.148607
0 0.475222 0.389319 0.059720 0.143963
0 0.664549 0.390867 0.060991 0.143963
0 0.366582 0.538700 0.060991 0.145511
0 0.065756 0.850619 0.057814 0.147059
0 0.538119 0.389319 0.059720 0.147059
0 0.879288 0.542570 0.060991 0.153251
0 0.853875 0.392415 0.060991 0.143963
0 0.400254 0.243034 0.058450 0.133127
0 0.213469 0.244582 0.060991 0.139319
0 0.900254 0.696594 0.156290 0.151703
0 0.723316 0.696594 0.064168 0.148607
0 0.395489 0.695820 0.062897 0.150155
0 0.135006 0.688854 0.062897 0.154799
0 0.277954 0.854489 0.064168 0.154799
0 0.430432 0.539474 0.061626 0.147059
0 0.159149 0.387771 0.062897 0.147059
0 0.265248 0.692724 0.062897 0.147059
0 0.461881 0.697368 0.063532 0.153251
0 0.912961 0.250774 0.090216 0.139319
0 0.815438 0.543344 0.061626 0.148607
0 0.095934 0.534830 0.092757 0.150155
0 0.150889 0.243034 0.060356 0.142415
