0 0.473239 0.530039 0.033803 0.048450
0 0.385211 0.365310 0.032394 0.048450
0 0.616197 0.472868 0.035211 0.050388
0 0.267606 0.535853 0.036620 0.048450
0 0.280282 0.423450 0.033803 0.048450
0 0.247183 0.481589 0.035211 0.048450
0 0.659859 0.592054 0.066197 0.067829
0 0.111972 0.481589 0.060563 0.044574
0 0.197887 0.424419 0.035211 0.050388
0 0.096479 0.371124 0.035211 0.048450
0 0.178873 0.369186 0.033803 0.048450
0 0.321831 0.422481 0.035211 0.050388
0 0.412676 0.476744 0.033803 0.050388
0 0.238732 0.424419 0.035211 0.050388
0 0.514085 0.530039 0.033803 0.048450
0 0.156338 0.426357 0.036620 0.050388
0 0.507746 0.362403 0.035211 0.050388
0 0.534507 0.474806 0.035211 0.050388
0 0.445775 0.419574 0.035211 0.048450
0 0.219014 0.368217 0.035211 0.050388
0 0.350000 0.600775 0.221127 0.069767
0 0.164789 0.482558 0.033803 0.050388
0 0.143662 0.538760 0.036620 0.050388
0 0.488732 0.595930 0.045070 0.063953
0 0.391549 0.531977 0.033803 0.048450
0 0.432394 0.531977 0.033803 0.048450
0 0.350704 0.532946 0.036620 0.046512
0 0.548592 0.361434 0.035211 0.048450
0 0.211972 0.598837 0.046479 0.058140
0 0.261268 0.365310 0.035211 0.048450
0 0.309155 0.533915 0.035211 0.048450
0 0.364085 0.421512 0.035211 0.048450
0 0.404225 0.421512 0.033803 0.048450
0 0.526056 0.417636 0.035211 0.048450
0 0.453521 0.475775 0.033803 0.048450
0 0.566197 0.417636 0.033803 0.052326
0 0.607746 0.414729 0.035211 0.050388
0 0.344366 0.366279 0.035211 0.046512
0 0.226056 0.536822 0.035211 0.046512
0 0.288732 0.479651 0.033803 0.048450
0 0.493662 0.475775 0.035211 0.048450
0 0.526056 0.448643 0.950704 0.467054
0 0.107042 0.604651 0.056338 0.065891
0 0.554930 0.529070 0.033803 0.046512
0 0.588732 0.359496 0.033803 0.048450
0 0.206338 0.482558 0.035211 0.050388
0 0.372535 0.477713 0.035211 0.048450
0 0.650704 0.357558 0.073239 0.052326
0 0.302113 0.365310 0.035211 0.048450
0 0.185211 0.537791 0.035211 0.048450
0 0.466901 0.362403 0.032394 0.046512
0 0.485211 0.419574 0.035211 0.048450
0 0.107746 0.428295 0.052113 0.050388
0 0.426056 0.364341 0.035211 0.046512
0 0.659859 0.442829 0.054930 0.106589
0 0.330282 0.477713 0.035211 0.048450
0 0.138732 0.370155 0.035211 0.050388
0 0.101408 0.540698 0.039437 0.050388
0 0.633803 0.528101 0.107042 0.048450
0 0.575352 0.472868 0.035211 0.050388
