0 0.380361 0.682229 0.273138 0.057229
0 0.588036 0.496988 0.040632 0.054217
0 0.473476 0.558735 0.039503 0.054217
0 0.473476 0.435994 0.039503 0.052711
0 0.564898 0.557229 0.039503 0.054217
0 0.215011 0.621988 0.041761 0.054217
0 0.146163 0.435994 0.041761 0.052711
0 0.309819 0.496235 0.041761 0.055723
0 0.195824 0.438253 0.041761 0.054217
0 0.334086 0.558735 0.040632 0.054217
0 0.588036 0.618976 0.040632 0.054217
0 0.403499 0.620482 0.041761 0.054217
0 0.610609 0.557982 0.038375 0.052711
0 0.519187 0.557982 0.038375 0.052711
0 0.680587 0.434488 0.085779 0.055723
0 0.191309 0.559488 0.041761 0.055723
0 0.215011 0.497741 0.041761 0.055723
0 0.542889 0.496988 0.040632 0.054217
0 0.357788 0.497741 0.040632 0.055723
0 0.656321 0.557229 0.037246 0.054217
0 0.143905 0.559488 0.041761 0.055723
0 0.290068 0.435994 0.040632 0.052711
0 0.497178 0.620482 0.039503 0.054217
0 0.063205 0.497741 0.065463 0.055723
0 0.450903 0.496988 0.039503 0.054217
0 0.060384 0.685241 0.071106 0.057229
0 0.310384 0.620482 0.040632 0.054217
0 0.610609 0.435994 0.038375 0.052711
0 0.168172 0.496988 0.040632 0.057229
0 0.404063 0.497741 0.040632 0.055723
0 0.694695 0.680723 0.066591 0.054217
0 0.339165 0.435994 0.039503 0.052711
0 0.380926 0.435994 0.039503 0.052711
0 0.544018 0.680723 0.040632 0.054217
0 0.450339 0.619729 0.040632 0.055723
0 0.243792 0.437500 0.040632 0.052711
0 0.262415 0.496988 0.041761 0.054217
0 0.098758 0.436747 0.039503 0.054217
0 0.542889 0.618976 0.040632 0.054217
0 0.564898 0.435994 0.039503 0.052711
0 0.062641 0.622741 0.064334 0.055723
0 0.356659 0.620482 0.040632 0.054217
0 0.692438 0.526355 0.062077 0.115964
0 0.051354 0.436747 0.039503 0.051205
0 0.519187 0.435994 0.040632 0.052711
0 0.633747 0.496235 0.039503 0.055723
0 0.669865 0.618223 0.109481 0.055723
0 0.262415 0.621235 0.041761 0.055723
0 0.286682 0.558735 0.040632 0.054217
0 0.121896 0.621235 0.040632 0.055723
0 0.217269 0.683735 0.041761 0.054217
0 0.075056 0.559488 0.086907 0.055723
0 0.121896 0.497741 0.042889 0.055723
0 0.427201 0.558735 0.039503 0.054217
0 0.239278 0.559488 0.040632 0.055723
0 0.502257 0.540663 0.997743 0.409639
0 0.496614 0.496988 0.040632 0.054217
0 0.169300 0.621988 0.038375 0.054217
0 0.426637 0.435994 0.038375 0.052711
0 0.380926 0.558735 0.039503 0.054217
