0 0.194364 0.239382 0.050578 0.057915
0 0.695809 0.438224 0.050578 0.061776
0 0.147399 0.303089 0.054913 0.061776
0 0.748555 0.303089 0.052023 0.061776
0 0.692197 0.302124 0.049133 0.059846
0 0.354769 0.240347 0.047688 0.055985
0 0.247832 0.239382 0.050578 0.057915
0 0.661850 0.370656 0.049133 0.061776
0 0.567919 0.241313 0.046243 0.057915
0 0.581647 0.438224 0.050578 0.065637
0 0.130780 0.437259 0.053468 0.063707
0 0.299855 0.437259 0.053468 0.063707
0 0.312139 0.507722 0.054913 0.065637
0 0.186416 0.436293 0.054913 0.065637
0 0.718208 0.369691 0.052023 0.063707
0 0.654624 0.509653 0.054913 0.065637
0 0.830925 0.368726 0.052023 0.061776
0 0.583092 0.304054 0.047688 0.059846
0 0.525289 0.437259 0.050578 0.063707
0 0.494220 0.369691 0.049133 0.059846
0 0.774566 0.368726 0.052023 0.061776
0 0.217486 0.368726 0.050578 0.061776
0 0.638728 0.437259 0.052023 0.063707
0 0.311416 0.304054 0.050578 0.059846
0 0.549855 0.370656 0.047688 0.061776
0 0.509393 0.363900 0.856936 0.415058
0 0.412572 0.437259 0.050578 0.063707
0 0.622110 0.240347 0.047688 0.059846
0 0.420520 0.304054 0.049133 0.059846
0 0.439306 0.369691 0.049133 0.059846
0 0.146676 0.240347 0.039017 0.055985
0 0.804913 0.301158 0.052023 0.061776
0 0.676301 0.240347 0.049133 0.055985
0 0.869220 0.334942 0.067919 0.125483
0 0.256503 0.302124 0.050578 0.059846
0 0.127168 0.506757 0.078035 0.067568
0 0.847543 0.436293 0.125723 0.065637
0 0.408237 0.240347 0.047688 0.055985
0 0.637283 0.304054 0.049133 0.059846
0 0.356936 0.437259 0.052023 0.063707
0 0.474711 0.304054 0.047688 0.059846
0 0.789017 0.240347 0.054913 0.059846
0 0.273121 0.369691 0.049133 0.059846
0 0.854046 0.238417 0.075145 0.059846
0 0.302023 0.239382 0.049133 0.057915
0 0.366329 0.304054 0.047688 0.059846
0 0.150289 0.368726 0.078035 0.061776
0 0.752168 0.438224 0.053468 0.061776
0 0.242775 0.437259 0.052023 0.063707
0 0.202312 0.303089 0.052023 0.061776
0 0.461705 0.241313 0.047688 0.057915
0 0.529624 0.305019 0.047688 0.061776
0 0.468208 0.437259 0.052023 0.063707
0 0.328757 0.370656 0.050578 0.061776
0 0.729769 0.239382 0.049133 0.057915
0 0.384393 0.369691 0.049133 0.059846
0 0.483382 0.509653 0.281792 0.069498
0 0.515173 0.241313 0.047688 0.057915
0 0.606214 0.369691 0.050578 0.059846
