0 0.527375 0.563708 0.038918 0.051845
0 0.179090 0.448594 0.038918 0.051845
0 0.301121 0.391476 0.038918 0.050088
0 0.476253 0.391916 0.036939 0.050967
0 0.256926 0.391476 0.037599 0.050088
0 0.370383 0.625659 0.265831 0.057996
0 0.432718 0.391916 0.036939 0.050967
0 0.213391 0.565905 0.040237 0.052724
0 0.372691 0.506591 0.038259 0.051845
0 0.223945 0.448594 0.040237 0.051845
0 0.620053 0.449033 0.038259 0.050967
0 0.066953 0.566344 0.060026 0.053603
0 0.134565 0.448594 0.040897 0.051845
0 0.349274 0.565466 0.040237 0.053603
0 0.074868 0.391916 0.050792 0.050967
0 0.532652 0.449033 0.037599 0.050967
0 0.605211 0.392355 0.036280 0.050088
0 0.389512 0.391916 0.037599 0.050967
0 0.670515 0.476274 0.050792 0.110721
0 0.438325 0.565026 0.040237 0.054482
0 0.083113 0.507469 0.081794 0.053603
0 0.191953 0.507030 0.039578 0.052724
0 0.211412 0.627417 0.041557 0.054482
0 0.402045 0.449473 0.037599 0.051845
0 0.504947 0.505712 0.037599 0.051845
0 0.445580 0.448594 0.036280 0.051845
0 0.167546 0.566344 0.039578 0.053603
0 0.662599 0.391916 0.062665 0.050967
0 0.077507 0.448594 0.063984 0.051845
0 0.672493 0.623902 0.060026 0.054482
0 0.416887 0.507030 0.036939 0.052724
0 0.548153 0.506151 0.038259 0.052724
0 0.519129 0.391916 0.036939 0.049209
0 0.562335 0.392355 0.037599 0.050088
0 0.358179 0.449033 0.038259 0.052724
0 0.345646 0.391916 0.036939 0.049209
0 0.283641 0.507030 0.038259 0.052724
0 0.269459 0.449033 0.038918 0.050967
0 0.212401 0.391037 0.039578 0.050967
0 0.488786 0.449033 0.038259 0.050967
0 0.528364 0.624341 0.039578 0.053603
0 0.592678 0.506151 0.037599 0.052724
0 0.460752 0.506151 0.037599 0.052724
0 0.237797 0.507030 0.040237 0.052724
0 0.394129 0.565026 0.038918 0.052724
0 0.570910 0.564148 0.038918 0.050967
0 0.168536 0.391476 0.040237 0.050088
0 0.124670 0.391916 0.039578 0.050967
0 0.510884 0.492531 0.979551 0.362917
0 0.576187 0.449033 0.037599 0.050967
0 0.122032 0.565466 0.042216 0.053603
0 0.647427 0.563708 0.100923 0.053603
0 0.313984 0.449033 0.038259 0.050967
0 0.482520 0.564587 0.038918 0.053603
0 0.147427 0.507030 0.040237 0.052724
0 0.304749 0.565466 0.039578 0.053603
0 0.062335 0.627417 0.066623 0.056239
0 0.258905 0.565466 0.040237 0.053603
0 0.328166 0.506591 0.038918 0.051845
0 0.636214 0.505712 0.037599 0.051845
