0 0.397348 0.439136 0.044204 0.058901
0 0.708251 0.579843 0.049116 0.062827
0 0.686149 0.511780 0.050098 0.062827
0 0.530943 0.509817 0.050098 0.058901
0 0.287328 0.374346 0.046169 0.057592
0 0.421906 0.503272 0.048134 0.064136
0 0.475442 0.507199 0.047151 0.058901
0 0.229862 0.370419 0.062868 0.065445
0 0.916503 0.418194 0.074656 0.124346
0 0.750000 0.384817 0.046169 0.060209
0 0.635069 0.513743 0.046169 0.064136
0 0.492141 0.377618 0.045187 0.056283
0 0.370334 0.504581 0.049116 0.061518
0 0.389980 0.375000 0.047151 0.061518
0 0.269646 0.503927 0.038310 0.060209
0 0.695972 0.382199 0.046169 0.057592
0 0.281925 0.311518 0.045187 0.057592
0 0.574656 0.318063 0.043222 0.057592
0 0.593811 0.380236 0.046169 0.058901
0 0.813851 0.448298 0.048134 0.061518
0 0.330550 0.312173 0.044204 0.056283
0 0.580059 0.508508 0.046169 0.061518
0 0.760806 0.446990 0.046169 0.058901
0 0.451866 0.443063 0.043222 0.058901
0 0.427308 0.314136 0.043222 0.054974
0 0.605108 0.445026 0.047151 0.060209
0 0.801081 0.385471 0.046169 0.058901
0 0.768664 0.321990 0.040275 0.057592
0 0.709725 0.445681 0.048134 0.061518
0 0.568271 0.424738 0.775049 0.428010
0 0.500982 0.441754 0.043222 0.058901
0 0.894401 0.323953 0.109037 0.058901
0 0.227898 0.572644 0.070727 0.069372
0 0.347741 0.577225 0.053045 0.065445
0 0.317780 0.503272 0.046169 0.061518
0 0.228880 0.309555 0.049116 0.056283
0 0.378684 0.312173 0.046169 0.056283
0 0.229371 0.435209 0.075639 0.066754
0 0.657662 0.446335 0.046169 0.057592
0 0.294204 0.437827 0.046169 0.058901
0 0.886051 0.513743 0.121807 0.066754
0 0.722495 0.321990 0.044204 0.057592
0 0.553045 0.444372 0.045187 0.058901
0 0.624263 0.319372 0.042240 0.057592
0 0.645874 0.382199 0.046169 0.057592
0 0.673379 0.320681 0.042240 0.057592
0 0.543713 0.380236 0.046169 0.056283
0 0.221513 0.502618 0.050098 0.060209
0 0.477407 0.315445 0.045187 0.054974
0 0.444990 0.380236 0.043222 0.058901
0 0.866896 0.450916 0.046169 0.058901
0 0.814833 0.322644 0.040275 0.056283
0 0.346267 0.439791 0.046169 0.057592
0 0.739686 0.513743 0.047151 0.061518
0 0.337426 0.373691 0.044204 0.058901
0 0.528978 0.577880 0.309430 0.066754
0 0.526523 0.316099 0.043222 0.056283
0 0.792240 0.513089 0.050098 0.065445
0 0.852652 0.386126 0.047151 0.060209
