0 0.208431 0.444965 0.046838 0.046838
0 0.326698 0.343091 0.046838 0.046838
0 0.470726 0.444965 0.046838 0.046838
0 0.391686 0.495902 0.048009 0.045667
0 0.103630 0.444965 0.045667 0.046838
0 0.019321 0.393443 0.036300 0.046838
0 0.077869 0.495316 0.048009 0.044496
0 0.274005 0.343091 0.046838 0.046838
0 0.155738 0.444965 0.046838 0.046838
0 0.418033 0.444965 0.046838 0.046838
0 0.090164 0.393443 0.046838 0.046838
0 0.261124 0.444965 0.046838 0.046838
0 0.012881 0.342506 0.023419 0.045667
0 0.365340 0.444965 0.046838 0.046838
0 0.064403 0.343091 0.046838 0.046838
0 0.046253 0.546838 0.062061 0.046838
0 0.628220 0.444965 0.048009 0.046838
0 0.169204 0.342506 0.045667 0.045667
0 0.130562 0.495902 0.048009 0.045667
0 0.581967 0.547424 0.063232 0.048009
0 0.313232 0.444965 0.048009 0.046838
0 0.655738 0.548595 0.077283 0.048009
0 0.635246 0.495902 0.113583 0.045667
0 0.051522 0.444379 0.046838 0.045667
0 0.247658 0.393443 0.045667 0.046838
0 0.654567 0.343091 0.074941 0.046838
0 0.038056 0.393443 0.048009 0.046838
0 0.444379 0.495902 0.048009 0.045667
0 0.142857 0.393443 0.046838 0.046838
0 0.221897 0.343091 0.048009 0.046838
0 0.353044 0.394028 0.048009 0.048009
0 0.536885 0.343091 0.048009 0.046838
0 0.313232 0.546838 0.310304 0.049180
0 0.182084 0.495902 0.048009 0.045667
0 0.497073 0.495902 0.048009 0.045667
0 0.457260 0.394028 0.048009 0.045667
0 0.025176 0.494731 0.048009 0.045667
0 0.020492 0.547424 0.038642 0.048009
0 0.016393 0.495316 0.030445 0.046838
0 0.287471 0.495902 0.048009 0.045667
0 0.589578 0.343091 0.048009 0.046838
0 0.235363 0.495316 0.049180 0.046838
0 0.338993 0.495902 0.048009 0.045667
0 0.523419 0.444965 0.046838 0.046838
0 0.501171 0.422131 1.000000 0.324356
0 0.484192 0.343091 0.048009 0.046838
0 0.195550 0.393443 0.046838 0.046838
0 0.549180 0.496487 0.046838 0.044496
0 0.405152 0.393443 0.046838 0.046838
0 0.509953 0.393443 0.045667 0.046838
0 0.379391 0.343091 0.046838 0.046838
0 0.022834 0.444379 0.043326 0.048009
0 0.018150 0.342506 0.033958 0.045667
0 0.575527 0.444965 0.048009 0.046838
0 0.562646 0.394028 0.048009 0.045667
0 0.670375 0.420960 0.050351 0.099532
0 0.300351 0.393443 0.048009 0.046838
0 0.615340 0.394028 0.048009 0.045667
0 0.116511 0.343091 0.048009 0.046838
0 0.431499 0.343091 0.048009 0.046838
