0 0.486801 0.446215 0.060559 0.075697
0 0.813665 0.356574 0.059006 0.079681
0 0.517081 0.530876 0.062112 0.077689
0 0.378882 0.269920 0.062112 0.077689
0 0.725155 0.529880 0.062112 0.075697
0 0.468944 0.356574 0.062112 0.079681
0 0.680124 0.362550 0.062112 0.079681
0 0.273292 0.445219 0.062112 0.077689
0 0.694876 0.445219 0.060559 0.077689
0 0.448758 0.269920 0.062112 0.077689
0 0.625776 0.449203 0.062112 0.077689
0 0.897516 0.443227 0.062112 0.077689
0 0.310559 0.269920 0.062112 0.077689
0 0.883540 0.356574 0.062112 0.079681
0 0.795031 0.528884 0.062112 0.077689
0 0.759317 0.443227 0.062112 0.077689
0 0.034161 0.531873 0.055901 0.079681
0 0.240683 0.530876 0.062112 0.077689
0 0.551242 0.444223 0.059006 0.075697
0 0.040373 0.272908 0.055901 0.079681
0 0.189441 0.356574 0.062112 0.079681
0 0.537267 0.357570 0.062112 0.077689
0 0.801242 0.273904 0.062112 0.077689
0 0.953416 0.269920 0.096273 0.077689
0 0.329193 0.357570 0.062112 0.077689
0 0.108696 0.271912 0.062112 0.077689
0 0.501553 0.415339 1.000000 0.535857
0 0.588509 0.269920 0.062112 0.077689
0 0.413043 0.444223 0.062112 0.075697
0 0.519410 0.271912 0.060559 0.077689
0 0.135093 0.445219 0.062112 0.077689
0 0.120342 0.358566 0.063665 0.079681
0 0.259317 0.358566 0.062112 0.079681
0 0.962733 0.401394 0.077640 0.169323
0 0.043478 0.618526 0.080745 0.081673
0 0.051242 0.444223 0.093168 0.079681
0 0.170807 0.530876 0.062112 0.077689
0 0.480590 0.618526 0.361801 0.081673
0 0.261646 0.618526 0.063665 0.077689
0 0.309006 0.530876 0.062112 0.077689
0 0.827640 0.443227 0.062112 0.077689
0 0.726708 0.270916 0.062112 0.079681
0 0.699534 0.618526 0.063665 0.077689
0 0.917702 0.528884 0.167702 0.081673
0 0.399068 0.357570 0.062112 0.077689
0 0.745342 0.355578 0.062112 0.077689
0 0.343168 0.444223 0.062112 0.075697
0 0.586180 0.529880 0.063665 0.079681
0 0.044255 0.357570 0.076087 0.081673
0 0.171584 0.270916 0.063665 0.079681
0 0.204193 0.445219 0.060559 0.077689
0 0.655280 0.529880 0.062112 0.079681
0 0.447981 0.529880 0.063665 0.079681
0 0.378882 0.530876 0.062112 0.077689
0 0.607143 0.355578 0.062112 0.077689
0 0.868789 0.271912 0.060559 0.077689
0 0.658385 0.270916 0.062112 0.079681
0 0.240683 0.270916 0.062112 0.079681
0 0.101708 0.531873 0.063665 0.079681
