0 0.195799 0.254513 0.047425 0.054152
0 0.665989 0.440433 0.047425 0.057762
0 0.151762 0.314079 0.051491 0.057762
0 0.715447 0.314079 0.048780 0.057762
0 0.662602 0.313177 0.046070 0.055957
0 0.346206 0.255415 0.044715 0.052347
0 0.245935 0.254513 0.047425 0.054152
0 0.634146 0.377256 0.046070 0.057762
0 0.546070 0.256318 0.043360 0.054152
0 0.558943 0.440433 0.047425 0.061372
0 0.136179 0.439531 0.050136 0.059567
0 0.294715 0.439531 0.050136 0.059567
0 0.306233 0.505415 0.051491 0.061372
0 0.188347 0.438628 0.051491 0.061372
0 0.686992 0.376354 0.048780 0.059567
0 0.627371 0.507220 0.051491 0.061372
0 0.792683 0.375451 0.048780 0.057762
0 0.560298 0.314982 0.044715 0.055957
0 0.506098 0.439531 0.047425 0.059567
0 0.476965 0.376354 0.046070 0.055957
0 0.739837 0.375451 0.048780 0.057762
0 0.217480 0.375451 0.047425 0.057762
0 0.612466 0.439531 0.048780 0.059567
0 0.305556 0.314982 0.047425 0.055957
0 0.529133 0.377256 0.044715 0.057762
0 0.491192 0.370939 0.803523 0.388087
0 0.400407 0.439531 0.047425 0.059567
0 0.596883 0.255415 0.044715 0.055957
0 0.407859 0.314982 0.046070 0.055957
0 0.425474 0.376354 0.046070 0.055957
0 0.151084 0.255415 0.036585 0.052347
0 0.768293 0.312274 0.048780 0.057762
0 0.647696 0.255415 0.046070 0.052347
0 0.828591 0.343863 0.063686 0.117329
0 0.254065 0.313177 0.047425 0.055957
0 0.132791 0.504513 0.073171 0.063177
0 0.808266 0.438628 0.117886 0.061372
0 0.396341 0.255415 0.044715 0.052347
0 0.611111 0.314982 0.046070 0.055957
0 0.348238 0.439531 0.048780 0.059567
0 0.458672 0.314982 0.044715 0.055957
0 0.753388 0.255415 0.051491 0.055957
0 0.269648 0.376354 0.046070 0.055957
0 0.814363 0.253610 0.070461 0.055957
0 0.296748 0.254513 0.046070 0.054152
0 0.357046 0.314982 0.044715 0.055957
0 0.154472 0.375451 0.073171 0.057762
0 0.718835 0.440433 0.050136 0.057762
0 0.241192 0.439531 0.048780 0.059567
0 0.203252 0.314079 0.048780 0.057762
0 0.446477 0.256318 0.044715 0.054152
0 0.510163 0.315884 0.044715 0.057762
0 0.452575 0.439531 0.048780 0.059567
0 0.321816 0.377256 0.047425 0.057762
0 0.697832 0.254513 0.046070 0.054152
0 0.373984 0.376354 0.046070 0.055957
0 0.466802 0.507220 0.264228 0.064982
0 0.496612 0.256318 0.044715 0.054152
0 0.581978 0.376354 0.047425 0.055957
