0 0.082375 0.431431 0.030651 0.038330
0 0.051724 0.607751 0.048531 0.041738
0 0.184227 0.558348 0.030013 0.038330
0 0.346105 0.425043 0.028097 0.037479
0 0.101213 0.517036 0.030013 0.039182
0 0.399106 0.509370 0.028097 0.037479
0 0.463282 0.507240 0.027458 0.038330
0 0.262133 0.469761 0.028736 0.038330
0 0.082375 0.560903 0.029374 0.038330
0 0.095147 0.473169 0.031928 0.038330
0 0.247446 0.426746 0.028736 0.037479
0 0.195083 0.471039 0.028736 0.039182
0 0.250639 0.556218 0.028736 0.039182
0 0.150064 0.559625 0.030651 0.037479
0 0.049170 0.431431 0.029374 0.036627
0 0.148787 0.429302 0.029374 0.037479
0 0.424649 0.466354 0.028097 0.038330
0 0.317050 0.554514 0.028736 0.039182
0 0.267561 0.512777 0.028097 0.037479
0 0.116539 0.560051 0.030013 0.038330
0 0.217114 0.557922 0.028097 0.039182
0 0.493934 0.422487 0.065773 0.037479
0 0.228608 0.470187 0.028097 0.037479
0 0.055236 0.474872 0.042784 0.038330
0 0.466156 0.549830 0.062580 0.038330
0 0.128352 0.472317 0.030651 0.040034
0 0.167305 0.515332 0.029374 0.039182
0 0.267880 0.600937 0.174330 0.041738
0 0.161877 0.471891 0.030013 0.039182
0 0.057791 0.518313 0.050447 0.038330
0 0.313218 0.425468 0.027458 0.038330
0 0.378352 0.424191 0.028736 0.037479
0 0.334291 0.510647 0.028736 0.038330
0 0.115581 0.430153 0.030651 0.037479
0 0.327905 0.467632 0.027458 0.037479
0 0.181034 0.428024 0.028736 0.036627
0 0.047573 0.562606 0.035121 0.038330
0 0.350575 0.553237 0.028097 0.038330
0 0.415709 0.551533 0.028097 0.036627
0 0.366858 0.509796 0.027458 0.038330
0 0.214240 0.428024 0.028736 0.038330
0 0.362069 0.500852 0.676884 0.287905
0 0.280651 0.426320 0.028736 0.036627
0 0.431354 0.508518 0.027458 0.037479
0 0.300766 0.511925 0.028097 0.039182
0 0.295338 0.468910 0.028736 0.038330
0 0.360153 0.467632 0.028097 0.039182
0 0.234355 0.513203 0.028097 0.038330
0 0.383142 0.552385 0.028097 0.036627
0 0.283844 0.555792 0.028736 0.038330
0 0.456897 0.465928 0.027458 0.037479
0 0.200830 0.514055 0.028736 0.038330
0 0.446360 0.594549 0.043423 0.039182
0 0.410281 0.424617 0.027458 0.036627
0 0.442209 0.423339 0.027458 0.037479
0 0.161877 0.603492 0.030013 0.040034
0 0.373563 0.596252 0.029374 0.039182
0 0.392720 0.466354 0.028097 0.038330
0 0.134419 0.516184 0.030013 0.039182
0 0.501916 0.485520 0.051086 0.080068
