0 0.459078 0.464789 0.029574 0.080986
0 0.038514 0.539613 0.050894 0.114437
0 0.188446 0.391725 0.028886 0.079225
0 0.424003 0.477113 0.030949 0.080986
0 0.461829 0.276408 0.032325 0.088028
0 0.206671 0.488556 0.030949 0.079225
0 0.087345 0.172535 0.030261 0.088028
0 0.372421 0.205986 0.029574 0.084507
0 0.245186 0.303697 0.028198 0.075704
0 0.317744 0.306338 0.030261 0.080986
0 0.057428 0.258803 0.057084 0.102113
0 0.441541 0.376761 0.030261 0.080986
0 0.242435 0.492077 0.029574 0.079225
0 0.333219 0.398768 0.029574 0.082746
0 0.279230 0.493838 0.030261 0.079225
0 0.458735 0.573944 0.050894 0.112676
0 0.432600 0.360035 0.858322 0.716549
0 0.352132 0.492077 0.031637 0.082746
0 0.117950 0.373239 0.029574 0.084507
0 0.533356 0.157570 0.066713 0.093310
0 0.477304 0.363556 0.031637 0.086268
0 0.172971 0.295775 0.028198 0.084507
0 0.480055 0.175176 0.030261 0.082746
0 0.051582 0.352113 0.057772 0.095070
0 0.497937 0.263204 0.031637 0.086268
0 0.137552 0.580106 0.050894 0.114437
0 0.389959 0.295775 0.030261 0.080986
0 0.103851 0.273768 0.030261 0.082746
0 0.299175 0.215669 0.030261 0.082746
0 0.121733 0.188380 0.028886 0.088028
0 0.226272 0.212148 0.030261 0.082746
0 0.051238 0.442782 0.065337 0.103873
0 0.263411 0.215669 0.030261 0.079225
0 0.356946 0.617958 0.149931 0.158451
0 0.370014 0.395246 0.030261 0.082746
0 0.134801 0.470951 0.028886 0.079225
0 0.208735 0.301056 0.028198 0.080986
0 0.546080 0.292254 0.056396 0.179577
0 0.405777 0.386444 0.028886 0.079225
0 0.100413 0.460387 0.030261 0.089789
0 0.555365 0.535211 0.041953 0.109155
0 0.316025 0.494718 0.030949 0.077465
0 0.297111 0.400528 0.030261 0.079225
0 0.513755 0.350352 0.031637 0.088028
0 0.425722 0.286972 0.030261 0.080986
0 0.155777 0.198944 0.028198 0.084507
0 0.222834 0.624120 0.115543 0.146127
0 0.528886 0.441021 0.097662 0.100352
0 0.153026 0.382923 0.028198 0.082746
0 0.281293 0.308099 0.030261 0.080986
0 0.170564 0.480634 0.030261 0.080986
0 0.052613 0.159331 0.035076 0.086268
0 0.408872 0.198944 0.030949 0.084507
0 0.387552 0.485915 0.029574 0.084507
0 0.260660 0.399648 0.030261 0.080986
0 0.444635 0.188380 0.030949 0.084507
0 0.353851 0.301937 0.029574 0.079225
0 0.335970 0.213908 0.030949 0.082746
0 0.224897 0.397887 0.028886 0.080986
0 0.138239 0.284331 0.027510 0.082746
0 0.191197 0.204225 0.028886 0.080986
