0 0.106099 0.721250 0.063492 0.040000
0 0.121136 0.634375 0.091896 0.040000
0 0.621136 0.548438 0.052632 0.039375
0 0.318296 0.634062 0.053467 0.039375
0 0.789056 0.634062 0.052632 0.039375
0 0.702172 0.720938 0.054302 0.040625
0 0.172097 0.592187 0.055138 0.039375
0 0.582289 0.676875 0.053467 0.040000
0 0.841688 0.633750 0.040936 0.040000
0 0.494570 0.721250 0.352548 0.042500
0 0.348789 0.590938 0.052632 0.039375
0 0.523392 0.590938 0.052632 0.039375
0 0.229741 0.677813 0.055138 0.039375
0 0.496241 0.622500 0.855472 0.262500
0 0.758563 0.590938 0.053467 0.039375
0 0.200919 0.634062 0.054302 0.039375
0 0.407268 0.590625 0.052632 0.038750
0 0.671261 0.633750 0.052632 0.038750
0 0.640351 0.590938 0.052632 0.039375
0 0.106516 0.677500 0.060986 0.038750
0 0.465330 0.590625 0.051796 0.038750
0 0.271094 0.548125 0.054302 0.038750
0 0.169173 0.677188 0.055973 0.039375
0 0.494570 0.633125 0.053467 0.038750
0 0.700501 0.676875 0.052632 0.038750
0 0.347536 0.677500 0.053467 0.038750
0 0.817043 0.590938 0.053467 0.039375
0 0.154553 0.549063 0.053467 0.039375
0 0.377611 0.634062 0.051796 0.039375
0 0.679616 0.547813 0.054302 0.039375
0 0.729741 0.634062 0.052632 0.039375
0 0.451963 0.549063 0.051796 0.038125
0 0.465330 0.676875 0.053467 0.040000
0 0.388053 0.548438 0.052632 0.038125
0 0.329574 0.547813 0.052632 0.039375
0 0.562239 0.547813 0.051796 0.038125
0 0.211779 0.548125 0.055973 0.038750
0 0.612782 0.633437 0.052632 0.039375
0 0.880117 0.612500 0.059315 0.083750
0 0.523392 0.676875 0.052632 0.040000
0 0.288638 0.677188 0.052632 0.039375
0 0.581871 0.590000 0.050961 0.038750
0 0.797410 0.548125 0.052632 0.038750
0 0.699248 0.590625 0.053467 0.040000
0 0.109023 0.591250 0.060986 0.040000
0 0.406850 0.676875 0.053467 0.040000
0 0.287385 0.720938 0.053467 0.039375
0 0.758981 0.676562 0.054302 0.039375
0 0.436090 0.633437 0.051796 0.039375
0 0.101086 0.548125 0.041771 0.038750
0 0.738931 0.548125 0.054302 0.038750
0 0.642022 0.677188 0.052632 0.039375
0 0.870510 0.548125 0.080201 0.038750
0 0.230994 0.591562 0.052632 0.039375
0 0.288638 0.590938 0.052632 0.039375
0 0.553049 0.633437 0.051796 0.039375
0 0.259816 0.634375 0.053467 0.040000
0 0.505430 0.547813 0.051796 0.038125
0 0.852548 0.676562 0.117794 0.039375
