0 0.183648 0.413591 0.037736 0.046980
0 0.490252 0.466443 0.038365 0.050336
0 0.713836 0.521393 0.040252 0.051174
0 0.574843 0.466862 0.038994 0.049497
0 0.226101 0.413591 0.039623 0.048658
0 0.627044 0.520973 0.038994 0.050336
0 0.259748 0.576342 0.041509 0.050336
0 0.405975 0.466443 0.038365 0.050336
0 0.520126 0.576342 0.040252 0.052013
0 0.479245 0.413171 0.037736 0.047819
0 0.439937 0.416527 0.037107 0.047819
0 0.533333 0.466023 0.037736 0.049497
0 0.607547 0.576342 0.040252 0.050336
0 0.703774 0.467282 0.040252 0.050336
0 0.670126 0.520973 0.039623 0.050336
0 0.455346 0.633809 0.230189 0.056208
0 0.240881 0.521812 0.040252 0.050336
0 0.455660 0.520973 0.038365 0.050336
0 0.277673 0.466023 0.039623 0.051174
0 0.327673 0.520973 0.038994 0.050336
0 0.563522 0.413591 0.037736 0.048658
0 0.586164 0.524329 0.037736 0.050336
0 0.650629 0.576762 0.039623 0.051174
0 0.188050 0.522232 0.060377 0.051174
0 0.363522 0.466862 0.038994 0.049497
0 0.353145 0.413171 0.037107 0.047819
0 0.216667 0.577181 0.043396 0.052013
0 0.268868 0.414010 0.040881 0.047819
0 0.476415 0.576342 0.039623 0.052013
0 0.731761 0.576342 0.113836 0.053691
0 0.347799 0.575923 0.040252 0.051174
0 0.541824 0.520973 0.038365 0.050336
0 0.311321 0.413591 0.038994 0.048658
0 0.394969 0.413591 0.037736 0.046980
0 0.472956 0.505034 0.656604 0.345638
0 0.315723 0.633389 0.041509 0.052013
0 0.177673 0.633809 0.053459 0.052852
0 0.498742 0.520973 0.037736 0.050336
0 0.521069 0.413171 0.037107 0.047819
0 0.284277 0.521393 0.040252 0.049497
0 0.594025 0.633809 0.040881 0.052852
0 0.186478 0.466862 0.050943 0.051174
0 0.370755 0.521393 0.038365 0.051174
0 0.448113 0.466443 0.038365 0.050336
0 0.690566 0.413591 0.037736 0.048658
0 0.563836 0.576762 0.039623 0.051174
0 0.304088 0.575923 0.039623 0.051174
0 0.391195 0.575923 0.038994 0.051174
0 0.321069 0.466443 0.039623 0.050336
0 0.174843 0.578440 0.038994 0.051174
0 0.234591 0.466862 0.041509 0.051174
0 0.412893 0.521393 0.038365 0.049497
0 0.660063 0.467282 0.039623 0.050336
0 0.605975 0.412752 0.038365 0.048658
0 0.434277 0.576342 0.039623 0.052013
0 0.620126 0.468540 0.042767 0.052852
0 0.647484 0.413171 0.038365 0.047819
0 0.756918 0.494547 0.058491 0.106544
0 0.749057 0.413171 0.067925 0.049497
