0 0.297441 0.655331 0.049041 0.082721
0 0.613539 0.565257 0.047974 0.082721
0 0.455224 0.565257 0.049041 0.082721
0 0.148188 0.477022 0.083156 0.082721
0 0.485075 0.449449 0.769723 0.542279
0 0.755864 0.299632 0.046908 0.080882
0 0.596482 0.299632 0.047974 0.080882
0 0.666844 0.564338 0.047974 0.080882
0 0.802772 0.564338 0.106610 0.084559
0 0.481343 0.477022 0.047974 0.082721
0 0.820896 0.300551 0.072495 0.082721
0 0.279851 0.298713 0.047974 0.082721
0 0.702026 0.299632 0.047974 0.080882
0 0.771855 0.386949 0.049041 0.082721
0 0.692431 0.477022 0.047974 0.082721
0 0.507463 0.388787 0.046908 0.082721
0 0.376333 0.477022 0.046908 0.082721
0 0.793710 0.477022 0.037313 0.082721
0 0.296908 0.565257 0.047974 0.082721
0 0.402452 0.565257 0.047974 0.082721
0 0.719083 0.564338 0.047974 0.080882
0 0.455224 0.387868 0.046908 0.084559
0 0.190832 0.565257 0.049041 0.082721
0 0.745736 0.477022 0.047974 0.082721
0 0.217484 0.477022 0.046908 0.082721
0 0.349680 0.565257 0.049041 0.082721
0 0.134861 0.387868 0.054371 0.084559
0 0.126866 0.297794 0.036247 0.080882
0 0.244136 0.565257 0.049041 0.082721
0 0.534115 0.476103 0.046908 0.080882
0 0.428571 0.477022 0.046908 0.082721
0 0.665778 0.387868 0.047974 0.084559
0 0.560235 0.386949 0.047974 0.082721
0 0.828891 0.431985 0.054371 0.172794
0 0.649787 0.298713 0.047974 0.082721
0 0.174840 0.298713 0.046908 0.082721
0 0.667377 0.654412 0.049041 0.084559
0 0.384861 0.299632 0.049041 0.080882
0 0.438166 0.299632 0.046908 0.080882
0 0.349147 0.388787 0.047974 0.082721
0 0.491471 0.299632 0.046908 0.080882
0 0.543710 0.299632 0.046908 0.080882
0 0.243070 0.387868 0.046908 0.084559
0 0.640192 0.477022 0.047974 0.082721
0 0.190832 0.388787 0.049041 0.082721
0 0.586887 0.477022 0.047974 0.082721
0 0.296375 0.387868 0.049041 0.084559
0 0.719083 0.388787 0.047974 0.082721
0 0.134861 0.564338 0.054371 0.080882
0 0.506930 0.565257 0.047974 0.082721
0 0.323028 0.477022 0.046908 0.082721
0 0.135394 0.653493 0.055437 0.082721
0 0.270256 0.477022 0.047974 0.082721
0 0.481876 0.655331 0.315565 0.086397
0 0.559701 0.565257 0.049041 0.082721
0 0.227079 0.299632 0.049041 0.080882
0 0.612473 0.387868 0.047974 0.084559
0 0.401919 0.386949 0.046908 0.082721
0 0.332090 0.297794 0.047974 0.080882
