0 0.016319 0.662500 0.031250 0.082407
0 0.453125 0.508796 0.057639 0.063889
0 0.045833 0.493981 0.056944 0.065741
0 0.508681 0.458796 0.111806 0.123148
0 0.398958 0.525000 0.057639 0.066667
0 0.225000 0.579630 0.059722 0.072222
0 0.137500 0.684259 0.062500 0.081481
0 0.336806 0.416667 0.054167 0.057407
0 0.386806 0.600000 0.059722 0.068519
0 0.286111 0.560648 0.058333 0.069444
0 0.013889 0.752315 0.026389 0.084259
0 0.149306 0.779167 0.297222 0.215741
0 0.167014 0.460648 0.054861 0.062037
0 0.203125 0.516667 0.056250 0.066667
0 0.140625 0.535648 0.057639 0.071296
0 0.426736 0.452315 0.054861 0.060185
0 0.473264 0.569907 0.118750 0.086111
0 0.078125 0.554167 0.057639 0.073148
0 0.468750 0.380093 0.113889 0.073148
0 0.010417 0.528241 0.019444 0.063889
0 0.096875 0.619907 0.060417 0.076852
0 0.389236 0.402315 0.053472 0.056481
0 0.457292 0.653704 0.089583 0.085185
0 0.162847 0.600463 0.059028 0.076852
0 0.107292 0.477315 0.056250 0.063889
0 0.319097 0.483796 0.056250 0.062037
0 0.017014 0.728241 0.032639 0.082407
0 0.203472 0.662963 0.062500 0.079630
0 0.343750 0.543519 0.058333 0.068519
0 0.015972 0.592130 0.030556 0.076852
0 0.325347 0.700926 0.064583 0.079630
0 0.373611 0.468519 0.056944 0.061111
0 0.329514 0.619444 0.060417 0.070370
0 0.021875 0.572222 0.042361 0.072222
0 0.431597 0.581944 0.861806 0.663889
0 0.282639 0.430556 0.055556 0.059259
0 0.226042 0.445370 0.054861 0.061111
0 0.267708 0.639815 0.061806 0.074074
0 0.261806 0.500463 0.056944 0.065741
0 0.070833 0.706481 0.063889 0.083333
0 0.030903 0.640741 0.060417 0.077778
0 0.015625 0.512037 0.029861 0.066667
