0 0.321833 0.195617 0.073529 0.108766
0 0.185520 0.306006 0.074661 0.108766
0 0.626131 0.197240 0.073529 0.108766
0 0.478507 0.636364 0.443439 0.113636
0 0.552036 0.198052 0.074661 0.110390
0 0.123869 0.416396 0.075792 0.108766
0 0.281109 0.416396 0.078054 0.108766
0 0.219457 0.637175 0.076923 0.112013
0 0.955882 0.521916 0.090498 0.112013
0 0.091629 0.525974 0.065611 0.110390
0 0.033937 0.305195 0.065611 0.110390
0 0.322964 0.525162 0.078054 0.108766
0 0.793552 0.521916 0.078054 0.108766
0 0.978507 0.198864 0.045249 0.108766
0 0.920249 0.197240 0.066742 0.108766
0 0.480769 0.525162 0.079186 0.108766
0 0.265271 0.306006 0.078054 0.108766
0 0.735860 0.634740 0.078054 0.110390
0 0.777149 0.198052 0.074661 0.110390
0 0.360860 0.415584 0.076923 0.110390
0 0.475113 0.198052 0.074661 0.110390
0 0.752828 0.414773 0.075792 0.108766
0 0.714932 0.522727 0.076923 0.110390
0 0.106900 0.306006 0.078054 0.108766
0 0.596719 0.415584 0.075792 0.110390
0 0.440045 0.416396 0.076923 0.108766
0 0.244910 0.196429 0.075792 0.110390
0 0.029412 0.527597 0.056561 0.110390
0 0.041855 0.418019 0.081448 0.112013
0 0.423643 0.306818 0.075792 0.107143
0 0.579186 0.306818 0.076923 0.110390
0 0.907805 0.414773 0.078054 0.112013
0 0.635747 0.523539 0.076923 0.112013
0 0.397624 0.197240 0.075792 0.108766
0 0.891403 0.306818 0.076923 0.110390
0 0.558824 0.525162 0.076923 0.108766
0 0.870475 0.521916 0.078054 0.108766
0 0.165158 0.526786 0.076923 0.108766
0 0.702489 0.198052 0.074661 0.110390
0 0.834276 0.421266 0.078054 0.112013
0 0.092195 0.196429 0.073529 0.110390
0 0.169683 0.198052 0.074661 0.110390
0 0.674208 0.414773 0.076923 0.108766
0 0.401584 0.525974 0.076923 0.107143
0 0.244344 0.525974 0.076923 0.107143
0 0.501131 0.376623 1.000000 0.698052
0 0.516968 0.416396 0.076923 0.108766
0 0.344457 0.306818 0.078054 0.107143
0 0.812783 0.306006 0.078054 0.108766
0 0.501697 0.306818 0.078054 0.110390
0 0.657805 0.305195 0.075792 0.107143
0 0.050905 0.637987 0.099548 0.113636
0 0.203054 0.417208 0.075792 0.107143
0 0.734729 0.306006 0.078054 0.108766
