0 0.723301 0.268868 0.051780 0.101078
0 0.234628 0.278302 0.063107 0.106469
0 0.545712 0.272237 0.055825 0.102426
0 0.572411 0.372642 0.059061 0.101078
0 0.831715 0.466307 0.058252 0.099730
0 0.710356 0.470350 0.058252 0.102426
0 0.771440 0.468329 0.059061 0.101078
0 0.071602 0.710243 0.096278 0.113208
0 0.121359 0.387466 0.066343 0.106469
0 0.171521 0.596361 0.064725 0.106469
0 0.432039 0.583558 0.064725 0.105121
0 0.056230 0.389488 0.063916 0.107817
0 0.430016 0.691375 0.358414 0.113208
0 0.464806 0.458895 0.913430 0.642857
0 0.170712 0.280323 0.061489 0.105121
0 0.524676 0.476415 0.059061 0.103774
0 0.743123 0.570755 0.059061 0.101078
0 0.633495 0.371294 0.061489 0.101078
0 0.106796 0.282345 0.061489 0.106469
0 0.756877 0.369272 0.060680 0.102426
0 0.302589 0.590296 0.064725 0.105121
0 0.620955 0.576146 0.059061 0.103774
0 0.817557 0.366577 0.057443 0.099730
0 0.460761 0.479784 0.060680 0.105121
0 0.781958 0.272911 0.050971 0.101078
0 0.062702 0.493935 0.081715 0.098383
0 0.447006 0.376685 0.060680 0.103774
0 0.297735 0.276280 0.059871 0.102426
0 0.053803 0.599730 0.055825 0.110512
0 0.423948 0.273585 0.058252 0.102426
0 0.267799 0.487197 0.064725 0.103774
0 0.368123 0.586927 0.063107 0.106469
0 0.513754 0.380728 0.061489 0.103774
0 0.360841 0.274933 0.059871 0.102426
0 0.495146 0.581536 0.061489 0.103774
0 0.591019 0.480458 0.059061 0.103774
0 0.201861 0.489892 0.063916 0.106469
0 0.649272 0.472372 0.059061 0.101078
0 0.237864 0.592992 0.064725 0.105121
0 0.186489 0.384097 0.063916 0.107817
0 0.855987 0.266846 0.097087 0.099730
0 0.383091 0.379380 0.062298 0.103774
0 0.111650 0.597709 0.055016 0.109164
0 0.640777 0.679245 0.061489 0.102426
0 0.318366 0.381402 0.063916 0.105121
0 0.137136 0.491914 0.063916 0.105121
0 0.397249 0.481806 0.063107 0.103774
0 0.218447 0.700809 0.064725 0.107817
0 0.695793 0.369272 0.059871 0.102426
0 0.332929 0.485175 0.062298 0.102426
0 0.843447 0.565364 0.135113 0.103774
0 0.485437 0.273585 0.058252 0.102426
0 0.682848 0.572102 0.059871 0.101078
0 0.879045 0.416442 0.059061 0.199461
0 0.606796 0.271563 0.058252 0.103774
0 0.558252 0.578841 0.061489 0.106469
0 0.048139 0.283693 0.049353 0.103774
0 0.253236 0.382749 0.064725 0.107817
0 0.667071 0.270216 0.057443 0.103774
