0 0.412667 0.250667 0.125333 0.083556
0 0.501333 0.500889 0.996000 0.994667
0 0.881333 0.167111 0.124000 0.072889
0 0.946667 0.236444 0.101333 0.092444
0 0.689667 0.185333 0.120667 0.073778
0 0.573333 0.162667 0.113333 0.067556
0 0.617667 0.231111 0.127333 0.081778
0 0.203000 0.890667 0.234000 0.206222
0 0.478000 0.467111 0.173333 0.148444
0 0.675000 0.319556 0.148667 0.102222
0 0.070333 0.591111 0.139333 0.183111
0 0.752667 0.262667 0.137333 0.088000
0 0.317333 0.306667 0.130667 0.096000
0 0.498333 0.205333 0.118000 0.076444
0 0.204000 0.672889 0.189333 0.199111
0 0.075333 0.436444 0.145333 0.136889
0 0.330000 0.412000 0.156000 0.128889
0 0.203000 0.492444 0.167333 0.156444
0 0.820667 0.211556 0.129333 0.078222
0 0.754667 0.145333 0.113333 0.064889
0 0.905333 0.295111 0.152000 0.101333
0 0.641667 0.124444 0.107333 0.058667
0 0.649000 0.528444 0.192667 0.171556
0 0.535667 0.284000 0.136667 0.095111
0 0.834000 0.360889 0.168000 0.117333
0 0.439333 0.344000 0.144000 0.113778
0 0.383667 0.769778 0.210000 0.243556
0 0.583667 0.387556 0.159333 0.122667
0 0.701667 0.092444 0.102000 0.051556
0 0.532333 0.640444 0.204667 0.201778
0 0.205333 0.367556 0.141333 0.104000
0 0.354000 0.557333 0.173333 0.167111
0 0.747333 0.437333 0.176000 0.138667
