0 0.190500 0.315500 0.049000 0.049000
0 0.694500 0.421000 0.049000 0.048000
0 0.309000 0.523500 0.050000 0.049000
0 0.563000 0.316000 0.050000 0.048000
0 0.748500 0.420500 0.049000 0.049000
0 0.454000 0.471500 0.050000 0.049000
0 0.427000 0.419000 0.048000 0.048000
0 0.402000 0.315000 0.048000 0.048000
0 0.309000 0.366500 0.050000 0.049000
0 0.201000 0.366000 0.050000 0.048000
0 0.265500 0.418000 0.049000 0.048000
0 0.400500 0.471000 0.049000 0.048000
0 0.480500 0.419500 0.049000 0.047000
0 0.470000 0.367000 0.048000 0.048000
0 0.140000 0.366000 0.064000 0.048000
0 0.241000 0.313500 0.050000 0.049000
0 0.138000 0.314000 0.048000 0.048000
0 0.292500 0.470500 0.049000 0.047000
0 0.669000 0.472000 0.050000 0.048000
0 0.534000 0.420000 0.048000 0.048000
0 0.723000 0.316000 0.050000 0.048000
0 0.363000 0.366000 0.048000 0.048000
0 0.617000 0.316000 0.050000 0.048000
0 0.791500 0.368500 0.049000 0.049000
0 0.523500 0.367000 0.049000 0.048000
0 0.319500 0.418500 0.049000 0.049000
0 0.635000 0.370500 0.048000 0.049000
0 0.145000 0.418500 0.076000 0.049000
0 0.654000 0.529000 0.050000 0.048000
0 0.802000 0.421000 0.048000 0.048000
0 0.294500 0.313500 0.049000 0.049000
0 0.185500 0.470000 0.051000 0.050000
0 0.348000 0.313500 0.048000 0.049000
0 0.254500 0.366000 0.049000 0.048000
0 0.416000 0.366500 0.048000 0.047000
0 0.856000 0.395500 0.070000 0.101000
0 0.615500 0.472000 0.049000 0.048000
0 0.588000 0.420000 0.048000 0.048000
0 0.581000 0.370000 0.048000 0.048000
0 0.777500 0.316000 0.049000 0.048000
0 0.507500 0.472000 0.049000 0.048000
0 0.561000 0.472000 0.050000 0.048000
0 0.820500 0.473500 0.137000 0.049000
0 0.849500 0.316500 0.083000 0.049000
0 0.737000 0.368500 0.050000 0.049000
0 0.684500 0.367500 0.049000 0.049000
0 0.641500 0.420000 0.047000 0.048000
0 0.238500 0.470000 0.049000 0.048000
0 0.211500 0.418000 0.049000 0.048000
0 0.500000 0.405000 0.806000 0.318000
0 0.346500 0.471000 0.051000 0.048000
0 0.722000 0.473000 0.050000 0.048000
0 0.141000 0.524500 0.064000 0.047000
0 0.480000 0.524500 0.284000 0.051000
0 0.510000 0.316000 0.048000 0.048000
0 0.670500 0.316000 0.049000 0.048000
0 0.455500 0.315000 0.049000 0.048000
0 0.373000 0.419000 0.048000 0.048000
0 0.133000 0.470500 0.048000 0.049000
