0 0.572802 0.421703 0.031593 0.044872
0 0.280907 0.467949 0.053571 0.058608
0 0.229052 0.507784 0.044643 0.052198
0 0.679602 0.376832 0.051511 0.046703
0 0.119849 0.352106 0.040522 0.050366
0 0.180975 0.561813 0.054258 0.079670
0 0.242102 0.392399 0.041896 0.052198
0 0.310096 0.361722 0.041896 0.053114
0 0.654533 0.475733 0.027473 0.044872
0 0.341690 0.603938 0.280907 0.101648
0 0.549107 0.475275 0.032280 0.043956
0 0.512363 0.478480 0.032967 0.044872
0 0.645261 0.423993 0.032280 0.043956
0 0.065934 0.452839 0.037088 0.048535
0 0.504464 0.601190 0.044643 0.076007
0 0.564560 0.527473 0.032967 0.043956
0 0.147665 0.476648 0.042582 0.050366
0 0.658310 0.592033 0.084478 0.072344
0 0.160714 0.363553 0.039835 0.051282
0 0.188187 0.491300 0.042582 0.048535
0 0.152473 0.419414 0.039835 0.049451
0 0.684753 0.455586 0.032967 0.097985
0 0.488668 0.535256 0.036401 0.046703
0 0.629808 0.371795 0.030220 0.042125
0 0.484203 0.372253 0.034341 0.046703
0 0.062500 0.280678 0.049451 0.048535
0 0.431319 0.376832 0.063187 0.048535
0 0.110234 0.291667 0.036401 0.048535
0 0.269574 0.344780 0.039148 0.050366
0 0.234547 0.448260 0.041896 0.052198
0 0.062843 0.337912 0.070742 0.054945
0 0.292239 0.413004 0.058379 0.062271
0 0.192995 0.434066 0.041209 0.051282
0 0.228365 0.328755 0.037775 0.049451
0 0.438874 0.543956 0.057692 0.053114
0 0.461195 0.428571 0.036401 0.047619
0 0.053228 0.391941 0.072115 0.054945
0 0.424107 0.435897 0.036401 0.047619
0 0.429602 0.490385 0.048764 0.046703
0 0.500000 0.425366 0.032967 0.044872
0 0.201580 0.377747 0.040522 0.052198
0 0.497596 0.421703 0.993819 0.539377
0 0.660371 0.529304 0.073489 0.047619
0 0.149725 0.304029 0.037088 0.047619
0 0.593063 0.369963 0.029533 0.043956
0 0.536401 0.422619 0.032967 0.046703
0 0.609547 0.421703 0.030907 0.044872
0 0.473558 0.482143 0.035027 0.046703
0 0.600275 0.525183 0.031593 0.043040
0 0.585165 0.473443 0.031593 0.043956
0 0.526442 0.530678 0.035027 0.046703
0 0.106799 0.463370 0.040522 0.049451
0 0.621223 0.472527 0.028159 0.043956
0 0.188530 0.315476 0.037775 0.048535
0 0.558036 0.369963 0.030907 0.043956
0 0.025755 0.444597 0.039148 0.048535
0 0.032280 0.516484 0.063187 0.080586
0 0.111264 0.407051 0.039835 0.050366
0 0.520948 0.370879 0.032280 0.045788
0 0.271635 0.525641 0.044643 0.053114
