0 0.048891 0.357527 0.039315 0.053763
0 0.354335 0.364247 0.039315 0.051075
0 0.608871 0.535618 0.112903 0.049731
0 0.414819 0.422715 0.037298 0.052419
0 0.310988 0.362903 0.039315 0.051075
0 0.637601 0.604167 0.069556 0.068548
0 0.224294 0.358871 0.039315 0.051075
0 0.247984 0.475806 0.038306 0.053763
0 0.501008 0.440188 1.000000 0.466398
0 0.371976 0.421371 0.040323 0.055108
0 0.175907 0.528226 0.037298 0.048387
0 0.221774 0.529570 0.040323 0.048387
0 0.311492 0.531586 0.040323 0.049731
0 0.055948 0.413306 0.057460 0.055108
0 0.485383 0.532930 0.037298 0.047043
0 0.241431 0.417339 0.041331 0.052419
0 0.056956 0.469758 0.069556 0.052419
0 0.498992 0.424059 0.038306 0.052419
0 0.040827 0.528898 0.047379 0.052419
0 0.203125 0.473790 0.041331 0.052419
0 0.196573 0.416667 0.040323 0.053763
0 0.158770 0.473790 0.039315 0.052419
0 0.507056 0.480511 0.038306 0.049731
0 0.153226 0.415323 0.038306 0.053763
0 0.354839 0.531586 0.038306 0.049731
0 0.285282 0.418683 0.040323 0.052419
0 0.179940 0.358199 0.039315 0.052419
0 0.422379 0.478495 0.038306 0.051075
0 0.114415 0.473118 0.041331 0.053763
0 0.398690 0.532258 0.037298 0.048387
0 0.307964 0.599462 0.238911 0.072581
0 0.087198 0.527554 0.039315 0.052419
0 0.109375 0.413978 0.041331 0.053763
0 0.457661 0.598118 0.048387 0.064516
0 0.291835 0.475806 0.041331 0.051075
0 0.481855 0.368280 0.038306 0.053763
0 0.526714 0.533602 0.037298 0.045699
0 0.583165 0.426747 0.039315 0.052419
0 0.627016 0.372312 0.076613 0.056452
0 0.636089 0.458333 0.056452 0.110215
0 0.092742 0.357527 0.040323 0.053763
0 0.564516 0.369624 0.036290 0.053763
0 0.464718 0.479839 0.038306 0.051075
0 0.265625 0.530914 0.039315 0.051075
0 0.540827 0.426075 0.039315 0.053763
0 0.157762 0.596102 0.051411 0.065860
0 0.336190 0.477151 0.039315 0.051075
0 0.456653 0.422715 0.038306 0.049731
0 0.041331 0.596102 0.060484 0.068548
0 0.549395 0.481855 0.040323 0.052419
0 0.329133 0.420027 0.039315 0.052419
0 0.396169 0.365591 0.036290 0.053763
0 0.379536 0.479167 0.039315 0.052419
0 0.132056 0.527554 0.040323 0.049731
0 0.137097 0.358199 0.038306 0.052419
0 0.267137 0.359543 0.038306 0.049731
0 0.438508 0.366263 0.038306 0.052419
0 0.522681 0.368952 0.037298 0.052419
0 0.591230 0.482527 0.037298 0.051075
0 0.441532 0.533602 0.036290 0.048387
