0 0.185625 0.414167 0.037500 0.046667
0 0.490312 0.466667 0.038125 0.050000
0 0.712500 0.521250 0.040000 0.050833
0 0.574375 0.467083 0.038750 0.049167
0 0.227813 0.414167 0.039375 0.048333
0 0.626250 0.520833 0.038750 0.050000
0 0.261250 0.575833 0.041250 0.050000
0 0.406562 0.466667 0.038125 0.050000
0 0.520000 0.575833 0.040000 0.051667
0 0.479375 0.413750 0.037500 0.047500
0 0.440312 0.417083 0.036875 0.047500
0 0.533125 0.466250 0.037500 0.049167
0 0.606875 0.575833 0.040000 0.050000
0 0.702500 0.467500 0.040000 0.050000
0 0.669063 0.520833 0.039375 0.050000
0 0.455625 0.632917 0.228750 0.055833
0 0.242500 0.521667 0.040000 0.050000
0 0.455937 0.520833 0.038125 0.050000
0 0.279062 0.466250 0.039375 0.050833
0 0.328750 0.520833 0.038750 0.050000
0 0.563125 0.414167 0.037500 0.048333
0 0.585625 0.524167 0.037500 0.050000
0 0.649687 0.576250 0.039375 0.050833
0 0.190000 0.522083 0.060000 0.050833
0 0.364375 0.467083 0.038750 0.049167
0 0.354063 0.413750 0.036875 0.047500
0 0.218438 0.576667 0.043125 0.051667
0 0.270313 0.414583 0.040625 0.047500
0 0.476562 0.575833 0.039375 0.051667
0 0.730313 0.575833 0.113125 0.053333
0 0.348750 0.575417 0.040000 0.050833
0 0.541562 0.520833 0.038125 0.050000
0 0.312500 0.414167 0.038750 0.048333
0 0.395625 0.414167 0.037500 0.046667
0 0.473125 0.505000 0.652500 0.343333
0 0.316875 0.632500 0.041250 0.051667
0 0.179688 0.632917 0.053125 0.052500
0 0.498750 0.520833 0.037500 0.050000
0 0.520938 0.413750 0.036875 0.047500
0 0.285625 0.521250 0.040000 0.049167
0 0.593437 0.632917 0.040625 0.052500
0 0.188438 0.467083 0.050625 0.050833
0 0.371563 0.521250 0.038125 0.050833
0 0.448437 0.466667 0.038125 0.050000
0 0.689375 0.414167 0.037500 0.048333
0 0.563438 0.576250 0.039375 0.050833
0 0.305312 0.575417 0.039375 0.050833
0 0.391875 0.575417 0.038750 0.050833
0 0.322188 0.466667 0.039375 0.050000
0 0.176875 0.577917 0.038750 0.050833
0 0.236250 0.467083 0.041250 0.050833
0 0.413438 0.521250 0.038125 0.049167
0 0.659062 0.467500 0.039375 0.050000
0 0.605313 0.413333 0.038125 0.048333
0 0.434688 0.575833 0.039375 0.051667
0 0.619375 0.468750 0.042500 0.052500
0 0.646563 0.413750 0.038125 0.047500
0 0.755313 0.494583 0.058125 0.105833
0 0.747500 0.413750 0.067500 0.049167
