0 0.655523 0.514050 0.033430 0.047481
0 0.346657 0.562984 0.056686 0.062016
0 0.291788 0.605136 0.047238 0.055233
0 0.768532 0.466570 0.054506 0.049419
0 0.176235 0.440407 0.042878 0.053295
0 0.240916 0.662306 0.057413 0.084302
0 0.305596 0.483043 0.044331 0.055233
0 0.377544 0.450581 0.044331 0.056202
0 0.742006 0.571221 0.029070 0.047481
0 0.410974 0.706880 0.297238 0.107558
0 0.630451 0.570736 0.034157 0.046512
0 0.591570 0.574128 0.034884 0.047481
0 0.732195 0.516473 0.034157 0.046512
0 0.119186 0.546996 0.039244 0.051357
0 0.583212 0.703973 0.047238 0.080426
0 0.646802 0.625969 0.034884 0.046512
0 0.205669 0.572190 0.045058 0.053295
0 0.746003 0.694283 0.089390 0.076550
0 0.219477 0.452519 0.042151 0.054264
0 0.248547 0.587694 0.045058 0.051357
0 0.210756 0.511628 0.042151 0.052326
0 0.773983 0.549903 0.034884 0.103682
0 0.566497 0.634205 0.038517 0.049419
0 0.715843 0.461240 0.031977 0.044574
0 0.561773 0.461725 0.036337 0.049419
0 0.115552 0.364826 0.052326 0.051357
0 0.505814 0.466570 0.066860 0.051357
0 0.166061 0.376453 0.038517 0.051357
0 0.334666 0.432655 0.041424 0.053295
0 0.297602 0.542151 0.044331 0.055233
0 0.115916 0.425388 0.074855 0.058140
0 0.358648 0.504845 0.061773 0.065891
0 0.253634 0.527132 0.043605 0.054264
0 0.291061 0.415698 0.039971 0.052326
0 0.513808 0.643411 0.061047 0.056202
0 0.537427 0.521318 0.038517 0.050388
0 0.105741 0.482558 0.076308 0.058140
0 0.498183 0.529070 0.038517 0.050388
0 0.503997 0.586725 0.051599 0.049419
0 0.578488 0.517926 0.034884 0.047481
0 0.262718 0.467539 0.042878 0.055233
0 0.509084 0.514050 0.983285 0.570736
0 0.748183 0.627907 0.077762 0.050388
0 0.207849 0.389535 0.039244 0.050388
0 0.676962 0.459302 0.031250 0.046512
0 0.617006 0.515019 0.034884 0.049419
0 0.694404 0.514050 0.032703 0.047481
0 0.550509 0.578004 0.037064 0.049419
0 0.684593 0.623547 0.033430 0.045543
0 0.668605 0.568798 0.033430 0.046512
0 0.606468 0.629360 0.037064 0.049419
0 0.162427 0.558140 0.042878 0.052326
0 0.706759 0.567829 0.029797 0.046512
0 0.248910 0.401647 0.039971 0.051357
0 0.639898 0.459302 0.032703 0.046512
0 0.076672 0.538275 0.041424 0.051357
0 0.077762 0.614341 0.078488 0.085271
0 0.167151 0.498547 0.042151 0.053295
0 0.600654 0.460271 0.034157 0.048450
0 0.336846 0.624031 0.047238 0.056202
