0 0.080172 0.738065 0.065517 0.041290
0 0.095690 0.648387 0.094828 0.041290
0 0.611638 0.559677 0.054310 0.040645
0 0.299138 0.648065 0.055172 0.040645
0 0.784914 0.648065 0.054310 0.040645
0 0.695259 0.737742 0.056034 0.041935
0 0.148276 0.604839 0.056897 0.040645
0 0.571552 0.692258 0.055172 0.041290
0 0.839224 0.647742 0.042241 0.041290
0 0.481034 0.738065 0.363793 0.043871
0 0.330603 0.603548 0.054310 0.040645
0 0.510776 0.603548 0.054310 0.040645
0 0.207759 0.693226 0.056897 0.040645
0 0.482759 0.636129 0.882759 0.270968
0 0.753448 0.603548 0.055172 0.040645
0 0.178017 0.648065 0.056034 0.040645
0 0.390948 0.603226 0.054310 0.040000
0 0.663362 0.647742 0.054310 0.040000
0 0.631466 0.603548 0.054310 0.040645
0 0.080603 0.692903 0.062931 0.040000
0 0.450862 0.603226 0.053448 0.040000
0 0.250431 0.559355 0.056034 0.040000
0 0.145259 0.692581 0.057759 0.040645
0 0.481034 0.647097 0.055172 0.040000
0 0.693534 0.692258 0.054310 0.040000
0 0.329310 0.692903 0.055172 0.040000
0 0.813793 0.603548 0.055172 0.040645
0 0.130172 0.560323 0.055172 0.040645
0 0.360345 0.648065 0.053448 0.040645
0 0.671983 0.559032 0.056034 0.040645
0 0.723707 0.648065 0.054310 0.040645
0 0.437069 0.560323 0.053448 0.039355
0 0.450862 0.692258 0.055172 0.041290
0 0.371121 0.559677 0.054310 0.039355
0 0.310776 0.559032 0.054310 0.040645
0 0.550862 0.559032 0.053448 0.039355
0 0.189224 0.559355 0.057759 0.040000
0 0.603017 0.647419 0.054310 0.040645
0 0.878879 0.625806 0.061207 0.086452
0 0.510776 0.692258 0.054310 0.041290
0 0.268534 0.692581 0.054310 0.040645
0 0.571121 0.602581 0.052586 0.040000
0 0.793534 0.559355 0.054310 0.040000
0 0.692241 0.603226 0.055172 0.041290
0 0.083190 0.603871 0.062931 0.041290
0 0.390517 0.692258 0.055172 0.041290
0 0.267241 0.737742 0.055172 0.040645
0 0.753879 0.691935 0.056034 0.040645
0 0.420690 0.647419 0.053448 0.040645
0 0.075000 0.559355 0.043103 0.040000
0 0.733190 0.559355 0.056034 0.040000
0 0.633190 0.692581 0.054310 0.040645
0 0.868966 0.559355 0.082759 0.040000
0 0.209052 0.604194 0.054310 0.040645
0 0.268534 0.603548 0.054310 0.040645
0 0.541379 0.647419 0.053448 0.040645
0 0.238793 0.648387 0.055172 0.041290
0 0.492241 0.559032 0.053448 0.039355
0 0.850431 0.691935 0.121552 0.040645
