0 0.540870 0.301325 0.057391 0.109272
0 0.935217 0.362583 0.082609 0.231788
0 0.094783 0.419702 0.090435 0.110927
0 0.270000 0.182947 0.058261 0.110927
0 0.730870 0.300497 0.058261 0.110927
0 0.680435 0.417219 0.056522 0.109272
0 0.585652 0.535596 0.058261 0.110927
0 0.775652 0.534768 0.059130 0.109272
0 0.893043 0.535596 0.165217 0.110927
0 0.207391 0.183775 0.058261 0.109272
0 0.714348 0.183775 0.058261 0.112583
0 0.143913 0.183775 0.056522 0.109272
0 0.332609 0.535596 0.058261 0.110927
0 0.300000 0.418874 0.057391 0.109272
0 0.460870 0.182119 0.057391 0.109272
0 0.617391 0.417219 0.057391 0.109272
0 0.160870 0.301325 0.059130 0.109272
0 0.333913 0.182119 0.057391 0.109272
0 0.351304 0.301325 0.057391 0.109272
0 0.079565 0.182119 0.056522 0.109272
0 0.925652 0.182947 0.098261 0.110927
0 0.089130 0.300497 0.075652 0.110927
0 0.205652 0.534768 0.058261 0.109272
0 0.490000 0.654801 0.336522 0.114238
0 0.477826 0.300497 0.056522 0.110927
0 0.691739 0.653974 0.060000 0.109272
0 0.459130 0.534768 0.059130 0.109272
0 0.712609 0.533940 0.058261 0.107616
0 0.870000 0.418046 0.056522 0.110927
0 0.743478 0.418874 0.057391 0.109272
0 0.287826 0.300497 0.059130 0.110927
0 0.269565 0.534768 0.057391 0.109272
0 0.173478 0.418046 0.058261 0.110927
0 0.776957 0.182947 0.058261 0.110927
0 0.426522 0.418046 0.056522 0.107616
0 0.857826 0.300497 0.058261 0.110927
0 0.490000 0.418874 0.056522 0.109272
0 0.395652 0.534768 0.057391 0.109272
0 0.236957 0.418874 0.058261 0.109272
0 0.514348 0.388245 0.948696 0.703642
0 0.363478 0.418046 0.057391 0.107616
0 0.840435 0.182119 0.056522 0.109272
0 0.414348 0.300497 0.056522 0.107616
0 0.524348 0.183775 0.057391 0.109272
0 0.088261 0.653974 0.079130 0.112583
0 0.794348 0.301325 0.058261 0.109272
0 0.649130 0.534768 0.058261 0.109272
0 0.650435 0.183775 0.059130 0.112583
0 0.223478 0.300497 0.057391 0.110927
0 0.522174 0.535596 0.058261 0.110927
0 0.396957 0.183775 0.058261 0.109272
0 0.604348 0.299669 0.057391 0.109272
0 0.586957 0.183775 0.057391 0.109272
0 0.553478 0.418046 0.056522 0.110927
0 0.806522 0.418874 0.058261 0.109272
0 0.080000 0.535596 0.057391 0.110927
0 0.288261 0.653146 0.060000 0.110927
0 0.142174 0.535596 0.058261 0.110927
0 0.667391 0.300497 0.058261 0.110927
