0 0.423958 0.533333 0.031250 0.047222
0 0.525521 0.459722 0.938542 0.433333
0 0.364583 0.479861 0.031250 0.045833
0 0.343229 0.533333 0.034375 0.047222
0 0.284375 0.479861 0.031250 0.045833
0 0.179688 0.372917 0.032292 0.048611
0 0.477604 0.427083 0.030208 0.045833
0 0.110417 0.477083 0.056250 0.040278
0 0.139583 0.374306 0.031250 0.048611
0 0.098958 0.534028 0.037500 0.045833
0 0.597396 0.426389 0.030208 0.044444
0 0.197396 0.426389 0.032292 0.047222
0 0.500521 0.373611 0.032292 0.047222
0 0.604167 0.479861 0.029167 0.045833
0 0.438021 0.426389 0.030208 0.044444
0 0.318229 0.426389 0.030208 0.047222
0 0.102604 0.594444 0.051042 0.058333
0 0.157292 0.427083 0.033333 0.048611
0 0.098437 0.372917 0.030208 0.045833
0 0.340104 0.372917 0.032292 0.045833
0 0.237500 0.427083 0.031250 0.048611
0 0.579688 0.372917 0.030208 0.045833
0 0.140625 0.532639 0.035417 0.048611
0 0.298958 0.372917 0.031250 0.048611
0 0.524479 0.479861 0.030208 0.045833
0 0.261458 0.532639 0.033333 0.045833
0 0.646875 0.594444 0.064583 0.061111
0 0.380208 0.372222 0.031250 0.047222
0 0.181250 0.533333 0.033333 0.047222
0 0.383333 0.532639 0.031250 0.045833
0 0.164062 0.479861 0.032292 0.045833
0 0.420833 0.372222 0.031250 0.047222
0 0.259896 0.372222 0.030208 0.047222
0 0.543750 0.531944 0.029167 0.044444
0 0.517188 0.427083 0.030208 0.045833
0 0.622396 0.532639 0.103125 0.045833
0 0.203646 0.479861 0.032292 0.045833
0 0.277604 0.426389 0.032292 0.047222
0 0.343229 0.594444 0.215625 0.061111
0 0.646875 0.454167 0.050000 0.100000
0 0.639583 0.373611 0.068750 0.050000
0 0.463021 0.533333 0.030208 0.047222
0 0.485417 0.479861 0.029167 0.045833
0 0.540104 0.372917 0.030208 0.045833
0 0.404687 0.479167 0.030208 0.047222
0 0.357812 0.426389 0.030208 0.047222
0 0.301563 0.533333 0.032292 0.047222
0 0.206250 0.592361 0.043750 0.056944
0 0.504687 0.531944 0.030208 0.044444
0 0.244271 0.480556 0.032292 0.047222
0 0.397917 0.426389 0.031250 0.047222
0 0.221354 0.533333 0.032292 0.047222
0 0.478646 0.592361 0.044792 0.056944
0 0.556771 0.426389 0.030208 0.047222
0 0.219271 0.372917 0.032292 0.048611
0 0.564583 0.479861 0.029167 0.045833
0 0.324479 0.479861 0.030208 0.045833
0 0.444792 0.479861 0.031250 0.045833
0 0.107813 0.427778 0.046875 0.047222
0 0.460938 0.373611 0.030208 0.047222
