0 0.605871 0.105448 0.057388 0.075571
0 0.624670 0.186731 0.059367 0.074692
0 0.430409 0.187610 0.058707 0.074692
0 0.295844 0.440246 0.063984 0.080844
0 0.477243 0.104569 0.057388 0.075571
0 0.410620 0.354569 0.061346 0.078207
0 0.672493 0.352373 0.060026 0.077329
0 0.363786 0.186731 0.060026 0.076450
0 0.141161 0.355009 0.063325 0.079086
0 0.515831 0.251757 0.969657 0.496485
0 0.541887 0.355448 0.058707 0.078207
0 0.638522 0.269332 0.059367 0.076450
0 0.346636 0.103251 0.057388 0.074692
0 0.739446 0.351494 0.060686 0.075571
0 0.476583 0.354569 0.061346 0.078207
0 0.443272 0.270211 0.059367 0.076450
0 0.882586 0.185413 0.059367 0.075571
0 0.216029 0.104130 0.060026 0.074692
0 0.899077 0.266696 0.058047 0.078207
0 0.093008 0.270211 0.093668 0.079965
0 0.297823 0.185852 0.061346 0.076450
0 0.507916 0.440246 0.352243 0.080844
0 0.959433 0.228032 0.082454 0.160808
0 0.606530 0.353691 0.060026 0.079965
0 0.163588 0.185413 0.063325 0.077329
0 0.734499 0.105009 0.058707 0.074692
0 0.862467 0.105888 0.057388 0.072935
0 0.688984 0.186292 0.060026 0.077329
0 0.089050 0.186292 0.077836 0.077329
0 0.573549 0.269772 0.058707 0.077329
0 0.310026 0.269772 0.060686 0.077329
0 0.818272 0.186292 0.060026 0.077329
0 0.208113 0.354569 0.062665 0.078207
0 0.074538 0.355888 0.060686 0.079086
0 0.495053 0.187610 0.058707 0.076450
0 0.703826 0.268893 0.059367 0.077329
0 0.798153 0.105448 0.058047 0.073814
0 0.833773 0.267575 0.059367 0.076450
0 0.670185 0.105448 0.058047 0.075571
0 0.276715 0.354569 0.061346 0.078207
0 0.718997 0.437170 0.062005 0.078207
0 0.753958 0.185413 0.059367 0.075571
0 0.376649 0.270211 0.059367 0.076450
0 0.559697 0.188049 0.058707 0.077329
0 0.230871 0.185413 0.060686 0.077329
0 0.343997 0.355009 0.062665 0.079086
0 0.281332 0.103251 0.060026 0.074692
0 0.079485 0.442004 0.087731 0.082601
0 0.411939 0.104130 0.058707 0.074692
0 0.945910 0.106327 0.097625 0.075571
0 0.920185 0.351054 0.160950 0.078207
0 0.542216 0.105448 0.058047 0.075571
0 0.804420 0.350615 0.060026 0.075571
0 0.243074 0.269772 0.061346 0.077329
0 0.507916 0.270650 0.059367 0.077329
0 0.175792 0.269332 0.061346 0.078207
0 0.082454 0.103251 0.060686 0.074692
0 0.768799 0.268453 0.060026 0.076450
0 0.150066 0.104130 0.060026 0.074692
