0 0.464531 0.553354 0.036613 0.051829
0 0.367277 0.671494 0.032037 0.050305
0 0.442792 0.610518 0.032037 0.050305
0 0.737414 0.719512 0.117849 0.057927
0 0.659611 0.603659 0.035469 0.054878
0 0.475400 0.725610 0.033181 0.051829
0 0.181922 0.679878 0.068650 0.054878
0 0.410755 0.669207 0.032037 0.048780
0 0.239703 0.677591 0.030892 0.053354
0 0.704233 0.602896 0.035469 0.053354
0 0.275744 0.801829 0.043478 0.073171
0 0.636156 0.546494 0.036613 0.053354
0 0.562929 0.723323 0.032037 0.053354
0 0.291762 0.558689 0.032037 0.050305
0 0.217391 0.733232 0.034325 0.051829
0 0.228261 0.620427 0.033181 0.051829
0 0.529176 0.607470 0.030892 0.050305
0 0.570938 0.605945 0.032037 0.050305
0 0.550343 0.589177 0.901602 0.620427
0 0.506865 0.551067 0.034325 0.053354
0 0.356407 0.614329 0.033181 0.051829
0 0.747712 0.541921 0.078947 0.053354
0 0.681350 0.544207 0.033181 0.051829
0 0.419336 0.553354 0.033181 0.051829
0 0.584668 0.664634 0.032037 0.051829
0 0.169908 0.738567 0.046911 0.053354
0 0.315217 0.616616 0.033181 0.053354
0 0.485698 0.609756 0.033181 0.051829
0 0.719680 0.790396 0.066362 0.071646
0 0.270595 0.616616 0.030892 0.050305
0 0.760297 0.630335 0.060641 0.114329
0 0.453661 0.668445 0.033181 0.050305
0 0.616133 0.604421 0.035469 0.053354
0 0.175057 0.620427 0.052632 0.051829
0 0.627574 0.663110 0.033181 0.051829
0 0.497140 0.666921 0.030892 0.050305
0 0.281465 0.675305 0.032037 0.051829
0 0.520023 0.725610 0.035469 0.051829
0 0.399886 0.612043 0.030892 0.050305
0 0.651030 0.720274 0.032037 0.053354
0 0.303204 0.730183 0.032037 0.051829
0 0.334096 0.557165 0.032037 0.050305
0 0.606979 0.721799 0.033181 0.053354
0 0.549199 0.549543 0.034325 0.053354
0 0.437071 0.802591 0.254005 0.089939
0 0.592677 0.548018 0.034325 0.053354
0 0.596682 0.796494 0.051487 0.080793
0 0.541190 0.666159 0.032037 0.051829
0 0.431922 0.726372 0.033181 0.053354
0 0.389016 0.727896 0.032037 0.053354
0 0.164188 0.564787 0.033181 0.050305
0 0.168764 0.802591 0.042334 0.059451
0 0.206522 0.563262 0.033181 0.053354
0 0.249428 0.560213 0.032037 0.050305
0 0.324943 0.673018 0.032037 0.050305
0 0.345538 0.729421 0.032037 0.050305
0 0.716247 0.660061 0.032037 0.051829
0 0.377002 0.555640 0.033181 0.050305
0 0.260297 0.732470 0.030892 0.050305
0 0.672769 0.661585 0.032037 0.051829
