0 0.728011 0.260405 0.043302 0.084364
0 0.319350 0.268279 0.052774 0.088864
0 0.579499 0.263217 0.046685 0.085489
0 0.601827 0.347019 0.049391 0.084364
0 0.818674 0.425197 0.048714 0.083240
0 0.717185 0.428571 0.048714 0.085489
0 0.768268 0.426884 0.049391 0.084364
0 0.183018 0.628796 0.080514 0.094488
0 0.224628 0.359393 0.055480 0.088864
0 0.266576 0.533746 0.054127 0.088864
0 0.484438 0.523060 0.054127 0.087739
0 0.170162 0.361080 0.053451 0.089989
0 0.482747 0.613048 0.299729 0.094488
0 0.511840 0.419010 0.763870 0.536558
0 0.265900 0.269966 0.051421 0.087739
0 0.561908 0.433633 0.049391 0.086614
0 0.744587 0.512373 0.049391 0.084364
0 0.652909 0.345894 0.051421 0.084364
0 0.212449 0.271654 0.051421 0.088864
0 0.756089 0.344207 0.050744 0.085489
0 0.376184 0.528684 0.054127 0.087739
0 0.642422 0.516873 0.049391 0.086614
0 0.806834 0.341957 0.048038 0.083240
0 0.508457 0.436445 0.050744 0.087739
0 0.777064 0.263780 0.042625 0.084364
0 0.175575 0.448256 0.068336 0.082115
0 0.496955 0.350394 0.050744 0.086614
0 0.372124 0.266592 0.050068 0.085489
0 0.168133 0.536558 0.046685 0.092238
0 0.477673 0.264342 0.048714 0.085489
0 0.347091 0.442632 0.054127 0.086614
0 0.430988 0.525872 0.052774 0.088864
0 0.552774 0.353768 0.051421 0.086614
0 0.424899 0.265467 0.050068 0.085489
0 0.537212 0.521372 0.051421 0.086614
0 0.617388 0.437008 0.049391 0.086614
0 0.291949 0.444882 0.053451 0.088864
0 0.666103 0.430259 0.049391 0.084364
0 0.322057 0.530934 0.054127 0.087739
0 0.279093 0.356580 0.053451 0.089989
0 0.838972 0.258718 0.081191 0.083240
0 0.443505 0.352643 0.052097 0.086614
0 0.216509 0.534871 0.046008 0.091114
0 0.658999 0.602925 0.051421 0.085489
0 0.389378 0.354331 0.053451 0.087739
0 0.237821 0.446569 0.053451 0.087739
0 0.455345 0.438133 0.052774 0.086614
0 0.305819 0.620922 0.054127 0.089989
0 0.705007 0.344207 0.050068 0.085489
0 0.401556 0.440945 0.052097 0.085489
0 0.828484 0.507874 0.112991 0.086614
0 0.529093 0.264342 0.048714 0.085489
0 0.694181 0.513498 0.050068 0.084364
0 0.858254 0.383577 0.049391 0.166479
0 0.630582 0.262655 0.048714 0.086614
0 0.589986 0.519123 0.051421 0.088864
0 0.163396 0.272778 0.041272 0.086614
0 0.334912 0.355456 0.054127 0.089989
0 0.680988 0.261530 0.048038 0.086614
