0 0.366667 0.435106 0.060606 0.087234
0 0.496212 0.419149 0.886364 0.536170
0 0.600000 0.342553 0.057576 0.080851
0 0.665909 0.593617 0.059091 0.085106
0 0.706061 0.506383 0.057576 0.080851
0 0.659091 0.341489 0.057576 0.082979
0 0.400758 0.519149 0.062121 0.085106
0 0.613636 0.426596 0.057576 0.082979
0 0.256818 0.611702 0.062121 0.087234
0 0.862121 0.501064 0.130303 0.082979
0 0.303788 0.436170 0.062121 0.085106
0 0.478030 0.346809 0.059091 0.085106
0 0.240152 0.439362 0.062121 0.087234
0 0.394697 0.263830 0.059091 0.085106
0 0.338636 0.520213 0.062121 0.087234
0 0.733333 0.423404 0.057576 0.085106
0 0.429545 0.431915 0.059091 0.085106
0 0.798485 0.256383 0.048485 0.082979
0 0.525000 0.513830 0.059091 0.087234
0 0.415909 0.347872 0.059091 0.082979
0 0.778030 0.339362 0.056061 0.082979
0 0.491667 0.430851 0.059091 0.087234
0 0.153788 0.527660 0.053030 0.089362
0 0.098485 0.355319 0.060606 0.089362
0 0.290152 0.351064 0.062121 0.089362
0 0.333333 0.264894 0.057576 0.082979
0 0.515909 0.262766 0.056061 0.082979
0 0.177273 0.440426 0.060606 0.085106
0 0.353030 0.350000 0.060606 0.087234
0 0.090909 0.270213 0.045455 0.085106
0 0.673485 0.424468 0.056061 0.082979
0 0.585606 0.510638 0.056061 0.085106
0 0.114394 0.619149 0.092424 0.093617
0 0.875000 0.256383 0.095455 0.082979
0 0.857576 0.425532 0.054545 0.080851
0 0.767424 0.506383 0.059091 0.085106
0 0.109091 0.442553 0.066667 0.085106
0 0.719697 0.339362 0.057576 0.082979
0 0.896970 0.377660 0.057576 0.163830
0 0.096970 0.529787 0.051515 0.089362
0 0.463636 0.514894 0.060606 0.085106
0 0.462121 0.608511 0.345455 0.106383
0 0.225758 0.352128 0.060606 0.087234
0 0.162121 0.354255 0.063636 0.087234
0 0.690909 0.258511 0.054545 0.082979
0 0.646212 0.508511 0.056061 0.085106
0 0.553030 0.427660 0.057576 0.085106
0 0.791667 0.420213 0.056061 0.082979
0 0.745455 0.258511 0.048485 0.082979
0 0.211364 0.268085 0.062121 0.085106
0 0.211364 0.524468 0.062121 0.087234
0 0.274242 0.522340 0.060606 0.087234
0 0.456061 0.263830 0.057576 0.085106
0 0.633333 0.260638 0.054545 0.082979
0 0.147727 0.268085 0.059091 0.085106
0 0.271970 0.265957 0.059091 0.085106
0 0.837121 0.337234 0.056061 0.082979
0 0.538636 0.344681 0.059091 0.085106
0 0.574242 0.261702 0.054545 0.085106
