0 0.412109 0.531250 0.029297 0.044271
0 0.507324 0.462240 0.879883 0.406250
0 0.356445 0.481120 0.029297 0.042969
0 0.336426 0.531250 0.032227 0.044271
0 0.281250 0.481120 0.029297 0.042969
0 0.183105 0.380859 0.030273 0.045573
0 0.462402 0.431641 0.028320 0.042969
0 0.118164 0.478516 0.052734 0.037760
0 0.145508 0.382161 0.029297 0.045573
0 0.107422 0.531901 0.035156 0.042969
0 0.574707 0.430990 0.028320 0.041667
0 0.199707 0.430990 0.030273 0.044271
0 0.483887 0.381510 0.030273 0.044271
0 0.581055 0.481120 0.027344 0.042969
0 0.425293 0.430990 0.028320 0.041667
0 0.312988 0.430990 0.028320 0.044271
0 0.110840 0.588542 0.047852 0.054688
0 0.162109 0.431641 0.031250 0.045573
0 0.106934 0.380859 0.028320 0.042969
0 0.333496 0.380859 0.030273 0.042969
0 0.237305 0.431641 0.029297 0.045573
0 0.558105 0.380859 0.028320 0.042969
0 0.146484 0.530599 0.033203 0.045573
0 0.294922 0.380859 0.029297 0.045573
0 0.506348 0.481120 0.028320 0.042969
0 0.259766 0.530599 0.031250 0.042969
0 0.621094 0.588542 0.060547 0.057292
0 0.371094 0.380208 0.029297 0.044271
0 0.184570 0.531250 0.031250 0.044271
0 0.374023 0.530599 0.029297 0.042969
0 0.168457 0.481120 0.030273 0.042969
0 0.409180 0.380208 0.029297 0.044271
0 0.258301 0.380208 0.028320 0.044271
0 0.524414 0.529948 0.027344 0.041667
0 0.499512 0.431641 0.028320 0.042969
0 0.598145 0.530599 0.096680 0.042969
0 0.205566 0.481120 0.030273 0.042969
0 0.274902 0.430990 0.030273 0.044271
0 0.336426 0.588542 0.202148 0.057292
0 0.621094 0.457031 0.046875 0.093750
0 0.614258 0.381510 0.064453 0.046875
0 0.448730 0.531250 0.028320 0.044271
0 0.469727 0.481120 0.027344 0.042969
0 0.520996 0.380859 0.028320 0.042969
0 0.394043 0.480469 0.028320 0.044271
0 0.350098 0.430990 0.028320 0.044271
0 0.297363 0.531250 0.030273 0.044271
0 0.208008 0.586589 0.041016 0.053385
0 0.487793 0.529948 0.028320 0.041667
0 0.243652 0.481771 0.030273 0.044271
0 0.387695 0.430990 0.029297 0.044271
0 0.222168 0.531250 0.030273 0.044271
0 0.463379 0.586589 0.041992 0.053385
0 0.536621 0.430990 0.028320 0.044271
0 0.220215 0.380859 0.030273 0.045573
0 0.543945 0.481120 0.027344 0.042969
0 0.318848 0.481120 0.028320 0.042969
0 0.431641 0.481120 0.029297 0.042969
0 0.115723 0.432292 0.043945 0.044271
0 0.446777 0.381510 0.028320 0.044271
