0 0.490959 0.514056 0.033805 0.092369
0 0.020047 0.599398 0.038522 0.130522
0 0.181604 0.430723 0.033019 0.090361
0 0.450865 0.528112 0.035377 0.092369
0 0.494104 0.299197 0.036950 0.100402
0 0.202437 0.541165 0.035377 0.090361
0 0.066038 0.180723 0.034591 0.100402
0 0.391903 0.218876 0.033805 0.096386
0 0.246462 0.330321 0.032233 0.086345
0 0.329403 0.333333 0.034591 0.092369
0 0.032626 0.279116 0.063679 0.116466
0 0.470912 0.413655 0.034591 0.092369
0 0.243318 0.545181 0.033805 0.090361
0 0.347091 0.438755 0.033805 0.094378
0 0.285377 0.547189 0.034591 0.090361
0 0.490566 0.638554 0.058176 0.128514
0 0.476022 0.402610 0.950472 0.801205
0 0.368711 0.545181 0.036164 0.094378
0 0.101022 0.409639 0.033805 0.096386
0 0.575865 0.163655 0.076258 0.106426
0 0.511792 0.398594 0.036164 0.098394
0 0.163915 0.321285 0.032233 0.096386
0 0.514937 0.183735 0.034591 0.094378
0 0.029481 0.385542 0.057390 0.108434
0 0.535377 0.284137 0.036164 0.098394
0 0.123428 0.645582 0.058176 0.130522
0 0.411950 0.321285 0.034591 0.092369
0 0.084906 0.296185 0.034591 0.094378
0 0.308176 0.229920 0.034591 0.094378
0 0.105346 0.198795 0.033019 0.100402
0 0.224843 0.225904 0.034591 0.094378
0 0.031447 0.488956 0.061321 0.118474
0 0.267296 0.229920 0.034591 0.090361
0 0.374214 0.688755 0.171384 0.180723
0 0.389151 0.434739 0.034591 0.094378
0 0.120283 0.521084 0.033019 0.090361
0 0.204796 0.327309 0.032233 0.092369
0 0.590409 0.317269 0.064465 0.204819
0 0.430031 0.424699 0.033019 0.090361
0 0.080975 0.509036 0.034591 0.102410
0 0.601022 0.594378 0.047956 0.124498
0 0.327437 0.548193 0.035377 0.088353
0 0.305818 0.440763 0.034591 0.090361
0 0.553459 0.383534 0.036164 0.100402
0 0.452830 0.311245 0.034591 0.092369
0 0.144261 0.210843 0.032233 0.096386
0 0.220912 0.695783 0.132075 0.166667
0 0.570755 0.486948 0.111635 0.114458
0 0.141116 0.420683 0.032233 0.094378
0 0.287736 0.335341 0.034591 0.092369
0 0.161164 0.532129 0.034591 0.092369
0 0.026336 0.165663 0.040094 0.098394
0 0.433569 0.210843 0.035377 0.096386
0 0.409198 0.538153 0.033805 0.096386
0 0.264151 0.439759 0.034591 0.092369
0 0.474450 0.198795 0.035377 0.096386
0 0.370676 0.328313 0.033805 0.090361
0 0.350236 0.227912 0.035377 0.094378
0 0.223270 0.437751 0.033019 0.092369
0 0.124214 0.308233 0.031447 0.094378
0 0.184748 0.216867 0.033019 0.092369
