0 0.198125 0.520000 0.043750 0.045000
0 0.491250 0.315417 0.030000 0.044167
0 0.392188 0.363750 0.029375 0.042500
0 0.122813 0.300000 0.031875 0.045000
0 0.511563 0.366667 0.029375 0.041667
0 0.461250 0.470000 0.030000 0.043333
0 0.151875 0.408333 0.030000 0.045000
0 0.171875 0.463750 0.031250 0.044167
0 0.165313 0.300833 0.031875 0.045000
0 0.299687 0.465000 0.030625 0.043333
0 0.481250 0.417500 0.028750 0.043333
0 0.361563 0.414167 0.029375 0.041667
0 0.500313 0.469167 0.029375 0.041667
0 0.432812 0.365000 0.029375 0.043333
0 0.453125 0.313333 0.030000 0.043333
0 0.637188 0.396667 0.046875 0.093333
0 0.080312 0.297500 0.031875 0.046667
0 0.215000 0.462500 0.031250 0.043333
0 0.497188 0.379583 0.948125 0.449167
0 0.194688 0.408333 0.030625 0.043333
0 0.550000 0.367917 0.027500 0.042500
0 0.441875 0.417500 0.027500 0.043333
0 0.228125 0.356667 0.030000 0.043333
0 0.570937 0.317083 0.028125 0.042500
0 0.128438 0.462917 0.031875 0.045833
0 0.628125 0.319167 0.067500 0.045000
0 0.380625 0.467500 0.030000 0.043333
0 0.185000 0.354583 0.031250 0.044167
0 0.249688 0.303750 0.030625 0.044167
0 0.343750 0.522500 0.226250 0.053333
0 0.082187 0.520000 0.054375 0.050000
0 0.351875 0.362083 0.028750 0.042500
0 0.207187 0.302083 0.031875 0.044167
0 0.332500 0.307083 0.030000 0.044167
0 0.637813 0.523750 0.049375 0.042500
0 0.401875 0.416250 0.028750 0.042500
0 0.588750 0.369583 0.028750 0.042500
0 0.596875 0.420833 0.028750 0.043333
0 0.471875 0.365000 0.028750 0.041667
0 0.080312 0.463750 0.041875 0.045833
0 0.142813 0.352917 0.031875 0.044167
0 0.413438 0.311250 0.029375 0.044167
0 0.486563 0.522083 0.039375 0.042500
0 0.089063 0.352500 0.051875 0.046667
0 0.373437 0.309583 0.029375 0.044167
0 0.530937 0.315833 0.029375 0.043333
0 0.320937 0.412500 0.029375 0.041667
0 0.559063 0.418750 0.028125 0.044167
0 0.340625 0.466250 0.030000 0.042500
0 0.269688 0.357083 0.029375 0.042500
0 0.311250 0.357917 0.028750 0.042500
0 0.290938 0.306667 0.030625 0.043333
0 0.421563 0.468333 0.030625 0.043333
0 0.538750 0.470000 0.028750 0.041667
0 0.087188 0.407917 0.051875 0.045833
0 0.519375 0.418750 0.028750 0.044167
0 0.611875 0.472083 0.095000 0.042500
0 0.257500 0.464583 0.031250 0.044167
0 0.237500 0.410833 0.030000 0.043333
0 0.279375 0.411667 0.028750 0.043333
