0 0.406250 0.484375 0.031250 0.044271
0 0.323242 0.585286 0.027344 0.042969
0 0.387695 0.533203 0.027344 0.042969
0 0.639160 0.626302 0.100586 0.049479
0 0.572754 0.527344 0.030273 0.046875
0 0.415527 0.631510 0.028320 0.044271
0 0.165039 0.592448 0.058594 0.046875
0 0.360352 0.583333 0.027344 0.041667
0 0.214355 0.590495 0.026367 0.045573
0 0.610840 0.526693 0.030273 0.045573
0 0.245117 0.696615 0.037109 0.062500
0 0.552734 0.478516 0.031250 0.045573
0 0.490234 0.629557 0.027344 0.045573
0 0.258789 0.488932 0.027344 0.042969
0 0.195312 0.638021 0.029297 0.044271
0 0.204590 0.541667 0.028320 0.044271
0 0.461426 0.530599 0.026367 0.042969
0 0.497070 0.529297 0.027344 0.042969
0 0.537109 0.514974 0.884766 0.529948
0 0.442383 0.482422 0.029297 0.045573
0 0.313965 0.536458 0.028320 0.044271
0 0.647949 0.474609 0.067383 0.045573
0 0.591309 0.476562 0.028320 0.044271
0 0.367676 0.484375 0.028320 0.044271
0 0.508789 0.579427 0.027344 0.044271
0 0.154785 0.642578 0.040039 0.045573
0 0.278809 0.538411 0.028320 0.045573
0 0.424316 0.532552 0.028320 0.044271
0 0.624023 0.686849 0.056641 0.061198
0 0.240723 0.538411 0.026367 0.042969
0 0.658691 0.550130 0.051758 0.097656
0 0.396973 0.582682 0.028320 0.042969
0 0.535645 0.527995 0.030273 0.045573
0 0.159180 0.541667 0.044922 0.044271
0 0.545410 0.578125 0.028320 0.044271
0 0.434082 0.581380 0.026367 0.042969
0 0.250000 0.588542 0.027344 0.044271
0 0.453613 0.631510 0.030273 0.044271
0 0.351074 0.534505 0.026367 0.042969
0 0.565430 0.626953 0.027344 0.045573
0 0.268555 0.635417 0.027344 0.044271
0 0.294922 0.487630 0.027344 0.042969
0 0.527832 0.628255 0.028320 0.045573
0 0.478516 0.481120 0.029297 0.045573
0 0.382812 0.697266 0.216797 0.076823
0 0.515625 0.479818 0.029297 0.045573
0 0.519043 0.692057 0.043945 0.069010
0 0.471680 0.580729 0.027344 0.044271
0 0.378418 0.632161 0.028320 0.045573
0 0.341797 0.633464 0.027344 0.045573
0 0.149902 0.494141 0.028320 0.042969
0 0.153809 0.697266 0.036133 0.050781
0 0.186035 0.492839 0.028320 0.045573
0 0.222656 0.490234 0.027344 0.042969
0 0.287109 0.586589 0.027344 0.042969
0 0.304688 0.634766 0.027344 0.042969
0 0.621094 0.575521 0.027344 0.044271
0 0.331543 0.486328 0.028320 0.042969
0 0.231934 0.637370 0.026367 0.042969
0 0.583984 0.576823 0.027344 0.044271
