0 0.291563 0.586250 0.059375 0.075833
0 0.589375 0.275000 0.055000 0.070000
0 0.104063 0.340000 0.073125 0.071667
0 0.606563 0.353750 0.055625 0.072500
0 0.463750 0.508333 0.057500 0.073333
0 0.236250 0.343750 0.057500 0.072500
0 0.833438 0.280000 0.055625 0.071667
0 0.309063 0.424583 0.058125 0.074167
0 0.345938 0.267500 0.055625 0.070000
0 0.529375 0.273750 0.055000 0.072500
0 0.086563 0.499167 0.056875 0.075000
0 0.245938 0.422917 0.058125 0.072500
0 0.090313 0.582083 0.080625 0.075833
0 0.524687 0.509167 0.056875 0.073333
0 0.284062 0.265833 0.058125 0.071667
0 0.468125 0.271667 0.055000 0.071667
0 0.741875 0.435000 0.056250 0.073333
0 0.728750 0.355417 0.057500 0.072500
0 0.712187 0.513333 0.058125 0.073333
0 0.514062 0.412083 0.939375 0.489167
0 0.298125 0.345000 0.057500 0.073333
0 0.774062 0.515000 0.058125 0.073333
0 0.406875 0.270417 0.056250 0.070833
0 0.401562 0.506667 0.056875 0.073333
0 0.679688 0.433333 0.056875 0.073333
0 0.617812 0.432083 0.056875 0.072500
0 0.914687 0.282500 0.095625 0.071667
0 0.275625 0.504583 0.058750 0.074167
0 0.649062 0.512500 0.056875 0.073333
0 0.105313 0.419167 0.089375 0.073333
0 0.772188 0.278750 0.055625 0.070833
0 0.586250 0.510833 0.056250 0.075000
0 0.338750 0.505417 0.058750 0.074167
0 0.099687 0.261667 0.055625 0.070000
0 0.889062 0.518750 0.161875 0.075833
0 0.711875 0.277083 0.056250 0.072500
0 0.650937 0.276250 0.056875 0.070833
0 0.804375 0.435833 0.057500 0.073333
0 0.926875 0.400000 0.081250 0.155000
0 0.851562 0.358750 0.056875 0.070833
0 0.371875 0.427083 0.057500 0.072500
0 0.865625 0.438333 0.055000 0.073333
0 0.556562 0.431250 0.055625 0.072500
0 0.544375 0.352083 0.056250 0.072500
0 0.422500 0.348750 0.056250 0.072500
0 0.692187 0.595417 0.059375 0.075833
0 0.790625 0.357500 0.056250 0.073333
0 0.361250 0.347500 0.056250 0.071667
0 0.147813 0.500833 0.060625 0.075000
0 0.182812 0.421250 0.058125 0.072500
0 0.172813 0.342083 0.061875 0.072500
0 0.211875 0.502917 0.058750 0.074167
0 0.494688 0.429583 0.055625 0.072500
0 0.222188 0.265000 0.059375 0.071667
0 0.484375 0.351667 0.055000 0.071667
0 0.160938 0.263333 0.059375 0.071667
0 0.666875 0.354583 0.057500 0.072500
0 0.491563 0.590833 0.333125 0.078333
0 0.433437 0.427500 0.055625 0.071667
