0 0.152604 0.220219 0.057292 0.083072
0 0.278125 0.493730 0.058333 0.084639
0 0.536979 0.311912 0.055208 0.084639
0 0.165625 0.311129 0.056250 0.083072
0 0.259375 0.402038 0.056250 0.083072
0 0.382812 0.402821 0.057292 0.084639
0 0.910417 0.268809 0.079167 0.177116
0 0.073438 0.403605 0.057292 0.083072
0 0.227604 0.312696 0.055208 0.083072
0 0.585938 0.220219 0.055208 0.083072
0 0.322917 0.129310 0.056250 0.086207
0 0.671354 0.494514 0.059375 0.083072
0 0.660417 0.312696 0.056250 0.083072
0 0.339062 0.220219 0.055208 0.083072
0 0.199479 0.130094 0.059375 0.084639
0 0.693229 0.130094 0.057292 0.084639
0 0.692187 0.402821 0.057292 0.081505
0 0.134896 0.402821 0.059375 0.084639
0 0.872396 0.406740 0.161458 0.086207
0 0.401042 0.220219 0.056250 0.083072
0 0.818229 0.130094 0.057292 0.084639
0 0.629687 0.402821 0.057292 0.084639
0 0.524479 0.221003 0.057292 0.084639
0 0.709375 0.221003 0.056250 0.084639
0 0.646875 0.221003 0.056250 0.084639
0 0.496875 0.288401 0.929167 0.551724
0 0.462500 0.221003 0.056250 0.084639
0 0.081250 0.220219 0.077083 0.086207
0 0.753646 0.402821 0.057292 0.081505
0 0.901563 0.130878 0.096875 0.086207
0 0.088021 0.311912 0.092708 0.084639
0 0.384375 0.129310 0.056250 0.086207
0 0.197396 0.402821 0.057292 0.084639
0 0.260937 0.129310 0.057292 0.086207
0 0.570833 0.406740 0.056250 0.083072
0 0.474479 0.311912 0.055208 0.084639
0 0.444271 0.402821 0.057292 0.084639
0 0.568750 0.130094 0.056250 0.084639
0 0.413542 0.311912 0.056250 0.081505
0 0.510417 0.409091 0.056250 0.084639
0 0.598437 0.311912 0.055208 0.084639
0 0.080729 0.493730 0.080208 0.084639
0 0.351042 0.311912 0.056250 0.084639
0 0.215104 0.220219 0.055208 0.086207
0 0.277604 0.221003 0.057292 0.084639
0 0.136458 0.130094 0.058333 0.084639
0 0.630208 0.130094 0.056250 0.084639
0 0.289583 0.312696 0.056250 0.083072
0 0.475000 0.495298 0.327083 0.087774
0 0.320833 0.402821 0.056250 0.084639
0 0.508333 0.130094 0.056250 0.084639
0 0.446354 0.129310 0.055208 0.086207
