0 0.528668 0.305466 0.055649 0.106109
0 0.911046 0.364952 0.080101 0.225080
0 0.096121 0.420418 0.087690 0.107717
0 0.266020 0.190514 0.056492 0.107717
0 0.712901 0.304662 0.056492 0.107717
0 0.663997 0.418006 0.054806 0.106109
0 0.572091 0.532958 0.056492 0.107717
0 0.756324 0.532154 0.057336 0.106109
0 0.870152 0.532958 0.160202 0.107717
0 0.205312 0.191318 0.056492 0.106109
0 0.696880 0.191318 0.056492 0.109325
0 0.143761 0.191318 0.054806 0.106109
0 0.326728 0.532958 0.056492 0.107717
0 0.295110 0.419614 0.055649 0.106109
0 0.451096 0.189711 0.055649 0.106109
0 0.602867 0.418006 0.055649 0.106109
0 0.160202 0.305466 0.057336 0.106109
0 0.327993 0.189711 0.055649 0.106109
0 0.344857 0.305466 0.055649 0.106109
0 0.081366 0.189711 0.054806 0.106109
0 0.901771 0.190514 0.095278 0.107717
0 0.090641 0.304662 0.073356 0.107717
0 0.203626 0.532154 0.056492 0.106109
0 0.479342 0.648714 0.326307 0.110932
0 0.467538 0.304662 0.054806 0.107717
0 0.674958 0.647910 0.058179 0.106109
0 0.449410 0.532154 0.057336 0.106109
0 0.695194 0.531350 0.056492 0.104502
0 0.847808 0.418810 0.054806 0.107717
0 0.725126 0.419614 0.055649 0.106109
0 0.283305 0.304662 0.057336 0.107717
0 0.265599 0.532154 0.055649 0.106109
0 0.172428 0.418810 0.056492 0.107717
0 0.757589 0.190514 0.056492 0.107717
0 0.417791 0.418810 0.054806 0.104502
0 0.836003 0.304662 0.056492 0.107717
0 0.479342 0.419614 0.054806 0.106109
0 0.387858 0.532154 0.055649 0.106109
0 0.233980 0.419614 0.056492 0.106109
0 0.502951 0.389871 0.919899 0.683280
0 0.356661 0.418810 0.055649 0.104502
0 0.819140 0.189711 0.054806 0.106109
0 0.405987 0.304662 0.054806 0.104502
0 0.512648 0.191318 0.055649 0.106109
0 0.089798 0.647910 0.076728 0.109325
0 0.774452 0.305466 0.056492 0.106109
0 0.633642 0.532154 0.056492 0.106109
0 0.634907 0.191318 0.057336 0.109325
0 0.220911 0.304662 0.055649 0.107717
0 0.510540 0.532958 0.056492 0.107717
0 0.389123 0.191318 0.056492 0.106109
0 0.590219 0.303859 0.055649 0.106109
0 0.573356 0.191318 0.055649 0.106109
0 0.540894 0.418810 0.054806 0.107717
0 0.786256 0.419614 0.056492 0.106109
0 0.081788 0.532958 0.055649 0.107717
0 0.283727 0.647106 0.058179 0.107717
0 0.142074 0.532958 0.056492 0.107717
0 0.651349 0.304662 0.056492 0.107717
