0 0.578438 0.622722 0.033125 0.060021
0 0.293438 0.617363 0.029375 0.057878
0 0.417500 0.618435 0.028750 0.055734
0 0.458437 0.620043 0.029375 0.056806
0 0.325000 0.548767 0.028750 0.057878
0 0.313437 0.686495 0.030625 0.056806
0 0.598750 0.766881 0.042500 0.058950
0 0.549063 0.481243 0.031875 0.057878
0 0.407187 0.548767 0.028125 0.053591
0 0.376563 0.617899 0.029375 0.056806
0 0.538750 0.620043 0.030000 0.058950
0 0.436875 0.689711 0.031250 0.058950
0 0.055938 0.546624 0.070625 0.057878
0 0.305000 0.478028 0.030000 0.060021
0 0.065625 0.759378 0.042500 0.058950
0 0.428438 0.482315 0.031875 0.060021
0 0.634062 0.486602 0.031875 0.057878
0 0.335313 0.618435 0.029375 0.055734
0 0.478438 0.690247 0.031875 0.057878
0 0.168437 0.615756 0.028125 0.056806
0 0.105938 0.687567 0.030625 0.056806
0 0.497812 0.619507 0.030625 0.057878
0 0.241875 0.546088 0.028750 0.056806
0 0.200000 0.545552 0.027500 0.055734
0 0.283438 0.546624 0.028125 0.055734
0 0.271562 0.686495 0.029375 0.056806
0 0.159375 0.546088 0.028750 0.056806
0 0.387500 0.481243 0.031250 0.060021
0 0.188125 0.686495 0.028750 0.056806
0 0.396562 0.688103 0.030625 0.057878
0 0.127188 0.615756 0.028125 0.056806
0 0.620938 0.585745 0.054375 0.133976
0 0.252188 0.616292 0.028125 0.055734
0 0.097812 0.474812 0.029375 0.057878
0 0.210000 0.616827 0.027500 0.056806
0 0.366250 0.549303 0.028750 0.056806
0 0.180000 0.476420 0.028750 0.058950
0 0.567813 0.553055 0.033125 0.062165
0 0.508125 0.482851 0.032500 0.061093
0 0.488438 0.550911 0.030625 0.057878
0 0.047500 0.687031 0.062500 0.057878
0 0.139375 0.478028 0.028750 0.060021
0 0.467500 0.481243 0.031250 0.057878
0 0.355000 0.688103 0.030000 0.057878
0 0.087188 0.617899 0.031875 0.061093
0 0.229375 0.687031 0.030000 0.057878
0 0.041250 0.621115 0.045000 0.061093
0 0.497500 0.569668 0.977500 0.530547
0 0.117188 0.545552 0.029375 0.057878
0 0.528438 0.551447 0.030625 0.058950
0 0.346562 0.480707 0.029375 0.058950
0 0.447500 0.550375 0.031250 0.056806
0 0.262500 0.476956 0.028750 0.057878
0 0.595625 0.690247 0.103750 0.060021
0 0.221562 0.476956 0.028125 0.060021
0 0.146250 0.687031 0.028750 0.055734
0 0.518437 0.689711 0.031875 0.058950
0 0.334375 0.762058 0.376250 0.070740
