0 0.108750 0.702511 0.037500 0.057860
0 0.352187 0.498362 0.029375 0.053493
0 0.600625 0.770197 0.051250 0.057860
0 0.133125 0.630459 0.031250 0.053493
0 0.480312 0.698690 0.031875 0.054585
0 0.499688 0.631550 0.029375 0.053493
0 0.093125 0.636463 0.038750 0.063319
0 0.489375 0.563865 0.028750 0.051310
0 0.469687 0.499454 0.030625 0.055677
0 0.391250 0.500000 0.030000 0.054585
0 0.249062 0.562227 0.029375 0.052402
0 0.410625 0.563865 0.028750 0.051310
0 0.257500 0.631004 0.032500 0.052402
0 0.066250 0.563319 0.075000 0.054585
0 0.311875 0.498362 0.030000 0.055677
0 0.359063 0.699236 0.031875 0.053493
0 0.498750 0.600983 0.988750 0.518559
0 0.231563 0.496725 0.030625 0.056769
0 0.399062 0.698690 0.031875 0.054585
0 0.290312 0.563865 0.029375 0.053493
0 0.430937 0.500000 0.030625 0.054585
0 0.329688 0.563319 0.028125 0.052402
0 0.049688 0.700873 0.069375 0.056769
0 0.520938 0.698690 0.031875 0.054585
0 0.449688 0.564410 0.029375 0.052402
0 0.191875 0.700873 0.033750 0.056769
0 0.271562 0.497271 0.029375 0.055677
0 0.339687 0.631550 0.030625 0.051310
0 0.628437 0.501638 0.029375 0.053493
0 0.150000 0.700873 0.033750 0.054585
0 0.110625 0.495633 0.032500 0.054585
0 0.508437 0.500546 0.030625 0.055677
0 0.547188 0.498362 0.028125 0.053493
0 0.173750 0.632096 0.030000 0.054585
0 0.168125 0.563319 0.031250 0.054585
0 0.529062 0.564410 0.029375 0.054585
0 0.151875 0.497271 0.032500 0.057860
0 0.208125 0.562227 0.030000 0.052402
0 0.064375 0.771834 0.050000 0.056769
0 0.214688 0.631550 0.029375 0.053493
0 0.334062 0.777293 0.383125 0.072052
0 0.579688 0.631550 0.030625 0.055677
0 0.567813 0.564956 0.029375 0.055677
0 0.126875 0.562227 0.032500 0.054585
0 0.232500 0.700328 0.032500 0.055677
0 0.297812 0.631004 0.029375 0.052402
0 0.190625 0.496179 0.031250 0.055677
0 0.316563 0.699782 0.033125 0.054585
0 0.440312 0.700328 0.033125 0.057860
0 0.275313 0.699236 0.033125 0.053493
0 0.596562 0.697598 0.100625 0.054585
0 0.540312 0.631004 0.030625 0.052402
0 0.619687 0.596616 0.053125 0.127729
0 0.460313 0.631004 0.028125 0.052402
0 0.380312 0.631550 0.030625 0.053493
0 0.420625 0.631004 0.030000 0.052402
0 0.045000 0.631004 0.046250 0.054585
0 0.370625 0.563865 0.030000 0.053493
