0 0.314453 0.470301 0.026367 0.045566
0 0.380371 0.620423 0.026367 0.046379
0 0.600830 0.569976 0.025879 0.046379
0 0.490967 0.470301 0.025879 0.045566
0 0.500000 0.558584 0.520508 0.303499
0 0.571777 0.569976 0.026367 0.046379
0 0.351074 0.671277 0.026367 0.045566
0 0.527344 0.620016 0.025391 0.045566
0 0.584717 0.670871 0.021973 0.046379
0 0.578857 0.470708 0.025879 0.044752
0 0.556641 0.619609 0.025391 0.044752
0 0.623779 0.620016 0.041504 0.045566
0 0.528076 0.670871 0.026855 0.046379
0 0.417969 0.519935 0.025391 0.045566
0 0.622803 0.519935 0.026855 0.045566
0 0.549561 0.470301 0.025879 0.045566
0 0.432617 0.470301 0.026367 0.045566
0 0.276855 0.670871 0.056641 0.046379
0 0.645020 0.569569 0.055664 0.045566
0 0.468750 0.620016 0.026367 0.045566
0 0.483887 0.569569 0.025391 0.045566
0 0.520508 0.470708 0.026367 0.044752
0 0.648682 0.470301 0.048340 0.045566
0 0.607910 0.470708 0.025391 0.044752
0 0.461426 0.470301 0.025391 0.045566
0 0.299561 0.519121 0.026855 0.045566
0 0.269775 0.570789 0.039551 0.044752
0 0.439453 0.671277 0.142578 0.045566
0 0.541992 0.569976 0.025391 0.046379
0 0.593506 0.519935 0.025879 0.045566
0 0.395020 0.569569 0.025391 0.045566
0 0.265869 0.520342 0.032715 0.044752
0 0.259277 0.469894 0.017578 0.044752
0 0.655518 0.520749 0.033691 0.045566
0 0.322021 0.620016 0.025879 0.045566
0 0.439697 0.619203 0.026855 0.045566
0 0.329346 0.519121 0.025879 0.045566
0 0.277344 0.620016 0.055664 0.045566
0 0.498047 0.619203 0.026367 0.045566
0 0.534668 0.519935 0.026367 0.045566
0 0.284668 0.469894 0.025391 0.044752
0 0.446777 0.519935 0.025391 0.045566
0 0.505371 0.519935 0.025391 0.045566
0 0.512695 0.569976 0.025391 0.046379
0 0.424561 0.569569 0.025879 0.045566
0 0.365967 0.569976 0.025879 0.046379
0 0.351807 0.620016 0.025879 0.045566
0 0.563965 0.519935 0.025391 0.045566
0 0.454346 0.570382 0.025879 0.045566
0 0.344482 0.470301 0.025879 0.045566
0 0.585449 0.619203 0.026367 0.045566
0 0.557373 0.671277 0.026855 0.045566
0 0.373535 0.470708 0.025391 0.044752
0 0.307373 0.570382 0.026855 0.045566
0 0.410400 0.619203 0.025879 0.045566
0 0.476074 0.520342 0.025391 0.046379
0 0.402832 0.470301 0.026367 0.045566
0 0.358643 0.519935 0.025879 0.045566
0 0.388428 0.519935 0.025879 0.045566
0 0.336426 0.569976 0.026367 0.046379
