0 0.364026 0.535714 0.044968 0.057143
0 0.606531 0.532857 0.043897 0.051429
0 0.238758 0.607143 0.053533 0.060000
0 0.699679 0.596429 0.048180 0.058571
0 0.241970 0.475000 0.044968 0.055714
0 0.117238 0.611429 0.088865 0.057143
0 0.616702 0.405714 0.051392 0.057143
0 0.327088 0.409286 0.043897 0.055714
0 0.517131 0.406429 0.042827 0.052857
0 0.709315 0.402857 0.043897 0.057143
0 0.661135 0.403571 0.046039 0.058571
0 0.655246 0.533571 0.042827 0.055714
0 0.193790 0.475000 0.044968 0.058571
0 0.675054 0.471429 0.043897 0.057143
0 0.485011 0.470714 0.040685 0.058571
0 0.338330 0.472143 0.044968 0.055714
0 0.373126 0.408571 0.046039 0.051429
0 0.314775 0.535714 0.044968 0.062857
0 0.531585 0.469286 0.046039 0.055714
0 0.458779 0.340714 0.043897 0.055714
0 0.369914 0.346429 0.043897 0.055714
0 0.230728 0.410714 0.043897 0.052857
0 0.629015 0.470000 0.043897 0.057143
0 0.557816 0.532857 0.042827 0.051429
0 0.600107 0.340714 0.046039 0.055714
0 0.465203 0.538571 0.043897 0.051429
0 0.423983 0.408571 0.047109 0.051429
0 0.550857 0.601429 0.041756 0.060000
0 0.440043 0.471429 0.044968 0.057143
0 0.600642 0.600000 0.047109 0.060000
0 0.270343 0.346429 0.043897 0.055714
0 0.279443 0.412143 0.044968 0.052857
0 0.649893 0.341429 0.042827 0.051429
0 0.511242 0.538571 0.043897 0.051429
0 0.415953 0.345000 0.043897 0.055714
0 0.322805 0.347857 0.043897 0.055714
0 0.413276 0.536429 0.047109 0.058571
0 0.524090 0.455000 0.928266 0.404286
0 0.507495 0.342857 0.044968 0.057143
0 0.217345 0.539286 0.044968 0.058571
0 0.119914 0.477143 0.089936 0.054286
0 0.222163 0.346429 0.043897 0.055714
0 0.777302 0.404286 0.081370 0.060000
0 0.758030 0.465714 0.117773 0.060000
0 0.764989 0.338571 0.084582 0.054286
0 0.132227 0.540714 0.114561 0.058571
0 0.398287 0.607857 0.252677 0.061429
0 0.581906 0.470000 0.046039 0.057143
0 0.723769 0.533571 0.085653 0.058571
0 0.179336 0.346429 0.043897 0.055714
0 0.567452 0.408571 0.051392 0.057143
0 0.122056 0.345000 0.049251 0.055714
0 0.266060 0.538571 0.043897 0.057143
0 0.470021 0.409286 0.042827 0.052857
0 0.181478 0.409286 0.048180 0.058571
0 0.696467 0.338571 0.043897 0.051429
0 0.290150 0.472857 0.047109 0.057143
0 0.388651 0.470714 0.051392 0.058571
0 0.554069 0.343571 0.046039 0.055714
0 0.116702 0.410000 0.074946 0.051429
