0 0.691640 0.388996 0.038002 0.069498
0 0.407709 0.462838 0.038002 0.068533
0 0.189197 0.460425 0.059175 0.069498
0 0.434311 0.613900 0.220413 0.073359
0 0.564875 0.389479 0.038545 0.068533
0 0.660966 0.464768 0.038545 0.068533
0 0.543431 0.314189 0.039088 0.068533
0 0.639251 0.539575 0.039631 0.067568
0 0.375136 0.313707 0.038002 0.067568
0 0.291531 0.314189 0.039088 0.068533
0 0.241314 0.461390 0.037459 0.069498
0 0.386536 0.536680 0.039088 0.069498
0 0.501086 0.315154 0.038002 0.068533
0 0.324104 0.462838 0.038002 0.068533
0 0.449783 0.463320 0.038545 0.069498
0 0.736156 0.313707 0.084691 0.069498
0 0.648751 0.388996 0.039088 0.069498
0 0.183496 0.387548 0.046688 0.066602
0 0.566504 0.614865 0.039631 0.069498
0 0.344463 0.536197 0.038545 0.068533
0 0.198697 0.609073 0.081433 0.071429
0 0.533659 0.463320 0.039088 0.069498
0 0.334148 0.313707 0.037459 0.067568
0 0.606678 0.389479 0.038545 0.068533
0 0.303203 0.611969 0.038545 0.069498
0 0.250271 0.313707 0.038002 0.067568
0 0.417752 0.314189 0.038545 0.068533
0 0.303474 0.535714 0.039088 0.069498
0 0.585233 0.313224 0.038002 0.066602
0 0.628393 0.314189 0.037459 0.066602
0 0.229642 0.387548 0.039088 0.068533
0 0.282573 0.462838 0.037459 0.068533
0 0.521987 0.388514 0.037459 0.068533
0 0.438111 0.388514 0.036916 0.068533
0 0.679696 0.616313 0.030402 0.070463
0 0.480185 0.388031 0.038545 0.069498
0 0.271173 0.386100 0.037459 0.069498
0 0.511944 0.538610 0.040174 0.069498
0 0.312161 0.387548 0.038002 0.068533
0 0.261944 0.536197 0.037459 0.068533
0 0.700054 0.540058 0.072204 0.068533
0 0.492128 0.462838 0.037459 0.068533
0 0.459012 0.314189 0.037459 0.068533
0 0.731270 0.463803 0.093377 0.068533
0 0.199511 0.534266 0.079805 0.068533
0 0.554289 0.538610 0.038002 0.069498
0 0.365364 0.461390 0.038002 0.067568
0 0.618621 0.464768 0.038545 0.068533
0 0.396037 0.387548 0.037459 0.068533
0 0.209012 0.312741 0.036916 0.067568
0 0.608578 0.617278 0.040174 0.070463
0 0.747286 0.390927 0.064604 0.069498
0 0.491585 0.445463 0.701954 0.456564
0 0.174267 0.313224 0.026059 0.068533
0 0.575733 0.463803 0.038545 0.068533
0 0.596906 0.540058 0.038545 0.066602
0 0.670467 0.313707 0.038002 0.067568
0 0.427796 0.537645 0.039088 0.069498
0 0.470684 0.537645 0.039088 0.069498
0 0.354506 0.388514 0.038002 0.068533
