0 0.484899 0.491036 0.034676 0.061753
0 0.224832 0.422311 0.035794 0.063745
0 0.519016 0.566733 0.035794 0.065737
0 0.543624 0.418327 0.035794 0.063745
0 0.212528 0.349602 0.035794 0.065737
0 0.332774 0.346614 0.034676 0.063745
0 0.562640 0.272908 0.033557 0.063745
0 0.525168 0.491036 0.034676 0.061753
0 0.354586 0.567729 0.205817 0.067729
0 0.137025 0.497012 0.092841 0.065737
0 0.465324 0.398406 0.778523 0.466135
0 0.601790 0.271912 0.033557 0.061753
0 0.609620 0.343625 0.035794 0.065737
0 0.253356 0.349602 0.034676 0.065737
0 0.480425 0.565737 0.036913 0.063745
0 0.285235 0.274900 0.035794 0.063745
0 0.293065 0.348606 0.035794 0.063745
0 0.445190 0.492032 0.035794 0.063745
0 0.115772 0.278884 0.052573 0.063745
0 0.245526 0.494024 0.034676 0.063745
0 0.325503 0.494024 0.035794 0.063745
0 0.225391 0.570717 0.043624 0.065737
0 0.249441 0.280876 0.035794 0.063745
0 0.304810 0.421315 0.034676 0.065737
0 0.172819 0.349602 0.036913 0.065737
0 0.503915 0.418327 0.034676 0.063745
0 0.373043 0.347610 0.034676 0.065737
0 0.204698 0.275896 0.035794 0.065737
0 0.444072 0.272908 0.035794 0.063745
0 0.619687 0.490040 0.067114 0.063745
0 0.164430 0.276892 0.035794 0.063745
0 0.424497 0.418327 0.034676 0.063745
0 0.125280 0.425299 0.071588 0.065737
0 0.384228 0.419323 0.034676 0.061753
0 0.205257 0.496016 0.034676 0.063745
0 0.285235 0.494024 0.035794 0.063745
0 0.344519 0.420319 0.035794 0.063745
0 0.413311 0.345618 0.034676 0.065737
0 0.523490 0.272908 0.035794 0.063745
0 0.405481 0.492032 0.034676 0.063745
0 0.569911 0.344622 0.034676 0.063745
0 0.563758 0.490040 0.035794 0.063745
0 0.124161 0.572709 0.071588 0.065737
0 0.365213 0.493028 0.036913 0.065737
0 0.184564 0.423307 0.035794 0.065737
0 0.119687 0.350598 0.060403 0.063745
0 0.324944 0.274900 0.034676 0.063745
0 0.598434 0.564741 0.035794 0.065737
0 0.531879 0.344622 0.034676 0.063745
0 0.452461 0.344622 0.034676 0.063745
0 0.492170 0.344622 0.035794 0.063745
0 0.404362 0.273904 0.034676 0.065737
0 0.265101 0.421315 0.035794 0.065737
0 0.656040 0.270916 0.063758 0.063745
0 0.647651 0.415339 0.085011 0.065737
0 0.484340 0.272908 0.035794 0.063745
0 0.364653 0.274900 0.035794 0.063745
0 0.464206 0.417331 0.035794 0.065737
0 0.661633 0.343625 0.059284 0.061753
0 0.582215 0.417331 0.034676 0.065737
