0 0.315815 0.472177 0.026523 0.045827
0 0.382122 0.623159 0.026523 0.046645
0 0.603880 0.572422 0.026031 0.046645
0 0.493369 0.472177 0.026031 0.045827
0 0.502456 0.560966 0.523576 0.305237
0 0.574656 0.572422 0.026523 0.046645
0 0.352652 0.674304 0.026523 0.045827
0 0.529961 0.622750 0.025540 0.045827
0 0.587672 0.673895 0.022102 0.046645
0 0.581778 0.472586 0.026031 0.045008
0 0.559430 0.622340 0.025540 0.045008
0 0.626965 0.622750 0.041749 0.045827
0 0.530697 0.673895 0.027014 0.046645
0 0.419941 0.522095 0.025540 0.045827
0 0.625982 0.522095 0.027014 0.045827
0 0.552308 0.472177 0.026031 0.045827
0 0.434676 0.472177 0.026523 0.045827
0 0.277996 0.673895 0.056974 0.046645
0 0.648330 0.572013 0.055992 0.045827
0 0.471022 0.622750 0.026523 0.045827
0 0.486248 0.572013 0.025540 0.045827
0 0.523084 0.472586 0.026523 0.045008
0 0.652014 0.472177 0.048625 0.045827
0 0.611002 0.472586 0.025540 0.045008
0 0.463654 0.472177 0.025540 0.045827
0 0.300835 0.521277 0.027014 0.045827
0 0.270874 0.573241 0.039784 0.045008
0 0.441552 0.674304 0.143418 0.045827
0 0.544695 0.572422 0.025540 0.046645
0 0.596513 0.522095 0.026031 0.045827
0 0.396857 0.572013 0.025540 0.045827
0 0.266945 0.522504 0.032908 0.045008
0 0.260314 0.471768 0.017682 0.045008
0 0.658890 0.522913 0.033890 0.045827
0 0.323428 0.622750 0.026031 0.045827
0 0.441798 0.621931 0.027014 0.045827
0 0.330796 0.521277 0.026031 0.045827
0 0.278487 0.622750 0.055992 0.045827
0 0.500491 0.621931 0.026523 0.045827
0 0.537328 0.522095 0.026523 0.045827
0 0.285855 0.471768 0.025540 0.045008
0 0.448919 0.522095 0.025540 0.045827
0 0.507859 0.522095 0.025540 0.045827
0 0.515226 0.572422 0.025540 0.046645
0 0.426572 0.572013 0.026031 0.045827
0 0.367633 0.572422 0.026031 0.046645
0 0.353389 0.622750 0.026031 0.045827
0 0.566798 0.522095 0.025540 0.045827
0 0.456532 0.572831 0.026031 0.045827
0 0.346022 0.472177 0.026031 0.045827
0 0.588409 0.621931 0.026523 0.045827
0 0.560167 0.674304 0.027014 0.045827
0 0.375246 0.472586 0.025540 0.045008
0 0.308694 0.572831 0.027014 0.045827
0 0.412328 0.621931 0.026031 0.045827
0 0.478389 0.522504 0.025540 0.046645
0 0.404715 0.472177 0.026523 0.045827
0 0.360265 0.522095 0.026031 0.045827
0 0.390226 0.522095 0.026031 0.045827
0 0.337917 0.572422 0.026523 0.046645
