0 0.034428 0.398113 0.066737 0.132075
0 0.590042 0.246226 0.146186 0.133962
0 0.115996 0.395283 0.085805 0.122642
0 0.467161 0.251887 0.080508 0.122642
0 0.202331 0.251887 0.080508 0.122642
0 0.033369 0.255660 0.064619 0.122642
0 0.271186 0.710377 0.091102 0.149057
0 0.577331 0.543396 0.209746 0.139623
0 0.073093 0.716981 0.095339 0.154717
0 0.605403 0.395283 0.138771 0.133962
0 0.291314 0.251887 0.080508 0.122642
0 0.501059 0.528302 1.000000 0.947170
0 0.488347 0.393396 0.080508 0.122642
0 0.171610 0.712264 0.093220 0.149057
0 0.511653 0.701887 0.173729 0.147170
0 0.227225 0.545283 0.087924 0.139623
0 0.249470 0.890566 0.096398 0.169811
0 0.420021 0.541509 0.085805 0.135849
0 0.146186 0.891509 0.099576 0.167925
0 0.455508 0.883962 0.095339 0.167925
0 0.041843 0.552830 0.081568 0.143396
0 0.371822 0.706604 0.091102 0.149057
0 0.393008 0.389623 0.080508 0.122642
0 0.113347 0.257547 0.080508 0.122642
0 0.323623 0.544340 0.085805 0.141509
0 0.130826 0.548113 0.090042 0.145283
0 0.300847 0.391509 0.082627 0.126415
0 0.380297 0.253774 0.080508 0.122642
0 0.209216 0.393396 0.085805 0.126415
