0 0.758125 0.343464 0.087500 0.050791
0 0.307812 0.396753 0.043125 0.054122
0 0.456875 0.453372 0.043750 0.055787
0 0.163438 0.571607 0.070625 0.059117
0 0.287500 0.341799 0.042500 0.052456
0 0.162500 0.344713 0.028750 0.048293
0 0.243750 0.342631 0.042500 0.050791
0 0.500625 0.442548 0.777500 0.355537
0 0.218125 0.397169 0.043750 0.053289
0 0.581562 0.396336 0.043125 0.053289
0 0.247812 0.512073 0.044375 0.056619
0 0.364687 0.453372 0.043125 0.055787
0 0.730313 0.512073 0.079375 0.056619
0 0.421875 0.341382 0.042500 0.051624
0 0.595000 0.452956 0.042500 0.054954
0 0.410625 0.453789 0.043750 0.054954
0 0.480000 0.512073 0.045000 0.056619
0 0.715625 0.397585 0.042500 0.052456
0 0.612187 0.573272 0.045625 0.057452
0 0.526875 0.512490 0.045000 0.057452
0 0.665625 0.512073 0.045000 0.054954
0 0.331875 0.340550 0.041250 0.051624
0 0.626875 0.397169 0.042500 0.053289
0 0.773125 0.398834 0.068750 0.053289
0 0.386875 0.512073 0.045000 0.056619
0 0.168437 0.397169 0.051875 0.053289
0 0.760312 0.453789 0.099375 0.054954
0 0.601875 0.341382 0.042500 0.051624
0 0.199375 0.342631 0.041250 0.050791
0 0.706250 0.572440 0.045000 0.057452
0 0.565312 0.572440 0.045625 0.057452
0 0.535625 0.395087 0.042500 0.052456
0 0.376563 0.341382 0.043125 0.051624
0 0.179375 0.511241 0.090000 0.058285
0 0.293750 0.511657 0.043750 0.055787
0 0.671250 0.397169 0.041250 0.053289
0 0.690625 0.341799 0.041250 0.050791
0 0.433750 0.512906 0.045000 0.056619
0 0.573125 0.511657 0.043750 0.055787
0 0.490000 0.395920 0.042500 0.054122
0 0.170937 0.453789 0.065625 0.054954
0 0.398750 0.396336 0.042500 0.053289
0 0.227813 0.453372 0.043125 0.055787
0 0.340000 0.512490 0.045000 0.055787
0 0.319063 0.453789 0.043125 0.054954
0 0.641250 0.454621 0.043750 0.054954
0 0.511875 0.340966 0.042500 0.052456
0 0.262813 0.396753 0.043125 0.054122
0 0.444688 0.396753 0.043125 0.054122
0 0.686562 0.453789 0.043125 0.054954
0 0.268125 0.571607 0.045000 0.057452
0 0.557187 0.341382 0.043125 0.051624
0 0.273125 0.453789 0.043750 0.054954
0 0.467187 0.340966 0.041875 0.052456
0 0.503437 0.453372 0.043125 0.055787
0 0.549063 0.453372 0.043125 0.055787
0 0.416563 0.572856 0.250625 0.059950
0 0.353438 0.396753 0.043125 0.054122
0 0.619687 0.512073 0.043125 0.054954
0 0.646250 0.341799 0.041250 0.050791
