0 0.082423 0.739045 0.079235 0.036776
0 0.403005 0.593505 0.035519 0.027387
0 0.111566 0.699922 0.108379 0.033646
0 0.363843 0.695618 0.040984 0.034429
0 0.542805 0.621674 0.038251 0.030516
0 0.451730 0.693662 0.040073 0.033646
0 0.501821 0.622848 0.038251 0.029734
0 0.187158 0.699531 0.040984 0.032864
0 0.111111 0.599765 0.045537 0.025822
0 0.192168 0.737089 0.052823 0.035994
0 0.293716 0.627543 0.037341 0.029734
0 0.558288 0.655712 0.040073 0.031299
0 0.563752 0.590376 0.036430 0.025822
0 0.198087 0.597809 0.039162 0.028169
0 0.460838 0.624022 0.036430 0.028951
0 0.658470 0.589593 0.063752 0.025822
0 0.110656 0.630673 0.068306 0.029734
0 0.539617 0.692097 0.039162 0.032081
0 0.338342 0.733959 0.232240 0.037559
0 0.523224 0.590767 0.037341 0.026604
0 0.430328 0.658059 0.037341 0.031299
0 0.377505 0.625978 0.037341 0.029734
0 0.611111 0.728873 0.041894 0.035211
0 0.495446 0.692879 0.038251 0.032081
0 0.442623 0.592332 0.036430 0.026604
0 0.251821 0.627934 0.039162 0.030516
0 0.239071 0.596635 0.039162 0.028951
0 0.280055 0.595853 0.037341 0.028951
0 0.583789 0.691315 0.040073 0.032081
0 0.524590 0.730047 0.041894 0.034429
0 0.108379 0.663928 0.081967 0.032081
0 0.214936 0.663146 0.040073 0.032081
0 0.626594 0.620501 0.040073 0.029734
0 0.673042 0.620501 0.047359 0.029734
0 0.419399 0.624804 0.037341 0.030516
0 0.320583 0.696401 0.040073 0.034429
0 0.231330 0.698748 0.040073 0.032864
0 0.664390 0.653756 0.079235 0.032081
0 0.477231 0.731221 0.041894 0.035211
0 0.258197 0.661972 0.039162 0.032864
0 0.320583 0.595070 0.036430 0.027387
0 0.601548 0.655321 0.039162 0.032081
0 0.344718 0.660016 0.039162 0.032081
0 0.637523 0.690532 0.061931 0.033646
0 0.604736 0.589984 0.036430 0.026604
0 0.515483 0.656495 0.038251 0.031299
0 0.408015 0.694836 0.040073 0.032864
0 0.171676 0.663928 0.040984 0.032081
0 0.209016 0.628717 0.039162 0.030516
0 0.483151 0.591941 0.037341 0.027387
0 0.166667 0.630282 0.040073 0.030516
0 0.361566 0.593897 0.036430 0.028169
0 0.473133 0.657277 0.037341 0.031299
0 0.387523 0.659233 0.037341 0.030516
0 0.275501 0.697574 0.040984 0.033646
0 0.301913 0.661189 0.039162 0.031299
0 0.482240 0.651017 0.880692 0.233177
0 0.585610 0.621283 0.038251 0.029734
0 0.335610 0.626369 0.037341 0.030516
0 0.156648 0.598983 0.038251 0.027387
