0 0.419881 0.243884 0.047478 0.093272
0 0.337537 0.337156 0.051929 0.096330
0 0.561944 0.448012 0.048220 0.097859
0 0.443620 0.341743 0.050445 0.096330
0 0.427671 0.549694 0.051187 0.105505
0 0.117582 0.331040 0.055638 0.099388
0 0.100519 0.230887 0.052671 0.094801
0 0.179154 0.435015 0.054154 0.102446
0 0.673961 0.253058 0.046736 0.090214
0 0.402077 0.443425 0.051929 0.100917
0 0.314911 0.238532 0.049703 0.091743
0 0.372033 0.546636 0.055638 0.105505
0 0.651335 0.351682 0.048961 0.097859
0 0.509273 0.447248 0.049703 0.099388
0 0.291543 0.437309 0.051929 0.100917
0 0.201409 0.542049 0.051187 0.102446
0 0.750742 0.353211 0.043027 0.091743
0 0.259644 0.542049 0.053412 0.102446
0 0.558234 0.660550 0.051187 0.107034
0 0.123887 0.433486 0.054896 0.102446
0 0.075297 0.653670 0.052671 0.105505
0 0.390950 0.339450 0.051929 0.097859
0 0.534866 0.551223 0.050445 0.105505
0 0.500742 0.428899 1.000000 0.659021
0 0.172478 0.331804 0.054154 0.100917
0 0.235163 0.435780 0.053412 0.103976
0 0.143175 0.540520 0.050445 0.102446
0 0.599407 0.347095 0.048961 0.091743
0 0.228487 0.333333 0.054896 0.100917
0 0.261128 0.236239 0.051929 0.096330
0 0.668027 0.664373 0.052671 0.105505
0 0.455861 0.445719 0.051187 0.102446
0 0.496662 0.344037 0.048220 0.091743
0 0.623145 0.253823 0.047478 0.091743
0 0.189911 0.655963 0.051929 0.110092
0 0.573813 0.252294 0.046736 0.094801
0 0.248887 0.656728 0.052671 0.111621
0 0.614614 0.448777 0.049703 0.096330
0 0.733309 0.256881 0.066024 0.088685
0 0.643546 0.555046 0.049703 0.100917
0 0.053412 0.233180 0.043027 0.090214
0 0.347181 0.438838 0.051929 0.100917
0 0.734421 0.452599 0.081602 0.094801
0 0.058234 0.537462 0.112018 0.105505
0 0.703635 0.557339 0.064540 0.102446
0 0.208457 0.233945 0.053412 0.097859
0 0.316766 0.543578 0.051929 0.102446
0 0.405415 0.658257 0.245549 0.114679
0 0.587908 0.551988 0.049703 0.100917
0 0.470697 0.249235 0.048220 0.097859
0 0.547849 0.347095 0.051187 0.094801
0 0.481825 0.551223 0.051187 0.105505
0 0.283383 0.334098 0.053412 0.096330
0 0.702893 0.353211 0.048220 0.094801
0 0.367953 0.242355 0.050445 0.093272
0 0.153561 0.232416 0.053412 0.097859
0 0.667285 0.451070 0.048220 0.094801
0 0.522997 0.250000 0.047478 0.093272
0 0.052300 0.432722 0.083828 0.100917
0 0.055638 0.328746 0.071217 0.097859
