0 0.062500 0.694179 0.080556 0.037480
0 0.388426 0.545853 0.036111 0.027911
0 0.092130 0.654306 0.110185 0.034290
0 0.348611 0.649920 0.041667 0.035088
0 0.530556 0.574561 0.038889 0.031100
0 0.437963 0.647927 0.040741 0.034290
0 0.488889 0.575758 0.038889 0.030303
0 0.168981 0.653907 0.041667 0.033493
0 0.091667 0.552233 0.046296 0.026316
0 0.174074 0.692185 0.053704 0.036683
0 0.277315 0.580542 0.037963 0.030303
0 0.546296 0.609250 0.040741 0.031898
0 0.551852 0.542663 0.037037 0.026316
0 0.180093 0.550239 0.039815 0.028708
0 0.447222 0.576954 0.037037 0.029506
0 0.648148 0.541866 0.064815 0.026316
0 0.091204 0.583732 0.069444 0.030303
0 0.527315 0.646332 0.039815 0.032695
0 0.322685 0.688995 0.236111 0.038278
0 0.510648 0.543062 0.037963 0.027113
0 0.416204 0.611643 0.037963 0.031898
0 0.362500 0.578947 0.037963 0.030303
0 0.600000 0.683812 0.042593 0.035885
0 0.482407 0.647129 0.038889 0.032695
0 0.428704 0.544657 0.037037 0.027113
0 0.234722 0.580941 0.039815 0.031100
0 0.221759 0.549043 0.039815 0.029506
0 0.263426 0.548246 0.037963 0.029506
0 0.572222 0.645534 0.040741 0.032695
0 0.512037 0.685008 0.042593 0.035088
0 0.088889 0.617624 0.083333 0.032695
0 0.197222 0.616826 0.040741 0.032695
0 0.615741 0.573365 0.040741 0.030303
0 0.662963 0.573365 0.048148 0.030303
0 0.405093 0.577751 0.037963 0.031100
0 0.304630 0.650718 0.040741 0.035088
0 0.213889 0.653110 0.040741 0.033493
0 0.654167 0.607257 0.080556 0.032695
0 0.463889 0.686204 0.042593 0.035885
0 0.241204 0.615630 0.039815 0.033493
0 0.304630 0.547448 0.037037 0.027911
0 0.590278 0.608852 0.039815 0.032695
0 0.329167 0.613636 0.039815 0.032695
0 0.626852 0.644737 0.062963 0.034290
0 0.593519 0.542265 0.037037 0.027113
0 0.502778 0.610048 0.038889 0.031898
0 0.393519 0.649123 0.040741 0.033493
0 0.153241 0.617624 0.041667 0.032695
0 0.191204 0.581738 0.039815 0.031100
0 0.469907 0.544258 0.037963 0.027911
0 0.148148 0.583333 0.040741 0.031100
0 0.346296 0.546252 0.037037 0.028708
0 0.459722 0.610845 0.037963 0.031898
0 0.372685 0.612839 0.037963 0.031100
0 0.258796 0.651914 0.041667 0.034290
0 0.285648 0.614833 0.039815 0.031898
0 0.468981 0.604466 0.895370 0.237640
0 0.574074 0.574163 0.038889 0.030303
0 0.319907 0.579346 0.037963 0.031100
0 0.137963 0.551435 0.038889 0.027911
