0 0.640581 0.382325 0.044618 0.055766
0 0.833924 0.324669 0.072946 0.053875
0 0.395538 0.382798 0.044618 0.054820
0 0.504958 0.267958 0.043909 0.051985
0 0.696176 0.267958 0.043909 0.051985
0 0.626062 0.324197 0.045326 0.052930
0 0.567989 0.441399 0.046742 0.056711
0 0.786473 0.441399 0.084278 0.056711
0 0.817635 0.268431 0.095609 0.052930
0 0.553116 0.267958 0.043909 0.051985
0 0.592068 0.381853 0.045326 0.056711
0 0.218839 0.267486 0.043909 0.051040
0 0.543201 0.380907 0.045326 0.056711
0 0.819405 0.382325 0.109065 0.055766
0 0.320113 0.440926 0.046742 0.055766
0 0.722734 0.324669 0.044618 0.053875
0 0.432720 0.323724 0.043909 0.053875
0 0.689802 0.382798 0.045326 0.054820
0 0.347025 0.382325 0.045326 0.055766
0 0.335694 0.323724 0.045326 0.053875
0 0.577904 0.323251 0.043909 0.052930
0 0.361898 0.267958 0.043909 0.051985
0 0.266997 0.268431 0.045326 0.052930
0 0.716006 0.442344 0.046742 0.054820
0 0.529745 0.323724 0.045326 0.053875
0 0.648371 0.267958 0.044618 0.051985
0 0.760269 0.503781 0.047450 0.058601
0 0.770892 0.324669 0.046034 0.053875
0 0.293201 0.501890 0.048159 0.058601
0 0.738669 0.382798 0.045326 0.054820
0 0.270538 0.440926 0.046742 0.055766
0 0.667139 0.441871 0.045326 0.055766
0 0.419263 0.441871 0.046742 0.055766
0 0.248938 0.381380 0.046034 0.055766
0 0.493980 0.381853 0.044618 0.054820
0 0.316572 0.268904 0.043909 0.051985
0 0.410057 0.268904 0.045326 0.051985
0 0.743980 0.268431 0.043201 0.051040
0 0.617564 0.441871 0.046742 0.055766
0 0.177762 0.269849 0.031161 0.048204
0 0.481232 0.324197 0.044618 0.054820
0 0.178470 0.500945 0.076487 0.058601
0 0.287535 0.323724 0.045326 0.055766
0 0.185198 0.322779 0.055949 0.051985
0 0.297805 0.382325 0.046034 0.055766
0 0.369688 0.441399 0.046742 0.056711
0 0.457507 0.268431 0.045326 0.051040
0 0.187323 0.379962 0.070113 0.054820
0 0.444759 0.382798 0.045326 0.054820
0 0.239377 0.323724 0.046742 0.053875
0 0.674575 0.324669 0.044618 0.053875
0 0.519122 0.441399 0.048159 0.056711
0 0.608357 0.502836 0.048159 0.058601
0 0.600921 0.267958 0.044618 0.051985
0 0.195822 0.439036 0.097025 0.057656
0 0.658640 0.505198 0.046742 0.057656
0 0.540722 0.378544 0.832153 0.356333
0 0.384207 0.324197 0.044618 0.054820
0 0.469193 0.442344 0.047450 0.056711
0 0.450779 0.502836 0.264164 0.060491
