0 0.328750 0.589583 0.043750 0.059167
0 0.305000 0.524583 0.041250 0.055833
0 0.541875 0.522500 0.041250 0.056667
0 0.193750 0.460417 0.042500 0.057500
0 0.080000 0.461250 0.072500 0.055833
0 0.255625 0.525000 0.043750 0.056667
0 0.528438 0.459167 0.041875 0.056667
0 0.574688 0.459167 0.041875 0.056667
0 0.270937 0.395833 0.043125 0.056667
0 0.222500 0.395417 0.045000 0.055833
0 0.620938 0.459167 0.043125 0.056667
0 0.613125 0.586667 0.042500 0.056667
0 0.482187 0.458750 0.041875 0.055833
0 0.638750 0.652500 0.042500 0.058333
0 0.415312 0.397083 0.040625 0.055833
0 0.554375 0.396667 0.042500 0.055000
0 0.635312 0.522083 0.043125 0.057500
0 0.646250 0.395833 0.041250 0.055000
0 0.668438 0.458333 0.041875 0.056667
0 0.076563 0.660833 0.078125 0.058333
0 0.367812 0.396250 0.043125 0.055833
0 0.070625 0.396250 0.052500 0.055833
0 0.205937 0.525417 0.044375 0.057500
0 0.588750 0.522500 0.041250 0.056667
0 0.704688 0.521250 0.085625 0.055833
0 0.508125 0.396667 0.041250 0.055000
0 0.720625 0.458333 0.051250 0.056667
0 0.494375 0.506667 0.927500 0.396667
0 0.461250 0.397083 0.042500 0.055833
0 0.671562 0.585833 0.064375 0.056667
0 0.401250 0.523750 0.042500 0.055833
0 0.498437 0.652917 0.043125 0.060833
0 0.144687 0.460833 0.044375 0.056667
0 0.495625 0.522917 0.041250 0.055833
0 0.194062 0.658750 0.054375 0.057500
0 0.566875 0.586250 0.041250 0.055833
0 0.280000 0.590000 0.043750 0.058333
0 0.230625 0.591250 0.043750 0.057500
0 0.472187 0.587500 0.043125 0.058333
0 0.353125 0.523750 0.042500 0.057500
0 0.157188 0.526250 0.043125 0.057500
0 0.435000 0.460000 0.042500 0.056667
0 0.425000 0.587917 0.042500 0.057500
0 0.097812 0.592083 0.111875 0.059167
0 0.086250 0.526250 0.087500 0.055833
0 0.350625 0.655833 0.247500 0.061667
0 0.124375 0.396250 0.042500 0.055833
0 0.181250 0.592083 0.042500 0.057500
0 0.243438 0.460417 0.044375 0.057500
0 0.448750 0.522500 0.041250 0.055000
0 0.519375 0.587083 0.041250 0.057500
0 0.548125 0.651667 0.043750 0.058333
0 0.709063 0.395417 0.071875 0.055833
0 0.388437 0.460417 0.041875 0.055833
0 0.319063 0.396250 0.043125 0.055833
0 0.173750 0.395417 0.045000 0.057500
0 0.292500 0.460833 0.043750 0.056667
0 0.340625 0.460000 0.042500 0.056667
0 0.600313 0.396667 0.040625 0.055000
0 0.377188 0.588333 0.043125 0.058333
