0 0.265625 0.527083 0.062500 0.083333
0 0.201172 0.203646 0.061719 0.078125
0 0.766406 0.449479 0.057813 0.078125
0 0.871094 0.216146 0.075000 0.071875
0 0.507812 0.209375 0.059375 0.077083
0 0.585547 0.447917 0.060156 0.081250
0 0.803125 0.215104 0.054688 0.073958
0 0.675781 0.367708 0.057813 0.079167
0 0.885938 0.295833 0.046875 0.077083
0 0.833203 0.293229 0.055469 0.078125
0 0.645703 0.446875 0.058594 0.079167
0 0.735156 0.369792 0.057813 0.079167
0 0.537500 0.286979 0.060937 0.078125
0 0.794531 0.527604 0.057813 0.080208
0 0.463281 0.445833 0.062500 0.081250
0 0.447266 0.208333 0.058594 0.079167
0 0.096875 0.279687 0.078125 0.078125
0 0.321484 0.529167 0.052344 0.085417
0 0.867578 0.370833 0.088281 0.075000
0 0.494141 0.365625 0.060156 0.077083
0 0.717187 0.290104 0.057813 0.076042
0 0.184375 0.361979 0.062500 0.080208
0 0.793750 0.370312 0.056250 0.078125
0 0.082422 0.203125 0.047656 0.079167
0 0.555859 0.366146 0.060156 0.076042
0 0.416016 0.285938 0.058594 0.078125
0 0.340625 0.445833 0.062500 0.081250
0 0.476172 0.286979 0.060156 0.080208
0 0.687500 0.214062 0.057813 0.078125
0 0.524609 0.447396 0.060156 0.080208
0 0.385156 0.206771 0.059375 0.078125
0 0.325391 0.205208 0.058594 0.079167
0 0.599219 0.286979 0.057813 0.073958
0 0.083594 0.527604 0.064062 0.086458
0 0.139063 0.202604 0.060937 0.080208
0 0.104297 0.360938 0.097656 0.080208
0 0.507031 0.344792 0.929688 0.491667
0 0.278125 0.445312 0.062500 0.082292
0 0.432031 0.365104 0.059375 0.080208
0 0.657422 0.288542 0.060156 0.077083
0 0.496484 0.528125 0.296094 0.081250
0 0.247266 0.363542 0.061719 0.081250
0 0.168359 0.283333 0.063281 0.081250
0 0.371094 0.365104 0.059375 0.078125
0 0.675781 0.528125 0.060937 0.081250
0 0.568750 0.211458 0.057813 0.079167
0 0.230078 0.282813 0.061719 0.080208
0 0.628516 0.211979 0.058594 0.078125
0 0.616016 0.367188 0.058594 0.080208
0 0.119922 0.441667 0.128906 0.079167
0 0.309375 0.364583 0.062500 0.081250
0 0.216016 0.444792 0.061719 0.081250
0 0.354687 0.285938 0.060937 0.080208
0 0.292969 0.284896 0.062500 0.082292
0 0.745313 0.215625 0.056250 0.077083
0 0.775391 0.291667 0.057031 0.079167
0 0.706641 0.446875 0.058594 0.077083
0 0.401953 0.446354 0.061719 0.080208
0 0.832031 0.448437 0.073438 0.076042
0 0.262891 0.204167 0.063281 0.081250
