0 0.559633 0.555507 0.032765 0.041084
0 0.601573 0.463724 0.031455 0.039336
0 0.378768 0.555944 0.032765 0.041958
0 0.454456 0.420892 0.030799 0.039336
0 0.205767 0.423077 0.045872 0.038462
0 0.246723 0.422203 0.030799 0.040210
0 0.558978 0.419580 0.031455 0.038462
0 0.403997 0.603584 0.189384 0.044580
0 0.197248 0.602710 0.064220 0.042832
0 0.488860 0.420455 0.031455 0.038462
0 0.636632 0.464161 0.032110 0.040210
0 0.206094 0.510490 0.063565 0.040210
0 0.397772 0.510052 0.031455 0.041084
0 0.319135 0.465035 0.031455 0.040210
0 0.433486 0.510052 0.032110 0.041084
0 0.286042 0.603584 0.041284 0.044580
0 0.389253 0.464598 0.031455 0.039336
0 0.362385 0.509615 0.031455 0.040210
0 0.682503 0.464161 0.053080 0.040210
0 0.326671 0.510052 0.032110 0.041084
0 0.284404 0.465035 0.031455 0.040210
0 0.646789 0.555070 0.062910 0.041958
0 0.281127 0.422203 0.031455 0.040210
0 0.505570 0.508741 0.032110 0.041958
0 0.349607 0.421329 0.030799 0.038462
0 0.291284 0.510490 0.032110 0.041958
0 0.414810 0.555944 0.034076 0.041958
0 0.212647 0.556381 0.083224 0.041084
0 0.507864 0.499563 0.695937 0.282343
0 0.451180 0.555944 0.033421 0.041958
0 0.419397 0.420455 0.031455 0.038462
0 0.612713 0.509178 0.032765 0.041084
0 0.628768 0.420017 0.030799 0.037587
0 0.315203 0.421766 0.031455 0.039336
0 0.595675 0.555507 0.032765 0.041084
0 0.205439 0.465909 0.053080 0.040210
0 0.424640 0.464161 0.031455 0.040210
0 0.307339 0.556381 0.032765 0.041084
0 0.271625 0.556381 0.032110 0.041084
0 0.343054 0.556381 0.033421 0.041084
0 0.576999 0.509178 0.032110 0.041084
0 0.495413 0.463724 0.031455 0.039336
0 0.250000 0.465909 0.032110 0.040210
0 0.487221 0.555944 0.033421 0.041958
0 0.555046 0.603147 0.034076 0.043706
0 0.677261 0.420455 0.059633 0.038462
0 0.566186 0.463724 0.031455 0.039336
0 0.530799 0.464161 0.032765 0.040210
0 0.524246 0.419580 0.031455 0.038462
0 0.594037 0.420455 0.030799 0.038462
0 0.628113 0.602710 0.033421 0.044580
0 0.354522 0.465035 0.031455 0.040210
0 0.671691 0.508741 0.078637 0.041958
0 0.469528 0.509178 0.032110 0.041084
0 0.540957 0.509178 0.032110 0.041084
0 0.384010 0.421329 0.031455 0.038462
0 0.256225 0.510490 0.032765 0.041958
0 0.517693 0.604021 0.034076 0.043706
0 0.460026 0.464161 0.031455 0.040210
0 0.523591 0.555944 0.032765 0.041958
