0 0.392573 0.572438 0.213528 0.049470
0 0.613064 0.420053 0.035146 0.043286
0 0.243369 0.520760 0.037135 0.045053
0 0.644894 0.572438 0.037798 0.047703
0 0.506300 0.469081 0.036472 0.045936
0 0.293103 0.374117 0.034483 0.043286
0 0.445623 0.519876 0.037135 0.046820
0 0.405172 0.520318 0.037135 0.045936
0 0.415451 0.420495 0.035146 0.044170
0 0.506963 0.458922 0.784483 0.311837
0 0.176724 0.519435 0.093501 0.047703
0 0.487401 0.372792 0.034483 0.042403
0 0.526857 0.372350 0.035146 0.041519
0 0.323939 0.520318 0.037798 0.045936
0 0.170093 0.375442 0.051061 0.040636
0 0.703581 0.422261 0.059682 0.042403
0 0.254310 0.374117 0.035146 0.043286
0 0.425398 0.469523 0.036472 0.045053
0 0.692308 0.469523 0.088859 0.045053
0 0.665451 0.519876 0.069629 0.046820
0 0.534151 0.420053 0.036472 0.043286
0 0.608422 0.520318 0.037798 0.044170
0 0.652520 0.420936 0.035809 0.043286
0 0.265584 0.470406 0.036472 0.045053
0 0.385279 0.469523 0.035809 0.045053
0 0.370358 0.373233 0.035146 0.041519
0 0.520889 0.572880 0.037798 0.048587
0 0.565318 0.372792 0.035146 0.042403
0 0.336538 0.420936 0.035146 0.043286
0 0.546088 0.469523 0.036472 0.045053
0 0.494695 0.419170 0.035809 0.043286
0 0.567971 0.519876 0.036472 0.045053
0 0.159151 0.571555 0.072944 0.047703
0 0.219164 0.421378 0.036472 0.044170
0 0.305703 0.469965 0.035809 0.045936
0 0.169761 0.469965 0.071618 0.045936
0 0.258289 0.421378 0.035146 0.044170
0 0.573939 0.420053 0.035146 0.043286
0 0.642905 0.373675 0.033820 0.040636
0 0.626326 0.469523 0.036472 0.045053
0 0.409483 0.372792 0.035146 0.042403
0 0.586538 0.469523 0.036472 0.045053
0 0.169098 0.421820 0.059682 0.043286
0 0.376326 0.420495 0.035146 0.042403
0 0.527188 0.519876 0.037135 0.045053
0 0.604443 0.373675 0.033820 0.040636
0 0.448276 0.372792 0.034483 0.042403
0 0.226459 0.469965 0.036472 0.045936
0 0.215849 0.374117 0.035146 0.043286
0 0.297414 0.421378 0.036472 0.044170
0 0.563660 0.571996 0.038462 0.048587
0 0.364721 0.520760 0.037135 0.046820
0 0.455239 0.420495 0.035146 0.044170
0 0.345491 0.469965 0.035809 0.044170
0 0.486406 0.519876 0.037798 0.046820
0 0.466180 0.469081 0.035809 0.045936
0 0.283820 0.520318 0.037135 0.045936
0 0.331565 0.373233 0.034483 0.041519
0 0.696618 0.374117 0.065650 0.041519
0 0.259284 0.571996 0.046419 0.048587
