0 0.558690 0.313581 0.031777 0.037197
0 0.578145 0.399221 0.033074 0.042388
0 0.597925 0.445502 0.033722 0.041522
0 0.676719 0.399654 0.082361 0.041522
0 0.603437 0.355104 0.033074 0.040657
0 0.631971 0.493080 0.035668 0.044983
0 0.446498 0.443772 0.034371 0.043253
0 0.304799 0.311851 0.032425 0.038927
0 0.269455 0.312716 0.033074 0.038927
0 0.235733 0.354239 0.034371 0.042388
0 0.529507 0.355104 0.033074 0.040657
0 0.390078 0.397924 0.033074 0.043253
0 0.455901 0.353806 0.032425 0.043253
0 0.515888 0.493512 0.035668 0.045848
0 0.486706 0.312716 0.031777 0.038927
0 0.407912 0.443772 0.035019 0.043253
0 0.630674 0.313149 0.031777 0.038062
0 0.377432 0.312284 0.032425 0.038062
0 0.187095 0.397491 0.068093 0.042388
0 0.352464 0.397924 0.033074 0.043253
0 0.308366 0.353806 0.033074 0.043253
0 0.233787 0.312284 0.031777 0.038062
0 0.450389 0.312284 0.031777 0.039792
0 0.556420 0.491782 0.036316 0.045848
0 0.277886 0.398356 0.034371 0.042388
0 0.427367 0.397924 0.033722 0.043253
0 0.615110 0.399221 0.033074 0.042388
0 0.187743 0.353806 0.056420 0.039792
0 0.271725 0.353374 0.033722 0.042388
0 0.639754 0.355104 0.033074 0.042388
0 0.240921 0.397924 0.034371 0.043253
0 0.492866 0.353806 0.032425 0.041522
0 0.484436 0.444204 0.035019 0.044118
0 0.413748 0.312284 0.032425 0.038062
0 0.681258 0.313149 0.060311 0.039792
0 0.518482 0.390138 0.780156 0.288927
0 0.418612 0.353806 0.033074 0.041522
0 0.559987 0.445069 0.033074 0.040657
0 0.341115 0.312284 0.032425 0.038062
0 0.369326 0.443772 0.034371 0.044983
0 0.502918 0.398356 0.033074 0.042388
0 0.269780 0.490484 0.044099 0.046713
0 0.522698 0.313149 0.032425 0.038062
0 0.191634 0.441609 0.088846 0.045848
0 0.687095 0.355104 0.055123 0.040657
0 0.566472 0.355104 0.033074 0.040657
0 0.315175 0.397924 0.033722 0.043253
0 0.331388 0.443339 0.035019 0.044118
0 0.594682 0.314014 0.032425 0.036332
0 0.345331 0.353806 0.033074 0.041522
0 0.540208 0.398789 0.032425 0.041522
0 0.465305 0.398356 0.033074 0.044118
0 0.255512 0.443339 0.033722 0.042388
0 0.395266 0.492215 0.201686 0.044983
0 0.381971 0.352941 0.032425 0.041522
0 0.293450 0.443772 0.034371 0.043253
0 0.174449 0.490052 0.070039 0.045848
0 0.651751 0.443772 0.064851 0.044983
0 0.522374 0.444637 0.033074 0.041522
0 0.190013 0.313149 0.049287 0.036332
