0 0.128488 0.691989 0.038372 0.102210
0 0.017442 0.458564 0.032558 0.104972
0 0.550000 0.573204 0.039535 0.102210
0 0.473837 0.689227 0.038372 0.102210
0 0.606395 0.806630 0.052326 0.104972
0 0.313372 0.341160 0.040698 0.107735
0 0.164535 0.339779 0.040698 0.104972
0 0.054070 0.574586 0.038372 0.104972
0 0.402326 0.573204 0.039535 0.102210
0 0.190698 0.457182 0.039535 0.102210
0 0.018023 0.341160 0.033721 0.102210
0 0.080814 0.810773 0.038372 0.102210
0 0.227907 0.690608 0.039535 0.104972
0 0.011047 0.341160 0.019767 0.107735
0 0.649419 0.512431 0.063953 0.223757
0 0.561628 0.337017 0.041860 0.104972
0 0.013372 0.693370 0.024419 0.104972
0 0.499419 0.571823 0.040698 0.104972
0 0.152907 0.573204 0.040698 0.102210
0 0.251163 0.824586 0.274419 0.146409
0 0.339535 0.455801 0.039535 0.099448
0 0.213372 0.338398 0.040698 0.107735
0 0.090698 0.455801 0.039535 0.104972
0 0.301744 0.573204 0.038372 0.102210
0 0.421512 0.808011 0.052326 0.102210
0 0.065116 0.341160 0.039535 0.107735
0 0.262791 0.339779 0.041860 0.104972
0 0.438953 0.454420 0.040698 0.102210
0 0.425000 0.690608 0.038372 0.104972
0 0.523256 0.690608 0.039535 0.104972
0 0.599419 0.571823 0.040698 0.104972
0 0.363372 0.341160 0.043023 0.107735
0 0.251744 0.573204 0.038372 0.102210
0 0.619186 0.690608 0.126744 0.104972
0 0.462209 0.339779 0.043023 0.110497
0 0.388953 0.454420 0.038372 0.096685
0 0.041279 0.457182 0.040698 0.107735
0 0.202907 0.573204 0.038372 0.102210
0 0.326163 0.689227 0.040698 0.102210
0 0.079651 0.691989 0.038372 0.102210
0 0.636628 0.337017 0.089535 0.104972
0 0.029070 0.690608 0.039535 0.104972
0 0.177907 0.689227 0.041860 0.102210
0 0.140698 0.455801 0.039535 0.104972
0 0.412209 0.341160 0.043023 0.107735
0 0.276163 0.690608 0.040698 0.104972
0 0.020349 0.577348 0.038372 0.104972
0 0.376163 0.690608 0.040698 0.104972
0 0.103488 0.574586 0.039535 0.099448
0 0.450581 0.573204 0.038372 0.102210
0 0.290116 0.454420 0.038372 0.102210
0 0.013953 0.810773 0.025581 0.107735
0 0.115116 0.339779 0.041860 0.104972
0 0.488372 0.454420 0.039535 0.102210
0 0.537209 0.457182 0.039535 0.107735
0 0.588372 0.454420 0.039535 0.102210
0 0.511628 0.338398 0.041860 0.107735
0 0.239535 0.454420 0.037209 0.102210
0 0.352326 0.571823 0.039535 0.104972
0 0.501163 0.523481 1.000000 0.941989
