0 0.419525 0.474517 0.043536 0.056239
0 0.468338 0.473199 0.042216 0.057118
0 0.754947 0.409051 0.054749 0.058875
0 0.395119 0.538664 0.044855 0.057996
0 0.090369 0.347100 0.032982 0.056239
0 0.246372 0.607645 0.045515 0.060633
0 0.590699 0.536467 0.042876 0.057118
0 0.271768 0.475395 0.043536 0.054482
0 0.625660 0.345782 0.042876 0.057118
0 0.504947 0.409490 0.042876 0.056239
0 0.639512 0.536467 0.044195 0.057118
0 0.493404 0.537786 0.044855 0.059754
0 0.674472 0.344903 0.042876 0.057118
0 0.296504 0.539982 0.045515 0.058875
0 0.185356 0.347540 0.044855 0.057118
0 0.159960 0.411687 0.045515 0.058875
0 0.601913 0.409490 0.042876 0.057996
0 0.209763 0.410808 0.043536 0.057118
0 0.309037 0.411248 0.044195 0.057996
0 0.197889 0.540422 0.044855 0.057996
0 0.516821 0.472759 0.044195 0.057996
0 0.700528 0.409051 0.043536 0.058875
0 0.456464 0.410369 0.043536 0.057996
0 0.576847 0.346221 0.042876 0.056239
0 0.553100 0.410369 0.044195 0.056239
0 0.357850 0.410369 0.042876 0.057996
0 0.320910 0.474956 0.044195 0.057118
0 0.092678 0.608084 0.048153 0.061511
0 0.525066 0.459578 0.939314 0.421793
0 0.370383 0.475395 0.044195 0.057996
0 0.333773 0.347979 0.043536 0.056239
0 0.283971 0.347100 0.042876 0.056239
0 0.405673 0.610281 0.263852 0.076450
0 0.134894 0.347100 0.044195 0.056239
0 0.346306 0.539104 0.046174 0.058875
0 0.737137 0.472320 0.091689 0.058875
0 0.614776 0.474517 0.043536 0.057996
0 0.107520 0.474956 0.071240 0.057118
0 0.234499 0.347540 0.045515 0.057118
0 0.742414 0.344025 0.078496 0.057118
0 0.246702 0.539982 0.044855 0.057118
0 0.101253 0.410808 0.058707 0.057118
0 0.431728 0.347540 0.042876 0.057118
0 0.724274 0.536467 0.117414 0.058875
0 0.565633 0.473199 0.042876 0.057118
0 0.651055 0.409490 0.043536 0.057996
0 0.564644 0.603251 0.044855 0.062390
0 0.407982 0.411248 0.044195 0.057996
0 0.221636 0.475835 0.043536 0.053603
0 0.479551 0.347540 0.043536 0.057118
0 0.382916 0.347979 0.044195 0.056239
0 0.663588 0.472320 0.043536 0.058875
0 0.171174 0.475835 0.042876 0.053603
0 0.443931 0.538225 0.044855 0.058875
0 0.541557 0.536907 0.043536 0.057996
0 0.613786 0.604569 0.044195 0.063269
0 0.119723 0.539982 0.096966 0.057118
0 0.528364 0.347100 0.043536 0.056239
0 0.259235 0.411687 0.044855 0.058875
