0 0.692279 0.109702 0.063971 0.076075
0 0.881985 0.110805 0.172794 0.076075
0 0.159926 0.029768 0.066912 0.057332
0 0.656250 0.199008 0.066912 0.087100
0 0.550368 0.108600 0.065441 0.078280
0 0.087132 0.031422 0.066912 0.058434
0 0.761397 0.108600 0.063971 0.076075
0 0.654412 0.033627 0.063235 0.062845
0 0.620221 0.108600 0.063971 0.076075
0 0.119485 0.105292 0.066912 0.080485
0 0.583824 0.034730 0.063235 0.062845
0 0.369485 0.032525 0.066912 0.058434
0 0.790441 0.033627 0.063235 0.062845
0 0.513971 0.031974 0.063235 0.061742
0 0.729412 0.200110 0.067647 0.084895
0 0.263971 0.106395 0.066176 0.078280
0 0.336397 0.106395 0.066912 0.078280
0 0.193015 0.105292 0.066912 0.078280
0 0.406985 0.109702 0.066912 0.078280
0 0.424265 0.197354 0.397059 0.085998
0 0.443382 0.030871 0.063235 0.059537
0 0.189338 0.196251 0.068382 0.088203
0 0.482721 0.109702 0.066912 0.078280
0 0.893750 0.033076 0.134559 0.063947
0 0.232721 0.033627 0.066912 0.058434
0 0.304779 0.032525 0.066912 0.058434
0 0.722794 0.035832 0.063235 0.062845
