0 0.745949 0.255172 0.045139 0.124138
0 0.453125 0.865517 0.292824 0.186207
0 0.333912 0.691379 0.052083 0.141379
0 0.417245 0.539655 0.049769 0.134483
0 0.122685 0.236207 0.037037 0.127586
0 0.539352 0.251724 0.046296 0.131034
0 0.503472 0.503448 0.995370 1.000000
0 0.814236 0.550000 0.098380 0.134483
0 0.710069 0.698276 0.047454 0.134483
0 0.643519 0.253448 0.046296 0.127586
0 0.550347 0.694828 0.049769 0.141379
0 0.471644 0.541379 0.047454 0.137931
0 0.225116 0.700000 0.052083 0.137931
0 0.656829 0.696552 0.047454 0.131034
0 0.131944 0.382759 0.062500 0.131034
0 0.735532 0.546552 0.047454 0.134483
0 0.513310 0.394828 0.047454 0.134483
0 0.278356 0.689655 0.052083 0.137931
0 0.460069 0.391379 0.049769 0.134483
0 0.132523 0.532759 0.077546 0.134483
0 0.329861 0.241379 0.048611 0.131034
0 0.694444 0.255172 0.043981 0.124138
0 0.488426 0.248276 0.046296 0.131034
0 0.627894 0.855172 0.049769 0.151724
0 0.629630 0.546552 0.046296 0.134483
0 0.722222 0.400000 0.046296 0.131034
0 0.274884 0.853448 0.054398 0.148276
0 0.245949 0.384483 0.045139 0.120690
0 0.801505 0.700000 0.126157 0.137931
0 0.254630 0.536207 0.046296 0.120690
0 0.603588 0.696552 0.047454 0.137931
0 0.497106 0.693103 0.049769 0.137931
0 0.109954 0.851724 0.057870 0.151724
0 0.190972 0.384483 0.053241 0.134483
0 0.362847 0.537931 0.049769 0.137931
0 0.353588 0.387931 0.049769 0.134483
0 0.592014 0.253448 0.047454 0.127586
0 0.442130 0.693103 0.050926 0.137931
0 0.565972 0.394828 0.046296 0.127586
0 0.831597 0.403448 0.056713 0.131034
0 0.436343 0.248276 0.048611 0.131034
0 0.222801 0.236207 0.052083 0.134483
0 0.299190 0.386207 0.052083 0.137931
0 0.578125 0.543103 0.047454 0.134483
0 0.276620 0.237931 0.050926 0.131034
0 0.200810 0.534483 0.047454 0.124138
0 0.670139 0.400000 0.046296 0.131034
0 0.387731 0.693103 0.050926 0.137931
0 0.683449 0.548276 0.047454 0.131034
0 0.310185 0.537931 0.046296 0.124138
0 0.142940 0.686207 0.105324 0.144828
0 0.817708 0.256897 0.082176 0.127586
0 0.618056 0.400000 0.048611 0.131034
0 0.681713 0.860345 0.048611 0.148276
0 0.774306 0.401724 0.046296 0.127586
0 0.168981 0.232759 0.048611 0.127586
0 0.406250 0.389655 0.048611 0.131034
0 0.524884 0.543103 0.047454 0.134483
0 0.383102 0.246552 0.048611 0.127586
