0 0.621753 0.529808 0.076840 0.132692
0 0.599026 0.380769 0.076840 0.134615
0 0.683442 0.381731 0.076840 0.132692
0 0.536797 0.529808 0.077922 0.136538
0 0.555736 0.237500 0.076840 0.132692
0 0.720238 0.238462 0.074675 0.126923
0 0.668290 0.829808 0.076840 0.144231
0 0.430195 0.533654 0.126623 0.136538
0 0.832792 0.845192 0.245671 0.190385
0 0.844697 0.379808 0.072511 0.125000
0 0.933442 0.525962 0.044372 0.128846
0 0.637987 0.239423 0.076840 0.132692
0 0.471861 0.235577 0.075758 0.128846
0 0.394481 0.234615 0.059524 0.130769
0 0.417749 0.379808 0.103896 0.132692
0 0.831169 0.673077 0.077922 0.130769
0 0.599567 0.496154 0.714286 0.976923
0 0.765152 0.380769 0.077922 0.130769
0 0.880952 0.239423 0.075758 0.128846
0 0.704004 0.528846 0.076840 0.134615
0 0.911797 0.672115 0.076840 0.132692
0 0.866883 0.526923 0.075758 0.134615
0 0.748377 0.675000 0.076840 0.134615
0 0.665584 0.675000 0.077922 0.134615
0 0.583333 0.680769 0.077922 0.134615
0 0.451840 0.676923 0.169913 0.138462
0 0.922078 0.380769 0.067100 0.126923
0 0.786255 0.526923 0.074675 0.134615
0 0.409091 0.834615 0.084416 0.146154
0 0.801407 0.238462 0.076840 0.126923
0 0.514610 0.380769 0.076840 0.134615
