0 0.461813 0.438650 0.037678 0.052147
0 0.174644 0.500767 0.041752 0.056748
0 0.281059 0.383436 0.036660 0.052147
0 0.335031 0.273773 0.034623 0.050613
0 0.592159 0.326687 0.035642 0.049080
0 0.297862 0.500000 0.037678 0.055215
0 0.198065 0.439417 0.078411 0.053681
0 0.552444 0.326687 0.035642 0.049080
0 0.353870 0.327454 0.035642 0.050613
0 0.241344 0.382669 0.036660 0.053681
0 0.562118 0.381902 0.034623 0.052147
0 0.413442 0.273006 0.034623 0.049080
0 0.448065 0.503834 0.258656 0.065951
0 0.610998 0.273773 0.034623 0.047546
0 0.300407 0.440951 0.036660 0.050613
0 0.522403 0.382669 0.036660 0.050613
0 0.321792 0.383436 0.036660 0.052147
0 0.273422 0.326687 0.035642 0.052147
0 0.571283 0.273006 0.034623 0.046012
0 0.492363 0.273006 0.035642 0.049080
0 0.421079 0.440184 0.037678 0.052147
0 0.700611 0.381902 0.071283 0.049080
0 0.380855 0.440184 0.036660 0.052147
0 0.340122 0.440951 0.036660 0.050613
0 0.189919 0.384202 0.058045 0.050613
0 0.181772 0.275307 0.027495 0.047546
0 0.713849 0.326687 0.040733 0.049080
0 0.313136 0.327454 0.035642 0.050613
0 0.453157 0.273006 0.034623 0.049080
0 0.649695 0.273773 0.034623 0.047546
0 0.624236 0.438650 0.036660 0.049080
0 0.187882 0.328988 0.047862 0.047546
0 0.362016 0.383436 0.035642 0.052147
0 0.393075 0.326687 0.034623 0.049080
0 0.724542 0.498466 0.039715 0.055215
0 0.374236 0.273773 0.035642 0.047546
0 0.432790 0.325920 0.034623 0.050613
0 0.515275 0.378067 0.745418 0.357362
0 0.543279 0.438650 0.035642 0.052147
0 0.602851 0.382669 0.036660 0.050613
0 0.441446 0.382669 0.035642 0.050613
0 0.643075 0.381902 0.035642 0.052147
0 0.217413 0.274540 0.035642 0.049080
0 0.512729 0.325920 0.035642 0.047546
0 0.631874 0.326687 0.035642 0.049080
0 0.401731 0.383436 0.035642 0.052147
0 0.599287 0.497699 0.037678 0.056748
0 0.702648 0.273006 0.059063 0.049080
0 0.482688 0.381135 0.034623 0.050613
0 0.234216 0.327454 0.036660 0.050613
0 0.671589 0.326687 0.035642 0.049080
0 0.295825 0.273773 0.035642 0.050613
0 0.502546 0.439417 0.037678 0.053681
0 0.259674 0.440951 0.036660 0.050613
0 0.531568 0.273006 0.036660 0.049080
0 0.472505 0.325920 0.034623 0.050613
0 0.692974 0.437883 0.092668 0.050613
0 0.584012 0.438650 0.035642 0.049080
0 0.257128 0.274540 0.035642 0.049080
