0 0.611241 0.260753 0.053864 0.118280
0 0.683841 0.641129 0.051522 0.110215
0 0.640515 0.387097 0.051522 0.112903
0 0.786300 0.259409 0.050351 0.110215
0 0.318501 0.259409 0.051522 0.115591
0 0.172131 0.387097 0.053864 0.118280
0 0.523419 0.387097 0.051522 0.118280
0 0.465457 0.387097 0.052693 0.118280
0 0.099532 0.387097 0.084309 0.123656
0 0.742974 0.643817 0.052693 0.110215
0 0.435597 0.260753 0.053864 0.118280
0 0.627635 0.779570 0.067916 0.134409
0 0.699063 0.387097 0.051522 0.112903
0 0.693794 0.779570 0.052693 0.134409
0 0.333724 0.643817 0.053864 0.115591
0 0.142857 0.259409 0.051522 0.115591
0 0.216042 0.643817 0.052693 0.115591
0 0.875293 0.388441 0.050351 0.115591
0 0.669789 0.262097 0.051522 0.115591
0 0.230679 0.385753 0.053864 0.120968
0 0.302693 0.514785 0.052693 0.120968
0 0.581967 0.387097 0.051522 0.112903
0 0.275176 0.643817 0.051522 0.115591
0 0.480094 0.481183 0.892272 0.876344
0 0.494731 0.260753 0.052693 0.118280
0 0.391686 0.642473 0.052693 0.112903
0 0.450234 0.642473 0.052693 0.112903
0 0.084309 0.259409 0.051522 0.115591
0 0.840164 0.643817 0.125293 0.115591
0 0.853630 0.514785 0.096019 0.115591
0 0.478923 0.514785 0.051522 0.115591
0 0.377049 0.260753 0.053864 0.118280
0 0.552108 0.260753 0.052693 0.118280
0 0.508782 0.642473 0.050351 0.112903
0 0.538056 0.516129 0.050351 0.112903
0 0.348361 0.387097 0.052693 0.118280
0 0.361827 0.514785 0.051522 0.115591
0 0.816159 0.387097 0.051522 0.112903
0 0.122365 0.641129 0.127635 0.120968
0 0.861827 0.259409 0.081967 0.115591
0 0.567330 0.643817 0.052693 0.115591
0 0.106557 0.513441 0.098361 0.118280
0 0.772248 0.514785 0.052693 0.115591
0 0.757611 0.388441 0.051522 0.115591
0 0.596604 0.514785 0.050351 0.115591
0 0.259953 0.259409 0.053864 0.115591
0 0.201991 0.259409 0.052693 0.115591
0 0.728337 0.260753 0.051522 0.112903
0 0.655738 0.516129 0.051522 0.112903
0 0.625293 0.642473 0.051522 0.112903
0 0.713700 0.516129 0.050351 0.112903
0 0.406323 0.385753 0.051522 0.115591
0 0.244731 0.514785 0.053864 0.115591
0 0.290398 0.388441 0.053864 0.120968
0 0.186768 0.513441 0.052693 0.118280
0 0.448478 0.779570 0.281030 0.139785
0 0.420375 0.514785 0.051522 0.115591
0 0.269906 0.779570 0.071429 0.139785
0 0.085480 0.779570 0.056206 0.139785
