0 0.154194 0.533830 0.042581 0.074541
0 0.335806 0.443807 0.041935 0.073394
0 0.300645 0.529243 0.041290 0.074541
0 0.590000 0.518922 0.041935 0.074541
0 0.520000 0.691514 0.056774 0.087156
0 0.203226 0.532110 0.041290 0.073394
0 0.078710 0.452408 0.065806 0.079128
0 0.679032 0.515482 0.029032 0.072248
0 0.614516 0.600917 0.041935 0.073394
0 0.229355 0.614679 0.041935 0.073394
0 0.075484 0.620413 0.055484 0.075688
0 0.260968 0.361812 0.040645 0.072248
0 0.494194 0.521216 0.042581 0.074541
0 0.309677 0.361239 0.042581 0.073394
0 0.251935 0.531537 0.041935 0.074541
0 0.189677 0.448968 0.041290 0.074541
0 0.638387 0.516628 0.041935 0.074541
0 0.226129 0.704128 0.056129 0.087156
0 0.087097 0.535550 0.077419 0.075688
0 0.326129 0.611239 0.043226 0.073394
0 0.212258 0.363532 0.042581 0.073394
0 0.349355 0.527523 0.041935 0.073394
0 0.433226 0.440940 0.041935 0.074541
0 0.384516 0.442661 0.042581 0.073394
0 0.470645 0.606078 0.043226 0.074541
0 0.132258 0.617546 0.042581 0.074541
0 0.422903 0.608372 0.043226 0.074541
0 0.692903 0.597477 0.101935 0.075688
0 0.494194 0.499427 0.925161 0.565367
0 0.577419 0.435206 0.041290 0.072248
0 0.446129 0.523509 0.041935 0.074541
0 0.287419 0.446101 0.041935 0.073394
0 0.541613 0.520069 0.041935 0.074541
0 0.141290 0.450688 0.045161 0.075688
0 0.456129 0.357225 0.042581 0.074541
0 0.277419 0.612959 0.043871 0.072248
0 0.481613 0.437500 0.041935 0.072248
0 0.518710 0.603211 0.042581 0.073394
0 0.180323 0.616399 0.041935 0.072248
0 0.065161 0.368693 0.041290 0.072248
0 0.238710 0.447248 0.042581 0.075688
0 0.566129 0.601491 0.041935 0.072248
0 0.552258 0.353784 0.042581 0.074541
0 0.374839 0.610092 0.043871 0.073394
0 0.374194 0.697821 0.228387 0.090596
0 0.716129 0.472477 0.052903 0.158257
0 0.504194 0.354931 0.043226 0.074541
0 0.163548 0.365252 0.043226 0.072248
0 0.648387 0.349197 0.041290 0.072248
0 0.408065 0.358372 0.043226 0.074541
0 0.574839 0.690940 0.043871 0.086009
0 0.529677 0.437500 0.042581 0.072248
0 0.709677 0.347477 0.065806 0.073394
0 0.600323 0.350917 0.043226 0.073394
0 0.666774 0.432913 0.029032 0.072248
0 0.070000 0.711009 0.050968 0.089450
0 0.114194 0.366972 0.041290 0.073394
0 0.397742 0.525229 0.041935 0.073394
0 0.358710 0.360092 0.042581 0.073394
0 0.625484 0.433486 0.041935 0.071101
