0 0.768252 0.383838 0.046885 0.117845
0 0.400536 0.383838 0.046885 0.117845
0 0.334561 0.640572 0.047555 0.116162
0 0.295713 0.382997 0.047555 0.116162
0 0.755526 0.253367 0.073677 0.116162
0 0.570998 0.511785 0.046216 0.117845
0 0.531480 0.255892 0.048895 0.114478
0 0.518419 0.511785 0.046885 0.117845
0 0.164434 0.255051 0.047555 0.116162
0 0.688881 0.253367 0.046216 0.116162
0 0.500335 0.468855 0.968520 0.873737
0 0.584059 0.255051 0.048225 0.116162
0 0.676155 0.512626 0.047555 0.116162
0 0.597455 0.640572 0.048225 0.116162
0 0.557602 0.382997 0.047555 0.116162
0 0.243135 0.383838 0.048225 0.117845
0 0.092766 0.639731 0.114534 0.117845
0 0.610181 0.382155 0.048225 0.117845
0 0.190221 0.382155 0.046885 0.117845
0 0.385800 0.779461 0.251842 0.138047
0 0.387140 0.641414 0.048225 0.117845
0 0.073342 0.382997 0.075687 0.119529
0 0.360683 0.512626 0.047555 0.116162
0 0.255861 0.511785 0.048225 0.117845
0 0.060616 0.780303 0.048895 0.139731
0 0.111520 0.255051 0.047555 0.116162
0 0.478567 0.256734 0.047555 0.116162
0 0.224715 0.779461 0.063630 0.138047
0 0.150703 0.511785 0.048225 0.114478
0 0.216343 0.255051 0.048225 0.116162
0 0.663094 0.382997 0.048225 0.119529
0 0.347957 0.382155 0.046216 0.117845
0 0.282317 0.640572 0.047555 0.116162
0 0.059277 0.255051 0.046216 0.112795
0 0.546551 0.778620 0.062960 0.136364
0 0.452780 0.382997 0.046885 0.119529
0 0.649699 0.641414 0.048225 0.117845
0 0.465841 0.512626 0.047555 0.116162
0 0.308104 0.512626 0.046885 0.116162
0 0.439384 0.640572 0.048225 0.116162
0 0.177495 0.640572 0.048225 0.116162
0 0.269257 0.255051 0.046885 0.116162
0 0.138312 0.383838 0.048895 0.117845
0 0.374079 0.255051 0.047555 0.116162
0 0.505358 0.381313 0.046216 0.116162
0 0.736437 0.640572 0.113195 0.119529
0 0.715673 0.382997 0.047555 0.116162
0 0.605492 0.779461 0.048225 0.138047
0 0.635968 0.255051 0.047555 0.116162
0 0.426993 0.256734 0.047555 0.116162
0 0.203282 0.512626 0.047555 0.116162
0 0.491962 0.641414 0.048895 0.117845
0 0.623577 0.512626 0.046885 0.116162
0 0.544541 0.640572 0.048225 0.116162
0 0.748493 0.512626 0.087743 0.116162
0 0.321500 0.255051 0.048225 0.116162
0 0.413262 0.511785 0.046885 0.114478
0 0.079035 0.511785 0.087073 0.117845
0 0.229739 0.641414 0.048225 0.117845
