0 0.477747 0.517857 0.063978 0.130000
0 0.790682 0.520714 0.057024 0.121429
0 0.599444 0.245000 0.061196 0.127143
0 0.879694 0.389286 0.054242 0.115714
0 0.822323 0.387143 0.056328 0.120000
0 0.794854 0.802857 0.059805 0.145714
0 0.130042 0.664286 0.168289 0.140000
0 0.849096 0.520714 0.057024 0.118571
0 0.317455 0.372857 0.066064 0.134286
0 0.711057 0.656429 0.060501 0.127143
0 0.471488 0.238571 0.059805 0.125714
0 0.937065 0.392857 0.054937 0.117143
0 0.838665 0.257143 0.054242 0.117143
0 0.928720 0.520714 0.099444 0.118571
0 0.322323 0.822143 0.089708 0.161429
0 0.406120 0.235714 0.061196 0.128571
0 0.731572 0.521429 0.057024 0.122857
0 0.771210 0.654286 0.058414 0.122857
0 0.342837 0.516429 0.066759 0.132857
0 0.093185 0.832143 0.075104 0.170000
0 0.102573 0.513571 0.130042 0.141429
0 0.521558 0.659286 0.065369 0.130000
0 0.340403 0.231429 0.061892 0.128571
0 0.319193 0.662857 0.065369 0.134286
0 0.271558 0.229286 0.066064 0.127143
0 0.607441 0.517857 0.059110 0.127143
0 0.763561 0.385000 0.057024 0.118571
0 0.910640 0.260714 0.082754 0.115714
0 0.660987 0.250000 0.059110 0.120000
0 0.248609 0.663571 0.067455 0.135714
0 0.527816 0.814286 0.322670 0.162857
0 0.203408 0.515714 0.067455 0.134286
0 0.703060 0.383571 0.058414 0.121429
0 0.450974 0.375714 0.061892 0.125714
0 0.926982 0.652857 0.127955 0.122857
0 0.202364 0.224286 0.065369 0.131429
0 0.455494 0.660000 0.065369 0.131429
0 0.831363 0.655000 0.057719 0.121429
0 0.544159 0.517857 0.061892 0.127143
0 0.175243 0.367857 0.069541 0.135714
0 0.643255 0.380714 0.059805 0.121429
0 0.385605 0.375000 0.064673 0.130000
0 0.779903 0.255714 0.054937 0.117143
0 0.516342 0.377857 0.060501 0.127143
0 0.084840 0.364286 0.108484 0.140000
0 0.387691 0.662143 0.068846 0.135714
0 0.273992 0.517143 0.068150 0.134286
0 0.130737 0.219286 0.066759 0.132857
0 0.725661 0.804286 0.078581 0.148571
0 0.649513 0.658571 0.062587 0.128571
0 0.581015 0.379286 0.061892 0.124286
0 0.586926 0.658571 0.063978 0.128571
0 0.246523 0.367143 0.066064 0.134286
0 0.057371 0.217143 0.068846 0.131429
0 0.536161 0.243571 0.058414 0.127143
0 0.721488 0.252143 0.057719 0.118571
0 0.500695 0.510000 1.000000 0.982857
0 0.670376 0.519286 0.059805 0.124286
0 0.411335 0.517143 0.064673 0.131429
