0 0.213623 0.193916 0.034950 0.041825
0 0.394437 0.292776 0.037090 0.045627
0 0.433666 0.293726 0.035663 0.043726
0 0.579173 0.273764 0.045649 0.093156
0 0.131954 0.330323 0.037090 0.044677
0 0.156205 0.284221 0.037090 0.043726
0 0.330243 0.197243 0.035663 0.042776
0 0.275678 0.288498 0.036377 0.044677
0 0.574180 0.203422 0.055635 0.041825
0 0.046719 0.326521 0.049215 0.044677
0 0.347718 0.243346 0.036377 0.043726
0 0.045292 0.378802 0.063481 0.054183
0 0.461840 0.394011 0.059201 0.054183
0 0.481455 0.297529 0.961484 0.346008
0 0.513909 0.295627 0.036377 0.045627
0 0.292796 0.336977 0.037803 0.044677
0 0.062054 0.279468 0.067047 0.043726
0 0.111626 0.234316 0.037803 0.042776
0 0.190442 0.237643 0.037090 0.043726
0 0.386591 0.244772 0.035663 0.042776
0 0.212553 0.333650 0.038516 0.045627
0 0.447218 0.201046 0.035663 0.042776
0 0.548502 0.297053 0.025678 0.044677
0 0.252140 0.194867 0.034950 0.041825
0 0.268902 0.240494 0.035663 0.043726
0 0.196148 0.285171 0.037090 0.043726
0 0.369472 0.199144 0.035663 0.042776
0 0.425820 0.246673 0.035663 0.042776
0 0.092368 0.328897 0.039230 0.045627
0 0.332739 0.338403 0.037803 0.045627
0 0.574893 0.397814 0.059914 0.056084
0 0.058845 0.187738 0.034950 0.040875
0 0.252853 0.335076 0.037803 0.044677
0 0.315264 0.289449 0.035663 0.044677
0 0.230029 0.240019 0.036377 0.042776
0 0.235735 0.287072 0.036377 0.043726
0 0.354850 0.290399 0.034950 0.044677
0 0.504636 0.248099 0.036377 0.043726
0 0.492867 0.343631 0.037090 0.044677
0 0.063124 0.232890 0.056348 0.041825
0 0.157632 0.383555 0.061341 0.054183
0 0.538516 0.249525 0.025678 0.044677
0 0.473609 0.295152 0.035663 0.044677
0 0.371969 0.339829 0.037803 0.046578
0 0.150856 0.235741 0.037803 0.043726
0 0.559201 0.344106 0.087019 0.045627
0 0.135877 0.189639 0.036377 0.040875
0 0.174394 0.191065 0.036377 0.041825
0 0.309201 0.390209 0.241797 0.056084
0 0.291726 0.195817 0.035663 0.041825
0 0.172254 0.332224 0.037803 0.044677
0 0.452924 0.342205 0.035663 0.043726
0 0.486091 0.202471 0.034950 0.041825
0 0.408345 0.200095 0.034950 0.040875
0 0.097004 0.188688 0.035663 0.040875
0 0.465050 0.247624 0.035663 0.042776
0 0.412981 0.341255 0.037090 0.045627
0 0.116619 0.281844 0.037803 0.044677
0 0.308131 0.242395 0.035663 0.043726
0 0.525321 0.202471 0.034950 0.041825
