0 0.338983 0.591804 0.049153 0.036213
0 0.797034 0.598158 0.051695 0.037484
0 0.565254 0.595299 0.050847 0.036849
0 0.210169 0.672808 0.049153 0.036849
0 0.664407 0.680432 0.050847 0.038119
0 0.196610 0.631194 0.050847 0.037484
0 0.113136 0.589581 0.050000 0.036849
0 0.294492 0.715375 0.050000 0.036849
0 0.147458 0.712834 0.122034 0.038119
0 0.169915 0.590534 0.050000 0.036213
0 0.461017 0.763024 0.271186 0.047014
0 0.607203 0.678844 0.050000 0.037484
0 0.168220 0.758577 0.053390 0.044473
0 0.680085 0.596569 0.051695 0.036849
0 0.422034 0.633736 0.049153 0.036213
0 0.500424 0.665502 0.870339 0.289072
0 0.871610 0.599111 0.082203 0.038119
0 0.593220 0.636595 0.049153 0.036849
0 0.322881 0.674396 0.050847 0.037484
0 0.886441 0.641677 0.052542 0.038119
0 0.133475 0.671855 0.092373 0.037484
0 0.751271 0.724587 0.053390 0.037484
0 0.549153 0.677573 0.049153 0.037484
0 0.863136 0.683291 0.097458 0.038755
0 0.252966 0.631830 0.050000 0.037484
0 0.738136 0.597205 0.052542 0.036849
0 0.350000 0.716328 0.050847 0.037484
0 0.282627 0.591804 0.050000 0.036213
0 0.634746 0.721728 0.050847 0.038119
0 0.451271 0.593393 0.050000 0.036849
0 0.435169 0.675985 0.050000 0.036849
0 0.491949 0.676938 0.050000 0.037484
0 0.394492 0.592757 0.050000 0.036849
0 0.226695 0.591169 0.050000 0.036213
0 0.238559 0.714740 0.050000 0.036849
0 0.508475 0.594346 0.049153 0.036213
0 0.693644 0.722999 0.051695 0.036849
0 0.266525 0.673761 0.050000 0.036213
0 0.703814 0.771283 0.053390 0.045743
0 0.767373 0.640089 0.053390 0.038755
0 0.479237 0.635006 0.050000 0.037484
0 0.708051 0.638818 0.051695 0.037484
0 0.514831 0.351334 0.560169 0.189327
0 0.463136 0.718234 0.051695 0.037484
0 0.309746 0.632783 0.050000 0.036849
0 0.848729 0.725858 0.126271 0.040025
0 0.406780 0.716963 0.050847 0.037484
0 0.781356 0.682338 0.052542 0.038119
0 0.535169 0.635642 0.050000 0.037484
0 0.223305 0.760483 0.053390 0.044473
0 0.722458 0.681703 0.051695 0.038119
0 0.365678 0.633418 0.050000 0.036849
0 0.127119 0.630241 0.077966 0.036849
0 0.650000 0.637865 0.052542 0.038119
0 0.577119 0.720775 0.052542 0.038755
0 0.519492 0.719187 0.050847 0.038119
0 0.622458 0.595934 0.051695 0.036849
0 0.378814 0.675032 0.049153 0.036213
0 0.826695 0.640724 0.053390 0.037484
