0 0.662413 0.708978 0.044084 0.052632
0 0.337007 0.696594 0.047564 0.052632
0 0.590487 0.661765 0.046404 0.051084
0 0.558585 0.611455 0.042923 0.049536
0 0.389791 0.688854 0.046404 0.052632
0 0.611949 0.715170 0.047564 0.052632
0 0.761021 0.694272 0.046404 0.051084
0 0.386311 0.804180 0.046404 0.054180
0 0.270882 0.890093 0.049884 0.071207
0 0.203596 0.659443 0.045244 0.049536
0 0.796404 0.745356 0.047564 0.054180
0 0.227958 0.767802 0.089327 0.061920
0 0.307425 0.645511 0.046404 0.052632
0 0.218677 0.712848 0.073086 0.057276
0 0.503480 0.229102 0.406032 0.253870
0 0.702436 0.592879 0.045244 0.049536
0 0.689095 0.648607 0.046404 0.049536
0 0.696056 0.760062 0.046404 0.055728
0 0.408933 0.631579 0.045244 0.052632
0 0.786543 0.634675 0.046404 0.049536
0 0.560905 0.722136 0.045244 0.054180
0 0.245940 0.824303 0.118329 0.063467
0 0.750580 0.587461 0.044084 0.047988
0 0.334107 0.811920 0.046404 0.054180
0 0.857889 0.572755 0.070766 0.049536
0 0.581787 0.710526 0.838747 0.520124
0 0.440835 0.681889 0.046404 0.051084
0 0.593968 0.774768 0.046404 0.054180
0 0.881090 0.622291 0.047564 0.049536
0 0.510441 0.728328 0.046404 0.051084
0 0.490139 0.675697 0.045244 0.051084
0 0.711717 0.700464 0.045244 0.054180
0 0.457657 0.625387 0.045244 0.052632
0 0.302784 0.758514 0.046404 0.055728
0 0.325406 0.880031 0.052204 0.072755
0 0.356148 0.753096 0.046404 0.051084
0 0.645012 0.767802 0.044084 0.055728
0 0.492459 0.789474 0.047564 0.055728
0 0.549304 0.847523 0.251740 0.091331
0 0.458817 0.736842 0.045244 0.052632
0 0.439095 0.797988 0.047564 0.057276
0 0.284803 0.703560 0.047564 0.051084
0 0.654292 0.598297 0.046404 0.051084
0 0.544084 0.782508 0.048724 0.054180
0 0.877610 0.676471 0.084687 0.055728
0 0.407773 0.743034 0.047564 0.052632
0 0.640371 0.654025 0.044084 0.047988
0 0.798144 0.580495 0.044084 0.049536
0 0.255800 0.652477 0.045244 0.054180
0 0.507541 0.616873 0.045244 0.054180
0 0.809745 0.686533 0.046404 0.051084
0 0.357889 0.637771 0.047564 0.052632
0 0.878190 0.734520 0.111369 0.057276
0 0.540603 0.667183 0.046404 0.049536
0 0.834107 0.629257 0.046404 0.051084
0 0.737239 0.640093 0.045244 0.047988
0 0.767981 0.812693 0.051044 0.065015
0 0.745940 0.752322 0.046404 0.052632
0 0.606729 0.605263 0.044084 0.052632
