0 0.184240 0.518116 0.060091 0.094203
0 0.662132 0.309783 0.061224 0.094203
0 0.760771 0.208333 0.061224 0.094203
0 0.814626 0.414855 0.062358 0.097826
0 0.596939 0.308877 0.060091 0.092391
0 0.931406 0.312500 0.060091 0.096014
0 0.581066 0.516304 0.062358 0.097826
0 0.530612 0.309783 0.058957 0.094203
0 0.547052 0.412138 0.060091 0.096014
0 0.171769 0.210145 0.060091 0.090580
0 0.695011 0.207428 0.061224 0.096014
0 0.053855 0.309783 0.094104 0.094203
0 0.251134 0.517210 0.060091 0.096014
0 0.465986 0.309783 0.058957 0.094203
0 0.728458 0.631341 0.064626 0.114130
0 0.077664 0.516304 0.143991 0.097826
0 0.335034 0.309783 0.057823 0.094203
0 0.481293 0.412138 0.057823 0.092391
0 0.269274 0.309783 0.060091 0.094203
0 0.863946 0.311594 0.061224 0.094203
0 0.218254 0.413043 0.060091 0.094203
0 0.382653 0.515399 0.060091 0.096014
0 0.448980 0.516304 0.061224 0.097826
0 0.415533 0.411232 0.060091 0.094203
0 0.316893 0.517210 0.060091 0.096014
0 0.284014 0.412138 0.060091 0.096014
0 0.496032 0.383152 0.989796 0.693841
0 0.236961 0.208333 0.061224 0.090580
0 0.447279 0.628623 0.316327 0.115942
0 0.747166 0.414855 0.061224 0.097826
0 0.399660 0.308877 0.057823 0.092391
0 0.104875 0.210145 0.060091 0.090580
0 0.729025 0.310688 0.061224 0.096014
0 0.782313 0.519022 0.063492 0.096014
0 0.367347 0.207428 0.058957 0.092391
0 0.828231 0.208333 0.060091 0.094203
0 0.907029 0.414855 0.111111 0.097826
0 0.912698 0.207428 0.095238 0.096014
0 0.647392 0.517210 0.061224 0.096014
0 0.613946 0.412138 0.060091 0.096014
0 0.628118 0.208333 0.061224 0.094203
0 0.498299 0.209239 0.057823 0.092391
0 0.137188 0.310688 0.061224 0.096014
0 0.152494 0.413043 0.060091 0.094203
0 0.039683 0.210145 0.058957 0.090580
0 0.061224 0.413043 0.111111 0.094203
0 0.892857 0.519022 0.146259 0.099638
0 0.714853 0.517210 0.062358 0.096014
0 0.202381 0.309783 0.057823 0.094203
0 0.431973 0.208333 0.058957 0.094203
0 0.100340 0.632246 0.062358 0.112319
0 0.562925 0.209239 0.060091 0.092391
0 0.680839 0.413949 0.060091 0.096014
0 0.349773 0.412138 0.057823 0.092391
0 0.796485 0.311594 0.062358 0.097826
0 0.514739 0.515399 0.061224 0.096014
0 0.302721 0.209239 0.056689 0.092391
0 0.166667 0.631341 0.063492 0.114130
