0 0.389168 0.583174 0.050933 0.047801
0 0.177188 0.570268 0.055954 0.048757
0 0.040531 0.620937 0.066714 0.062141
0 0.494620 0.589388 0.048063 0.048757
0 0.488522 0.449331 0.043042 0.038241
0 0.560258 0.496654 0.044476 0.041109
0 0.471306 0.537285 0.045911 0.043977
0 0.711980 0.506692 0.046628 0.042065
0 0.059541 0.466061 0.078910 0.043021
0 0.268293 0.525813 0.051650 0.043977
0 0.697633 0.551147 0.088235 0.044933
0 0.536227 0.452199 0.042324 0.038241
0 0.065280 0.424474 0.050215 0.038241
0 0.369799 0.531549 0.048063 0.043977
0 0.584648 0.455545 0.043042 0.039197
0 0.610473 0.499522 0.045911 0.041109
0 0.693329 0.461281 0.069584 0.039197
0 0.315638 0.482314 0.047346 0.041109
0 0.441894 0.447419 0.043042 0.038241
0 0.420732 0.534895 0.048063 0.044933
0 0.216643 0.522945 0.051650 0.045889
0 0.556313 0.651530 0.052367 0.064054
0 0.093974 0.623327 0.063128 0.063098
0 0.252511 0.434990 0.047346 0.040153
0 0.462339 0.490918 0.045194 0.041109
0 0.441894 0.586042 0.050215 0.049713
0 0.115495 0.516252 0.054519 0.043977
0 0.119799 0.470363 0.053085 0.042065
0 0.299857 0.438337 0.047346 0.039197
0 0.158537 0.429254 0.050215 0.038241
0 0.364778 0.484704 0.046628 0.040153
0 0.125179 0.566444 0.056671 0.048757
0 0.601865 0.597036 0.050215 0.048757
0 0.511119 0.493786 0.045194 0.041109
0 0.573529 0.544455 0.046628 0.044933
0 0.318508 0.528681 0.050215 0.043977
0 0.394907 0.444073 0.043759 0.039197
0 0.393472 0.558317 0.785509 0.390057
0 0.625538 0.546845 0.047346 0.043977
0 0.111549 0.426864 0.049498 0.039197
0 0.522238 0.540631 0.045911 0.044933
0 0.168580 0.473231 0.051650 0.042065
0 0.266141 0.479446 0.050215 0.041109
0 0.347202 0.440727 0.045911 0.038241
0 0.047346 0.511472 0.093257 0.045889
0 0.690100 0.600860 0.119082 0.052581
0 0.283357 0.576960 0.054519 0.048757
0 0.165710 0.519120 0.053085 0.043977
0 0.217001 0.476099 0.052367 0.042065
0 0.547704 0.592256 0.048063 0.046845
0 0.660689 0.503346 0.045911 0.041109
0 0.205165 0.431644 0.048780 0.039197
0 0.230631 0.573614 0.055237 0.047801
0 0.052726 0.559751 0.104017 0.050669
0 0.413199 0.488050 0.045911 0.041109
0 0.322453 0.638623 0.271879 0.070746
0 0.336442 0.579828 0.053085 0.048757
0 0.632353 0.457935 0.043759 0.038241
