0 0.711562 0.706250 0.053125 0.080833
0 0.434375 0.483750 0.051250 0.065833
0 0.673125 0.555417 0.051250 0.067500
0 0.346875 0.410000 0.052500 0.068333
0 0.228437 0.410417 0.054375 0.069167
0 0.447813 0.557500 0.051875 0.066667
0 0.630000 0.410000 0.052500 0.066667
0 0.172187 0.717917 0.055625 0.080833
0 0.880313 0.480000 0.046875 0.066667
0 0.362500 0.633333 0.053750 0.068333
0 0.332500 0.559167 0.053750 0.068333
0 0.589688 0.628750 0.053125 0.067500
0 0.495937 0.534583 0.859375 0.502500
0 0.645312 0.627917 0.051875 0.065833
0 0.846250 0.624583 0.115000 0.067500
0 0.504687 0.556667 0.050625 0.065000
0 0.519062 0.410833 0.050625 0.066667
0 0.404375 0.410833 0.052500 0.068333
0 0.799063 0.407083 0.049375 0.065833
0 0.602812 0.482083 0.050625 0.065833
0 0.743125 0.408333 0.051250 0.066667
0 0.859375 0.552083 0.087500 0.065833
0 0.658750 0.482083 0.052500 0.065833
0 0.303750 0.634167 0.055000 0.068333
0 0.826562 0.480000 0.049375 0.066667
0 0.785312 0.553750 0.050625 0.065833
0 0.771250 0.480833 0.051250 0.066667
0 0.701562 0.627083 0.051875 0.065833
0 0.376875 0.485000 0.052500 0.066667
0 0.866875 0.407500 0.076250 0.066667
0 0.134063 0.560417 0.096875 0.069167
0 0.318437 0.485417 0.054375 0.067500
0 0.258437 0.485417 0.055625 0.069167
0 0.150625 0.636250 0.127500 0.070833
0 0.473750 0.710000 0.272500 0.083333
0 0.214688 0.561250 0.054375 0.067500
0 0.757500 0.626667 0.051250 0.066667
0 0.420000 0.631667 0.052500 0.068333
0 0.729062 0.554583 0.051875 0.065833
0 0.231250 0.717083 0.056250 0.080833
0 0.560937 0.556250 0.050625 0.065833
0 0.287187 0.410000 0.054375 0.068333
0 0.574375 0.410833 0.051250 0.066667
0 0.715313 0.481250 0.051875 0.065833
0 0.244688 0.635833 0.054375 0.068333
0 0.111562 0.410833 0.051875 0.068333
0 0.273750 0.560000 0.055000 0.068333
0 0.617188 0.555417 0.051875 0.067500
0 0.169687 0.410417 0.051875 0.069167
0 0.546875 0.483333 0.050000 0.066667
0 0.390937 0.558750 0.051875 0.067500
0 0.687187 0.408750 0.051875 0.067500
0 0.490938 0.483750 0.051875 0.067500
0 0.198437 0.485833 0.055625 0.068333
0 0.126562 0.485000 0.081875 0.070000
0 0.533438 0.629167 0.051875 0.066667
0 0.476562 0.630000 0.051875 0.066667
0 0.461562 0.410833 0.051875 0.066667
