0 0.775791 0.394464 0.048143 0.121107
0 0.398212 0.394464 0.048143 0.121107
0 0.330468 0.658304 0.048831 0.119377
0 0.290578 0.393599 0.048831 0.119377
0 0.762724 0.260381 0.075653 0.119377
0 0.573246 0.525952 0.047455 0.121107
0 0.532669 0.262976 0.050206 0.117647
0 0.519257 0.525952 0.048143 0.121107
0 0.155777 0.262111 0.048831 0.119377
0 0.694292 0.260381 0.047455 0.119377
0 0.500688 0.481834 0.994498 0.897924
0 0.586657 0.262111 0.049519 0.119377
0 0.681224 0.526817 0.048831 0.119377
0 0.600413 0.658304 0.049519 0.119377
0 0.559491 0.393599 0.048831 0.119377
0 0.236589 0.394464 0.049519 0.121107
0 0.082187 0.657439 0.117607 0.121107
0 0.613480 0.392734 0.049519 0.121107
0 0.182256 0.392734 0.048143 0.121107
0 0.383081 0.801038 0.258597 0.141869
0 0.384457 0.659170 0.049519 0.121107
0 0.062242 0.393599 0.077717 0.122837
0 0.357290 0.526817 0.048831 0.119377
0 0.249656 0.525952 0.049519 0.121107
0 0.049175 0.801903 0.050206 0.143599
0 0.101444 0.262111 0.048831 0.119377
0 0.478336 0.263841 0.048831 0.119377
0 0.217675 0.801038 0.065337 0.141869
0 0.141678 0.525952 0.049519 0.117647
0 0.209078 0.262111 0.049519 0.119377
0 0.667813 0.393599 0.049519 0.122837
0 0.344223 0.392734 0.047455 0.121107
0 0.276823 0.658304 0.048831 0.119377
0 0.047799 0.262111 0.047455 0.115917
0 0.548143 0.800173 0.064649 0.140138
0 0.451857 0.393599 0.048143 0.122837
0 0.654058 0.659170 0.049519 0.121107
0 0.465268 0.526817 0.048831 0.119377
0 0.303301 0.526817 0.048143 0.119377
0 0.438102 0.658304 0.049519 0.119377
0 0.169188 0.658304 0.049519 0.119377
0 0.263411 0.262111 0.048143 0.119377
0 0.128955 0.394464 0.050206 0.121107
0 0.371045 0.262111 0.048831 0.119377
0 0.505846 0.391869 0.047455 0.119377
0 0.743122 0.658304 0.116231 0.122837
0 0.721802 0.393599 0.048831 0.119377
0 0.608666 0.801038 0.049519 0.141869
0 0.639959 0.262111 0.048831 0.119377
0 0.425378 0.263841 0.048831 0.119377
0 0.195667 0.526817 0.048831 0.119377
0 0.492091 0.659170 0.050206 0.121107
0 0.627235 0.526817 0.048143 0.119377
0 0.546080 0.658304 0.049519 0.119377
0 0.755502 0.526817 0.090096 0.119377
0 0.317056 0.262111 0.049519 0.119377
0 0.411279 0.525952 0.048143 0.117647
0 0.068088 0.525952 0.089409 0.121107
0 0.222834 0.659170 0.049519 0.121107
