0 0.565779 0.337209 0.033460 0.096899
0 0.347148 0.338178 0.034221 0.098837
0 0.467300 0.561047 0.032700 0.094961
0 0.501521 0.448643 0.034221 0.094961
0 0.325856 0.448643 0.034221 0.094961
0 0.150951 0.449612 0.035741 0.100775
0 0.544487 0.449612 0.033460 0.096899
0 0.303802 0.339147 0.035741 0.100775
0 0.413308 0.447674 0.032700 0.093023
0 0.478327 0.339147 0.034981 0.096899
0 0.128517 0.339147 0.034981 0.100775
0 0.598859 0.561047 0.034221 0.098837
0 0.046388 0.674419 0.045627 0.096899
0 0.423954 0.560078 0.034221 0.096899
0 0.248669 0.561047 0.033460 0.094961
0 0.052471 0.450581 0.056274 0.094961
0 0.107224 0.450581 0.034981 0.098837
0 0.282129 0.447674 0.033460 0.096899
0 0.040684 0.339147 0.034221 0.096899
0 0.499620 0.516473 0.990114 0.881783
0 0.441065 0.783915 0.047148 0.098837
0 0.457414 0.448643 0.034221 0.094961
0 0.369962 0.448643 0.034221 0.094961
0 0.182890 0.671512 0.034221 0.098837
0 0.259696 0.339147 0.035741 0.100775
0 0.615589 0.673450 0.108745 0.098837
0 0.313308 0.671512 0.034981 0.098837
0 0.238783 0.449612 0.034981 0.096899
0 0.336122 0.561047 0.033460 0.094961
0 0.555513 0.561047 0.032700 0.094961
0 0.084791 0.339147 0.034221 0.100775
0 0.445247 0.671512 0.032700 0.094961
0 0.195057 0.451550 0.034221 0.096899
0 0.357795 0.671512 0.034221 0.094961
0 0.161217 0.562016 0.034981 0.100775
0 0.226236 0.671512 0.034221 0.098837
0 0.605703 0.783915 0.046388 0.098837
0 0.390875 0.339147 0.034981 0.100775
0 0.216350 0.339147 0.034221 0.100775
0 0.289354 0.803295 0.245627 0.145349
0 0.139163 0.672481 0.033460 0.096899
0 0.045627 0.783915 0.045627 0.098837
0 0.379848 0.560078 0.032700 0.093023
0 0.269962 0.671512 0.034981 0.098837
0 0.400760 0.673450 0.034981 0.098837
0 0.117490 0.562016 0.035741 0.100775
0 0.631559 0.338178 0.078327 0.094961
0 0.095057 0.672481 0.034981 0.100775
0 0.531939 0.671512 0.034221 0.094961
0 0.588973 0.448643 0.032700 0.098837
0 0.642966 0.505814 0.057034 0.217054
0 0.139544 0.784884 0.034221 0.100775
0 0.292015 0.561047 0.034981 0.098837
0 0.522814 0.339147 0.034221 0.096899
0 0.171863 0.339147 0.034981 0.100775
0 0.488973 0.671512 0.033460 0.094961
0 0.511407 0.561047 0.034221 0.094961
0 0.058175 0.562984 0.069202 0.098837
0 0.204563 0.562016 0.034981 0.100775
0 0.434981 0.338178 0.034981 0.098837
