0 0.355333 0.230994 0.045333 0.066277
0 0.504000 0.225146 0.044000 0.066277
0 0.366667 0.382066 0.046667 0.068226
0 0.405667 0.229045 0.044667 0.066277
0 0.281333 0.157407 0.046667 0.067251
0 0.123667 0.161306 0.048667 0.069201
0 0.742667 0.287524 0.082667 0.066277
0 0.660333 0.365984 0.043333 0.065302
0 0.624667 0.149123 0.042667 0.064327
0 0.530000 0.151559 0.044000 0.065302
0 0.628333 0.293860 0.043333 0.065302
0 0.748333 0.215887 0.056667 0.065302
0 0.552333 0.223684 0.044667 0.065302
0 0.263000 0.387914 0.047333 0.070175
0 0.175667 0.314327 0.048667 0.069201
0 0.434000 0.302632 0.045333 0.067251
0 0.252667 0.234893 0.048000 0.068226
0 0.420333 0.457115 0.246000 0.081871
0 0.229333 0.159357 0.049333 0.067251
0 0.580667 0.296296 0.042667 0.066277
0 0.315000 0.384990 0.047333 0.070175
0 0.281000 0.309942 0.047333 0.070175
0 0.613333 0.367934 0.044000 0.065302
0 0.578000 0.444932 0.062667 0.069201
0 0.304333 0.232456 0.046000 0.067251
0 0.481667 0.153021 0.044667 0.066277
0 0.089000 0.478558 0.052667 0.074074
0 0.671667 0.146686 0.042000 0.063353
0 0.578000 0.150097 0.044000 0.064327
0 0.483333 0.300682 0.044000 0.067251
0 0.634333 0.441520 0.044667 0.066277
0 0.565333 0.370858 0.045333 0.067251
0 0.733333 0.145224 0.072000 0.064327
0 0.455000 0.226608 0.044667 0.067251
0 0.332000 0.156433 0.046667 0.067251
0 0.177667 0.161306 0.048667 0.067251
0 0.146667 0.238791 0.050667 0.070175
0 0.693667 0.218324 0.042000 0.064327
0 0.082333 0.241228 0.068667 0.071150
0 0.432667 0.153996 0.044000 0.066277
0 0.416667 0.379142 0.046667 0.068226
0 0.100333 0.317739 0.094000 0.072125
0 0.533000 0.297758 0.044667 0.067251
0 0.261000 0.466862 0.067333 0.072125
0 0.506333 0.279240 0.979333 0.550682
0 0.383667 0.305556 0.046000 0.067251
0 0.675333 0.291423 0.042667 0.064327
0 0.332667 0.307505 0.046667 0.067251
0 0.228667 0.312378 0.048000 0.069201
0 0.383000 0.155945 0.046000 0.066277
0 0.647667 0.219786 0.043333 0.063353
0 0.121333 0.395712 0.122667 0.076023
0 0.738667 0.360136 0.104000 0.067251
0 0.199667 0.235867 0.047333 0.068226
0 0.069333 0.163255 0.049333 0.069201
0 0.210667 0.390838 0.048000 0.070175
0 0.600333 0.221735 0.043333 0.065302
0 0.467333 0.375731 0.045333 0.067251
0 0.516333 0.373782 0.046000 0.067251
