0 0.700000 0.602612 0.062937 0.082090
0 0.337413 0.508396 0.063636 0.082090
0 0.522378 0.788246 0.334266 0.098881
0 0.955944 0.696828 0.089510 0.083955
0 0.981469 0.427239 0.038462 0.080224
0 0.908392 0.605877 0.062937 0.081157
0 0.407692 0.508862 0.062937 0.081157
0 0.352098 0.598414 0.063636 0.083022
0 0.717832 0.423507 0.063636 0.080224
0 0.476224 0.509795 0.061538 0.079291
0 0.491608 0.599813 0.061538 0.080224
0 0.282867 0.597015 0.063636 0.082090
0 0.163636 0.414646 0.062937 0.081157
0 0.317483 0.687966 0.062937 0.083022
0 0.630420 0.601679 0.062238 0.082090
0 0.683916 0.512127 0.062937 0.080224
0 0.804196 0.694030 0.062937 0.080224
0 0.456993 0.690299 0.063636 0.082090
0 0.233566 0.416045 0.062937 0.080224
0 0.873776 0.695896 0.065035 0.082090
0 0.441958 0.420243 0.062937 0.081157
0 0.924825 0.425373 0.062238 0.078358
0 0.387413 0.689366 0.064336 0.082090
0 0.752098 0.513526 0.065035 0.081157
0 0.891259 0.515858 0.063636 0.082090
0 0.838811 0.605410 0.063636 0.082090
0 0.787762 0.423974 0.063636 0.081157
0 0.516783 0.572295 0.967832 0.612873
0 0.422727 0.599347 0.063636 0.081157
0 0.228322 0.784981 0.065035 0.097948
0 0.373427 0.417910 0.061538 0.082090
0 0.769930 0.604478 0.062937 0.080224
0 0.960490 0.515858 0.063636 0.080224
0 0.116434 0.593750 0.118182 0.083022
0 0.157692 0.784049 0.067832 0.097948
0 0.109790 0.503265 0.099301 0.083022
0 0.822028 0.514459 0.063636 0.081157
0 0.613636 0.512127 0.062238 0.082090
0 0.247203 0.687500 0.063636 0.082090
0 0.197203 0.505597 0.064336 0.082090
0 0.595105 0.691231 0.062937 0.082090
0 0.511538 0.421642 0.062238 0.080224
0 0.815734 0.791511 0.065035 0.097948
0 0.093706 0.413246 0.062937 0.080224
0 0.855944 0.425373 0.062937 0.080224
0 0.580420 0.422575 0.061538 0.080224
0 0.973077 0.605877 0.055245 0.081157
0 0.648951 0.423041 0.062937 0.081157
0 0.561189 0.600746 0.060839 0.080224
0 0.664336 0.692164 0.064336 0.083955
0 0.545804 0.510728 0.062238 0.081157
0 0.213287 0.596082 0.062937 0.082090
0 0.526224 0.690765 0.063636 0.083022
0 0.733916 0.693097 0.063636 0.080224
0 0.303846 0.416978 0.063636 0.080224
0 0.134615 0.684701 0.154545 0.083955
0 0.267133 0.505597 0.062937 0.082090
