0 0.578125 0.613281 0.037109 0.044271
0 0.304199 0.602865 0.040039 0.044271
0 0.517578 0.573568 0.039062 0.042969
0 0.490723 0.531250 0.036133 0.041667
0 0.348633 0.596354 0.039062 0.044271
0 0.535645 0.618490 0.040039 0.044271
0 0.661133 0.600911 0.039062 0.042969
0 0.345703 0.693359 0.039062 0.045573
0 0.248535 0.765625 0.041992 0.059896
0 0.191895 0.571615 0.038086 0.041667
0 0.690918 0.643880 0.040039 0.045573
0 0.212402 0.662760 0.075195 0.052083
0 0.279297 0.559896 0.039062 0.044271
0 0.204590 0.616536 0.061523 0.048177
0 0.444336 0.209635 0.341797 0.213542
0 0.611816 0.515625 0.038086 0.041667
0 0.600586 0.562500 0.039062 0.041667
0 0.606445 0.656250 0.039062 0.046875
0 0.364746 0.548177 0.038086 0.044271
0 0.682617 0.550781 0.039062 0.041667
0 0.492676 0.624349 0.038086 0.045573
0 0.227539 0.710286 0.099609 0.053385
0 0.652344 0.511068 0.037109 0.040365
0 0.301758 0.699870 0.039062 0.045573
0 0.742676 0.498698 0.059570 0.041667
0 0.564453 0.614583 0.814453 0.437500
0 0.391602 0.590495 0.039062 0.042969
0 0.520508 0.668620 0.039062 0.045573
0 0.762207 0.540365 0.040039 0.041667
0 0.450195 0.629557 0.039062 0.042969
0 0.433105 0.585286 0.038086 0.042969
0 0.619629 0.606120 0.038086 0.045573
0 0.405762 0.542969 0.038086 0.044271
0 0.275391 0.654948 0.039062 0.046875
0 0.294434 0.757161 0.043945 0.061198
0 0.320312 0.650391 0.039062 0.042969
0 0.563477 0.662760 0.037109 0.046875
0 0.435059 0.680990 0.040039 0.046875
0 0.482910 0.729818 0.211914 0.076823
0 0.406738 0.636719 0.038086 0.044271
0 0.390137 0.688151 0.040039 0.048177
0 0.260254 0.608724 0.040039 0.042969
0 0.571289 0.520182 0.039062 0.042969
0 0.478516 0.675130 0.041016 0.045573
0 0.759277 0.585938 0.071289 0.046875
0 0.363770 0.641927 0.040039 0.044271
0 0.559570 0.567057 0.037109 0.040365
0 0.692383 0.505208 0.037109 0.041667
0 0.235840 0.565755 0.038086 0.045573
0 0.447754 0.535807 0.038086 0.045573
0 0.702148 0.594401 0.039062 0.042969
0 0.321777 0.553385 0.040039 0.044271
0 0.759766 0.634766 0.093750 0.048177
0 0.475586 0.578125 0.039062 0.041667
0 0.722656 0.546224 0.039062 0.042969
0 0.641113 0.555339 0.038086 0.040365
0 0.666992 0.700521 0.042969 0.054688
0 0.648438 0.649740 0.039062 0.044271
0 0.531250 0.526042 0.037109 0.044271
