0 0.584739 0.342288 0.107083 0.082807
0 0.929595 0.663085 0.088533 0.070796
0 0.510118 0.630847 0.106239 0.079646
0 0.237352 0.542984 0.149241 0.109987
0 0.501686 0.500632 0.998314 1.000000
0 0.791737 0.751580 0.091062 0.074589
0 0.859191 0.912453 0.087690 0.068900
0 0.975970 0.822693 0.049747 0.070164
0 0.671164 0.537295 0.097808 0.077118
0 0.975970 0.923198 0.049747 0.068900
0 0.895447 0.736410 0.094435 0.072061
0 0.825885 0.565740 0.093592 0.074589
0 0.489039 0.743679 0.467116 0.358407
0 0.709949 0.457965 0.101180 0.077750
0 0.476813 0.363780 0.108769 0.085335
0 0.649241 0.401075 0.102867 0.079014
0 0.607926 0.482301 0.104553 0.079646
0 0.575042 0.683944 0.102867 0.079646
0 0.788364 0.641277 0.096121 0.075221
0 0.731450 0.590392 0.098651 0.075853
0 0.372681 0.144753 0.116358 0.089760
0 0.517285 0.280025 0.110455 0.087231
0 0.446880 0.212389 0.111298 0.085967
0 0.731029 0.918458 0.112985 0.091024
0 0.932125 0.960177 0.130691 0.080910
0 0.053541 0.383059 0.105396 0.117573
0 0.551433 0.548989 0.102867 0.080278
0 0.123103 0.318900 0.148398 0.108091
0 0.753794 0.826802 0.092749 0.073325
0 0.440135 0.577750 0.112985 0.084703
0 0.402614 0.303729 0.115514 0.089128
0 0.677066 0.654551 0.097808 0.076485
0 0.616358 0.603034 0.102867 0.080910
0 0.897133 0.841024 0.089376 0.071429
0 0.697723 0.781922 0.093592 0.077118
0 0.304806 0.213654 0.154300 0.123894
0 0.968381 0.709545 0.064924 0.071429
0 0.484823 0.492099 0.109612 0.085335
0 0.340641 0.369469 0.114671 0.087863
0 0.946459 0.882111 0.081788 0.067636
0 0.543423 0.424463 0.105396 0.082807
0 0.638280 0.733565 0.099494 0.076485
0 0.215008 0.394437 0.123103 0.091024
0 0.295531 0.458281 0.115514 0.085967
0 0.768550 0.513590 0.100337 0.076485
0 0.413997 0.432364 0.111298 0.085967
0 0.233558 0.280973 0.183811 0.138432
0 0.370995 0.519595 0.114671 0.083439
0 0.806914 0.870417 0.087690 0.072061
0 0.946459 0.779709 0.088533 0.070164
0 0.842327 0.689317 0.091062 0.071429
0 0.844013 0.797092 0.089376 0.072061
0 0.734823 0.704804 0.093592 0.074589
0 0.878162 0.615360 0.091906 0.072693
