0 0.460614 0.639381 0.050580 0.095870
0 0.488806 0.536873 0.048922 0.091445
0 0.372720 0.539823 0.048922 0.091445
0 0.228027 0.646755 0.048093 0.092920
0 0.783582 0.529499 0.049751 0.094395
0 0.576285 0.640118 0.051410 0.097345
0 0.325456 0.334071 0.048922 0.089971
0 0.560531 0.329646 0.053068 0.092920
0 0.678690 0.325959 0.053897 0.094395
0 0.106136 0.651180 0.063018 0.092920
0 0.432007 0.539086 0.049751 0.092920
0 0.844527 0.528761 0.052239 0.095870
0 0.298922 0.441003 0.050580 0.094395
0 0.415837 0.435841 0.048922 0.089971
0 0.739221 0.739676 0.055556 0.098820
0 0.753317 0.634218 0.050580 0.091445
0 0.443201 0.333333 0.050580 0.091445
0 0.403400 0.640855 0.050580 0.095870
0 0.604063 0.533923 0.050580 0.094395
0 0.890962 0.317109 0.120232 0.097345
0 0.633914 0.635693 0.050580 0.094395
0 0.181592 0.443953 0.051410 0.094395
0 0.798922 0.739676 0.053897 0.095870
0 0.476783 0.746313 0.344942 0.097345
0 0.798922 0.317847 0.050580 0.092920
0 0.836235 0.636431 0.100332 0.098820
0 0.830846 0.424779 0.051410 0.097345
0 0.344942 0.644543 0.049751 0.094395
0 0.118159 0.547935 0.093698 0.095870
0 0.473881 0.433628 0.050580 0.091445
0 0.239221 0.438791 0.048922 0.092920
0 0.662521 0.533186 0.053068 0.095870
0 0.694030 0.634956 0.049751 0.092920
0 0.518657 0.638643 0.050580 0.094395
0 0.313847 0.543510 0.048922 0.092920
0 0.170813 0.648230 0.049751 0.092920
0 0.708126 0.428466 0.051410 0.092920
0 0.737977 0.322271 0.053068 0.092920
0 0.101990 0.753687 0.051410 0.091445
0 0.530265 0.478614 0.941128 0.730088
0 0.384328 0.334071 0.050580 0.089971
0 0.254975 0.544985 0.048922 0.089971
0 0.722637 0.532448 0.052239 0.094395
0 0.286899 0.644543 0.048093 0.091445
0 0.589138 0.430678 0.052239 0.091445
0 0.216833 0.751475 0.052239 0.092920
0 0.531509 0.432891 0.051410 0.092920
0 0.618988 0.327434 0.053897 0.091445
0 0.501658 0.331121 0.053068 0.092920
0 0.108624 0.444690 0.079602 0.095870
0 0.149254 0.338496 0.048093 0.089971
0 0.648425 0.429204 0.053068 0.094395
0 0.546849 0.534661 0.050580 0.092920
0 0.768657 0.424779 0.051410 0.094395
0 0.905887 0.474189 0.083748 0.196165
0 0.091211 0.340708 0.048093 0.091445
0 0.208126 0.337758 0.049751 0.091445
0 0.196932 0.546460 0.047264 0.089971
0 0.267413 0.337021 0.050580 0.089971
0 0.356965 0.438053 0.048922 0.091445
