0 0.739631 0.690000 0.055300 0.075385
0 0.116935 0.533846 0.056452 0.070769
0 0.212558 0.684615 0.056452 0.076923
0 0.420507 0.766154 0.055300 0.080000
0 0.766129 0.849231 0.059908 0.083077
0 0.272465 0.687692 0.056452 0.076923
0 0.466014 0.851538 0.298387 0.084615
0 0.521889 0.637692 0.958525 0.607692
0 0.128456 0.606154 0.088710 0.076923
0 0.691820 0.538462 0.054147 0.070769
0 0.435484 0.609231 0.050691 0.073846
0 0.130760 0.685385 0.102535 0.078462
0 0.331797 0.686154 0.057604 0.076923
0 0.361175 0.765385 0.056452 0.078462
0 0.097350 0.850769 0.063364 0.083077
0 0.448733 0.686923 0.054147 0.075385
0 0.855991 0.769231 0.101382 0.080000
0 0.202765 0.607692 0.057604 0.076923
0 0.537442 0.766154 0.056452 0.080000
0 0.578341 0.539231 0.050691 0.072308
0 0.261521 0.609231 0.055300 0.076923
0 0.634217 0.538462 0.054147 0.070769
0 0.522465 0.538462 0.051843 0.070769
0 0.302995 0.768462 0.057604 0.081538
0 0.773041 0.766154 0.057604 0.076923
0 0.564516 0.688462 0.052995 0.075385
0 0.407834 0.536154 0.052995 0.069231
0 0.390553 0.685385 0.052995 0.075385
0 0.681452 0.690000 0.054147 0.075385
0 0.714862 0.766154 0.056452 0.076923
0 0.479839 0.766923 0.056452 0.078462
0 0.804724 0.540000 0.054147 0.070769
0 0.893433 0.691538 0.130184 0.075385
0 0.350230 0.533846 0.052995 0.070769
0 0.623848 0.689231 0.054147 0.076923
0 0.797235 0.690000 0.055300 0.072308
0 0.656106 0.766923 0.056452 0.078462
0 0.550115 0.610769 0.054147 0.073846
0 0.181452 0.763846 0.058756 0.081538
0 0.607143 0.611538 0.052995 0.072308
0 0.111175 0.765385 0.079493 0.081538
0 0.241935 0.764615 0.057604 0.080000
0 0.665323 0.611538 0.056452 0.075385
0 0.493088 0.609231 0.052995 0.070769
0 0.780530 0.614615 0.054147 0.075385
0 0.891705 0.540769 0.110599 0.069231
0 0.909562 0.616154 0.084101 0.072308
0 0.223502 0.852308 0.059908 0.083077
0 0.836982 0.613077 0.054147 0.072308
0 0.320276 0.609231 0.055300 0.073846
0 0.379032 0.609231 0.055300 0.073846
0 0.597350 0.768462 0.056452 0.081538
0 0.747696 0.538462 0.052995 0.070769
0 0.176267 0.530769 0.055300 0.070769
0 0.235599 0.533077 0.054147 0.072308
0 0.646313 0.849231 0.057604 0.083077
0 0.506912 0.686923 0.052995 0.075385
0 0.721774 0.611538 0.054147 0.075385
0 0.292627 0.534615 0.055300 0.072308
0 0.464862 0.537692 0.051843 0.069231
