0 0.336066 0.496289 0.044496 0.109462
0 0.229508 0.728200 0.046838 0.109462
0 0.493365 0.612245 0.043716 0.107607
0 0.540984 0.612245 0.042155 0.107607
0 0.346995 0.613173 0.044496 0.109462
0 0.359875 0.383117 0.045277 0.109462
0 0.396565 0.612245 0.045277 0.107607
0 0.750976 0.852505 0.045277 0.109462
0 0.725605 0.381262 0.096019 0.109462
0 0.735363 0.557514 0.076503 0.231911
0 0.191257 0.496289 0.045277 0.109462
0 0.602264 0.384972 0.046058 0.113173
0 0.154176 0.611317 0.044496 0.109462
0 0.373927 0.729128 0.046838 0.111317
0 0.202186 0.612245 0.045277 0.111317
0 0.638564 0.613173 0.045277 0.109462
0 0.481655 0.496289 0.043716 0.105751
0 0.298985 0.613173 0.045277 0.109462
0 0.554254 0.384972 0.045277 0.113173
0 0.067525 0.382189 0.046058 0.111317
0 0.444965 0.613173 0.043716 0.109462
0 0.067916 0.845083 0.048400 0.109462
0 0.117486 0.382189 0.046058 0.111317
0 0.384465 0.497217 0.046058 0.111317
0 0.263466 0.381262 0.044496 0.109462
0 0.411007 0.576994 0.751756 0.712430
0 0.408665 0.384045 0.044496 0.111317
0 0.167057 0.382189 0.045277 0.111317
0 0.074161 0.727273 0.059329 0.111317
0 0.142467 0.497217 0.047619 0.111317
0 0.239266 0.498145 0.046058 0.113173
0 0.087041 0.611317 0.083528 0.109462
0 0.179938 0.729128 0.046058 0.111317
0 0.651444 0.382189 0.044496 0.111317
0 0.577674 0.497217 0.045277 0.107607
0 0.569087 0.845083 0.045277 0.109462
0 0.326308 0.729128 0.045277 0.111317
0 0.505855 0.384045 0.045277 0.111317
0 0.686573 0.615028 0.046058 0.113173
0 0.080796 0.495362 0.071038 0.107607
0 0.589774 0.613173 0.044496 0.109462
0 0.471897 0.730983 0.047619 0.115028
0 0.568696 0.728200 0.046058 0.109462
0 0.674473 0.498145 0.045277 0.109462
0 0.215066 0.382189 0.046058 0.111317
0 0.311085 0.383117 0.044496 0.109462
0 0.626464 0.499072 0.044496 0.111317
0 0.529274 0.497217 0.045277 0.107607
0 0.250585 0.613173 0.045277 0.109462
0 0.618267 0.729128 0.046838 0.111317
0 0.422717 0.729128 0.046058 0.111317
0 0.392662 0.844156 0.304450 0.111317
0 0.432475 0.498145 0.045277 0.109462
0 0.217799 0.845083 0.046838 0.109462
0 0.733021 0.730056 0.087432 0.116883
0 0.287276 0.498145 0.045277 0.109462
0 0.130367 0.729128 0.046838 0.111317
0 0.457065 0.384045 0.046058 0.111317
0 0.520297 0.730983 0.046058 0.111317
0 0.277518 0.729128 0.047619 0.111317
