0 0.505405 0.586777 0.990541 0.683196
0 0.430068 0.511708 0.034459 0.070248
0 0.550338 0.681129 0.035811 0.073003
0 0.146959 0.437328 0.037162 0.073003
0 0.256419 0.519284 0.035811 0.071625
0 0.268243 0.608127 0.035135 0.073003
0 0.472973 0.509642 0.035135 0.071625
0 0.407432 0.427686 0.035135 0.073003
0 0.277365 0.431129 0.035811 0.071625
0 0.642568 0.413912 0.077027 0.073003
0 0.062500 0.804408 0.053378 0.088154
0 0.179730 0.611570 0.036486 0.074380
0 0.073649 0.615702 0.072973 0.077135
0 0.175676 0.796832 0.050000 0.086777
0 0.441554 0.597796 0.034459 0.071625
0 0.484797 0.596419 0.034459 0.071625
0 0.515203 0.506887 0.034459 0.071625
0 0.057095 0.440771 0.038514 0.071625
0 0.321284 0.431129 0.035811 0.071625
0 0.124662 0.526171 0.038514 0.074380
0 0.338851 0.789256 0.262838 0.099174
0 0.507432 0.683884 0.035135 0.073003
0 0.233784 0.432507 0.035135 0.071625
0 0.527365 0.593664 0.034459 0.071625
0 0.654730 0.543388 0.058108 0.163912
0 0.364865 0.429063 0.035135 0.073003
0 0.378716 0.690083 0.035811 0.071625
0 0.570608 0.591598 0.034459 0.073003
0 0.311824 0.605372 0.035811 0.073003
0 0.464189 0.685950 0.035135 0.071625
0 0.535135 0.421488 0.035135 0.071625
0 0.558108 0.506198 0.035135 0.073003
0 0.102365 0.440083 0.037162 0.073003
0 0.578378 0.418733 0.035135 0.071625
0 0.398649 0.601240 0.035135 0.073003
0 0.246284 0.699036 0.035811 0.073003
0 0.501689 0.776860 0.047973 0.085399
0 0.157432 0.702479 0.036486 0.074380
0 0.300338 0.517906 0.034459 0.071625
0 0.168919 0.523416 0.036486 0.074380
0 0.113176 0.704545 0.038514 0.075758
0 0.450000 0.424931 0.035135 0.073003
0 0.355405 0.603306 0.035135 0.071625
0 0.387162 0.514463 0.035135 0.073003
0 0.421284 0.688017 0.034459 0.073003
0 0.062162 0.707300 0.050000 0.075758
0 0.190203 0.435262 0.037162 0.074380
0 0.631081 0.675620 0.110811 0.075758
0 0.600676 0.504132 0.035135 0.071625
0 0.664527 0.767906 0.049324 0.086777
0 0.493243 0.423554 0.035135 0.073003
0 0.223311 0.609504 0.035811 0.073003
0 0.213176 0.522727 0.035811 0.073003
0 0.203041 0.699725 0.037162 0.074380
0 0.613514 0.590220 0.035135 0.073003
0 0.343919 0.515840 0.035135 0.073003
0 0.334459 0.692149 0.036486 0.073003
0 0.135473 0.612948 0.037162 0.074380
0 0.290203 0.694904 0.035811 0.073003
0 0.068243 0.528237 0.059459 0.075758
