0 0.366762 0.555970 0.041547 0.072139
0 0.530086 0.628109 0.042980 0.069652
0 0.675501 0.639925 0.055874 0.083333
0 0.277221 0.487562 0.035817 0.067164
0 0.071275 0.639303 0.043696 0.072139
0 0.175860 0.528607 0.042264 0.069652
0 0.530086 0.413557 0.041547 0.070896
0 0.044054 0.417289 0.042264 0.070896
0 0.492120 0.429726 0.042980 0.070896
0 0.405444 0.538557 0.042980 0.072139
0 0.568052 0.611940 0.041547 0.069652
0 0.137894 0.587687 0.042264 0.068408
0 0.026504 0.626244 0.051576 0.073383
0 0.520774 0.489428 0.041547 0.068408
0 0.229226 0.687189 0.042980 0.070896
0 0.255014 0.622512 0.037249 0.065920
0 0.640401 0.579602 0.111748 0.094527
0 0.531877 0.715174 0.056590 0.106965
0 0.162607 0.452736 0.042980 0.069652
0 0.463825 0.585199 0.042264 0.070896
0 0.500716 0.532960 1.000000 0.697761
0 0.596347 0.457090 0.042264 0.070896
0 0.252149 0.552239 0.037249 0.067164
0 0.443768 0.521144 0.042264 0.069652
0 0.424785 0.603234 0.042980 0.072139
0 0.381805 0.475746 0.035817 0.065920
0 0.025788 0.699005 0.050143 0.082090
0 0.111032 0.650498 0.042980 0.069652
0 0.083453 0.428483 0.042264 0.070896
0 0.136103 0.515547 0.041547 0.068408
0 0.492479 0.645522 0.043696 0.072139
0 0.098496 0.576493 0.042264 0.068408
0 0.236390 0.773010 0.176218 0.133085
0 0.190186 0.675373 0.043696 0.069652
0 0.177650 0.600124 0.042980 0.068408
0 0.415473 0.462687 0.042980 0.072139
0 0.382163 0.622512 0.053725 0.075871
0 0.214900 0.539801 0.041547 0.069652
0 0.043338 0.560323 0.073782 0.078358
0 0.217049 0.611940 0.041547 0.069652
0 0.454155 0.662313 0.042980 0.073383
0 0.242120 0.477612 0.035817 0.064677
0 0.568052 0.397388 0.041547 0.070896
0 0.150430 0.663557 0.042980 0.070896
0 0.095989 0.505597 0.042980 0.070896
0 0.202006 0.464552 0.041547 0.070896
0 0.415831 0.678483 0.042264 0.063433
0 0.615688 0.519900 0.042264 0.072139
0 0.650788 0.468905 0.070917 0.139303
0 0.578438 0.536070 0.042264 0.069652
0 0.482450 0.504975 0.042264 0.069652
0 0.559097 0.473259 0.042264 0.070896
0 0.540473 0.552239 0.042264 0.069652
0 0.045845 0.490672 0.063037 0.073383
0 0.268625 0.698383 0.041547 0.070896
0 0.501433 0.568408 0.041547 0.069652
0 0.453797 0.447139 0.043696 0.070896
0 0.625000 0.370647 0.082378 0.092040
0 0.123926 0.738184 0.054441 0.100746
0 0.123209 0.441542 0.042980 0.069652
0 0.425143 0.761194 0.174069 0.159204
