0 0.325272 0.565202 0.060627 0.059275
0 0.613420 0.427824 0.059264 0.057880
0 0.937330 0.362273 0.096730 0.059275
0 0.782016 0.360879 0.061308 0.059275
0 0.060967 0.496862 0.112398 0.059275
0 0.681199 0.429219 0.061308 0.059275
0 0.458447 0.637727 0.322888 0.071827
0 0.461172 0.564505 0.061308 0.059275
0 0.850477 0.360181 0.059264 0.057880
0 0.766008 0.496513 0.060627 0.058577
0 0.308583 0.362273 0.059946 0.059275
0 0.250000 0.638075 0.080381 0.068340
0 0.035082 0.362622 0.060627 0.058577
0 0.291553 0.497211 0.059946 0.059972
0 0.799387 0.564156 0.060627 0.058577
0 0.545640 0.428522 0.059946 0.059275
0 0.664850 0.637727 0.080381 0.070432
0 0.630790 0.495816 0.059946 0.059972
0 0.714237 0.361227 0.060627 0.059972
0 0.597071 0.564156 0.061989 0.059972
0 0.875341 0.429568 0.042234 0.058577
0 0.104223 0.361925 0.059946 0.057183
0 0.578338 0.361576 0.061308 0.059275
0 0.816417 0.429219 0.060627 0.059275
0 0.444142 0.361576 0.061308 0.059275
0 0.120913 0.564854 0.061989 0.059972
0 0.478202 0.428870 0.059946 0.058577
0 0.833787 0.496165 0.059946 0.059275
0 0.663828 0.563808 0.059264 0.059275
0 0.342643 0.429219 0.059946 0.057880
0 0.562670 0.496165 0.058583 0.059275
0 0.500681 0.479428 1.000000 0.430265
0 0.749319 0.428522 0.059946 0.059275
0 0.426771 0.497211 0.059264 0.059972
0 0.051771 0.429916 0.096730 0.059275
0 0.155654 0.496862 0.060627 0.059275
0 0.912125 0.564505 0.147139 0.060669
0 0.741826 0.637727 0.061308 0.069038
0 0.646798 0.360879 0.061989 0.059275
0 0.206744 0.428870 0.059264 0.058577
0 0.258174 0.564505 0.059946 0.059275
0 0.528610 0.564505 0.061308 0.060669
0 0.697888 0.496165 0.059264 0.059275
0 0.138965 0.429916 0.062670 0.059275
0 0.189714 0.564854 0.060627 0.058577
0 0.275204 0.429916 0.061308 0.059275
0 0.892711 0.497211 0.041553 0.059972
0 0.223433 0.497559 0.059946 0.059275
0 0.731948 0.563459 0.059264 0.058577
0 0.172684 0.361925 0.060627 0.058577
0 0.393733 0.564505 0.061308 0.059275
0 0.410082 0.428522 0.058583 0.057880
0 0.376362 0.361576 0.060627 0.059275
0 0.043597 0.564854 0.079019 0.058577
0 0.945163 0.463389 0.079700 0.127615
0 0.510899 0.361925 0.059946 0.059972
0 0.494550 0.496513 0.058583 0.058577
0 0.035422 0.637727 0.062670 0.069038
0 0.240463 0.362273 0.061308 0.059275
0 0.358992 0.496862 0.058583 0.059275
