0 0.357752 0.407895 0.042674 0.087719
0 0.322546 0.504386 0.041963 0.087719
0 0.050498 0.313596 0.042674 0.083333
0 0.110242 0.600146 0.042674 0.086257
0 0.440256 0.701754 0.054054 0.096491
0 0.098862 0.313596 0.042674 0.086257
0 0.024182 0.409357 0.046942 0.087719
0 0.012802 0.701754 0.024182 0.099415
0 0.462304 0.502924 0.042674 0.087719
0 0.122333 0.407895 0.042674 0.087719
0 0.193457 0.312865 0.041252 0.084795
0 0.263869 0.407164 0.041252 0.086257
0 0.275605 0.504386 0.043385 0.087719
0 0.205192 0.600146 0.043385 0.089181
0 0.609531 0.597953 0.100996 0.087719
0 0.416074 0.502924 0.041252 0.087719
0 0.181366 0.503655 0.042674 0.089181
0 0.062233 0.600146 0.043385 0.086257
0 0.346017 0.600146 0.043385 0.086257
0 0.151849 0.702485 0.056188 0.097953
0 0.544452 0.407164 0.041963 0.086257
0 0.158250 0.600146 0.043385 0.086257
0 0.532361 0.599415 0.041963 0.084795
0 0.287696 0.312865 0.041963 0.084795
0 0.334637 0.313596 0.041963 0.086257
0 0.018492 0.601608 0.035562 0.086257
0 0.310811 0.408626 0.042674 0.086257
0 0.584993 0.408626 0.029161 0.089181
0 0.170341 0.407895 0.043385 0.087719
0 0.556543 0.502924 0.041963 0.087719
0 0.296942 0.701754 0.225462 0.102339
0 0.252134 0.599415 0.043385 0.087719
0 0.369488 0.504386 0.041963 0.087719
0 0.500711 0.483187 1.000000 0.609649
0 0.146159 0.312865 0.043385 0.084795
0 0.217283 0.408626 0.041963 0.086257
0 0.521337 0.312865 0.042674 0.084795
0 0.627667 0.312865 0.064723 0.084795
0 0.298720 0.600146 0.044097 0.086257
0 0.240398 0.312865 0.042674 0.084795
0 0.450925 0.407895 0.042674 0.087719
0 0.475107 0.313596 0.042674 0.086257
0 0.497511 0.407895 0.041963 0.084795
0 0.381223 0.313596 0.042674 0.086257
0 0.614509 0.701754 0.096728 0.099415
0 0.228663 0.503655 0.041963 0.086257
0 0.509602 0.502924 0.043385 0.087719
0 0.597440 0.504386 0.028450 0.087719
0 0.030939 0.504386 0.060455 0.087719
0 0.087127 0.504386 0.043385 0.087719
0 0.075036 0.408626 0.044808 0.089181
0 0.404339 0.406433 0.041963 0.084795
0 0.392248 0.600877 0.044808 0.087719
0 0.439189 0.599415 0.041963 0.087719
0 0.485775 0.599415 0.041252 0.084795
0 0.134068 0.504386 0.043385 0.087719
0 0.012091 0.314327 0.022760 0.081871
0 0.631223 0.454678 0.053343 0.184211
0 0.428165 0.313596 0.042674 0.086257
0 0.568279 0.312135 0.041252 0.083333
