0 0.505348 0.587755 0.982620 0.674830
0 0.429479 0.513605 0.034091 0.069388
0 0.548463 0.680952 0.035428 0.072109
0 0.149398 0.440136 0.036765 0.072109
0 0.257687 0.521088 0.035428 0.070748
0 0.269385 0.608844 0.034759 0.072109
0 0.471925 0.511565 0.034759 0.070748
0 0.407086 0.430612 0.034759 0.072109
0 0.278409 0.434014 0.035428 0.070748
0 0.639706 0.417007 0.076203 0.072109
0 0.065842 0.802721 0.052807 0.087075
0 0.181818 0.612245 0.036096 0.073469
0 0.076872 0.616327 0.072193 0.076190
0 0.177807 0.795238 0.049465 0.085714
0 0.440842 0.598639 0.034091 0.070748
0 0.483623 0.597279 0.034091 0.070748
0 0.513703 0.508844 0.034091 0.070748
0 0.060495 0.443537 0.038102 0.070748
0 0.321858 0.434014 0.035428 0.070748
0 0.127340 0.527891 0.038102 0.073469
0 0.339238 0.787755 0.260027 0.097959
0 0.506016 0.683673 0.034759 0.072109
0 0.235294 0.435374 0.034759 0.070748
0 0.525735 0.594558 0.034091 0.070748
0 0.651738 0.544898 0.057487 0.161905
0 0.364973 0.431973 0.034759 0.072109
0 0.378676 0.689796 0.035428 0.070748
0 0.568516 0.592517 0.034091 0.072109
0 0.312500 0.606122 0.035428 0.072109
0 0.463235 0.685714 0.034759 0.070748
0 0.533422 0.424490 0.034759 0.070748
0 0.556150 0.508163 0.034759 0.072109
0 0.105281 0.442857 0.036765 0.072109
0 0.576203 0.421769 0.034759 0.070748
0 0.398396 0.602041 0.034759 0.072109
0 0.247660 0.698639 0.035428 0.072109
0 0.500334 0.775510 0.047460 0.084354
0 0.159759 0.702041 0.036096 0.073469
0 0.301136 0.519728 0.034091 0.070748
0 0.171123 0.525170 0.036096 0.073469
0 0.115976 0.704082 0.038102 0.074830
0 0.449198 0.427891 0.034759 0.072109
0 0.355615 0.604082 0.034759 0.070748
0 0.387032 0.516327 0.034759 0.072109
0 0.420789 0.687755 0.034091 0.072109
0 0.065508 0.706803 0.049465 0.074830
0 0.192179 0.438095 0.036765 0.073469
0 0.628342 0.675510 0.109626 0.074830
0 0.598262 0.506122 0.034759 0.070748
0 0.661430 0.766667 0.048797 0.085714
0 0.491979 0.426531 0.034759 0.072109
0 0.224933 0.610204 0.035428 0.072109
0 0.214906 0.524490 0.035428 0.072109
0 0.204880 0.699320 0.036765 0.073469
0 0.610963 0.591156 0.034759 0.072109
0 0.344251 0.517687 0.034759 0.072109
0 0.334893 0.691837 0.036096 0.072109
0 0.138035 0.613605 0.036765 0.073469
0 0.291110 0.694558 0.035428 0.072109
0 0.071524 0.529932 0.058824 0.074830
