0 0.714844 0.587891 0.046875 0.063802
0 0.187012 0.455729 0.047852 0.059896
0 0.268066 0.583333 0.047852 0.065104
0 0.444336 0.652344 0.046875 0.067708
0 0.737305 0.722656 0.050781 0.070312
0 0.318848 0.585938 0.047852 0.065104
0 0.482910 0.724609 0.252930 0.071615
0 0.554199 0.543620 0.860352 0.514323
0 0.196777 0.516927 0.075195 0.065104
0 0.674316 0.459635 0.045898 0.059896
0 0.457031 0.519531 0.042969 0.062500
0 0.198730 0.583984 0.086914 0.066406
0 0.369141 0.584635 0.048828 0.065104
0 0.394043 0.651693 0.047852 0.066406
0 0.170410 0.723958 0.053711 0.070312
0 0.468262 0.585286 0.045898 0.063802
0 0.813477 0.654948 0.085938 0.067708
0 0.259766 0.518229 0.048828 0.065104
0 0.543457 0.652344 0.047852 0.067708
0 0.578125 0.460286 0.042969 0.061198
0 0.309570 0.519531 0.046875 0.065104
0 0.625488 0.459635 0.045898 0.059896
0 0.530762 0.459635 0.043945 0.059896
0 0.344727 0.654297 0.048828 0.069010
0 0.743164 0.652344 0.048828 0.065104
0 0.566406 0.586589 0.044922 0.063802
0 0.433594 0.457682 0.044922 0.058594
0 0.418945 0.583984 0.044922 0.063802
0 0.665527 0.587891 0.045898 0.063802
0 0.693848 0.652344 0.047852 0.065104
0 0.494629 0.652995 0.047852 0.066406
0 0.770020 0.460938 0.045898 0.059896
0 0.845215 0.589193 0.110352 0.063802
0 0.384766 0.455729 0.044922 0.059896
0 0.616699 0.587240 0.045898 0.065104
0 0.763672 0.587891 0.046875 0.061198
0 0.644043 0.652995 0.047852 0.066406
0 0.554199 0.520833 0.045898 0.062500
0 0.241699 0.650391 0.049805 0.069010
0 0.602539 0.521484 0.044922 0.061198
0 0.182129 0.651693 0.067383 0.069010
0 0.292969 0.651042 0.048828 0.067708
0 0.651855 0.521484 0.047852 0.063802
0 0.505859 0.519531 0.044922 0.059896
0 0.749512 0.524089 0.045898 0.063802
0 0.843750 0.461589 0.093750 0.058594
0 0.858887 0.525391 0.071289 0.061198
0 0.277344 0.725260 0.050781 0.070312
0 0.797363 0.522786 0.045898 0.061198
0 0.359375 0.519531 0.046875 0.062500
0 0.409180 0.519531 0.046875 0.062500
0 0.594238 0.654297 0.047852 0.069010
0 0.721680 0.459635 0.044922 0.059896
0 0.237305 0.453125 0.046875 0.059896
0 0.287598 0.455078 0.045898 0.061198
0 0.635742 0.722656 0.048828 0.070312
0 0.517578 0.585286 0.044922 0.063802
0 0.699707 0.521484 0.045898 0.063802
0 0.335938 0.456380 0.046875 0.061198
0 0.481934 0.458984 0.043945 0.058594
