0 0.064065 0.590561 0.081001 0.094388
0 0.349043 0.491071 0.047128 0.089286
0 0.392489 0.691327 0.045655 0.086735
0 0.615611 0.593112 0.050074 0.089286
0 0.602356 0.793367 0.044183 0.091837
0 0.125920 0.792092 0.048601 0.094388
0 0.318851 0.589286 0.048601 0.086735
0 0.287923 0.492347 0.045655 0.091837
0 0.055228 0.793367 0.066274 0.091837
0 0.662003 0.788265 0.045655 0.081633
0 0.413108 0.892857 0.293078 0.091837
0 0.305596 0.790816 0.048601 0.086735
0 0.154639 0.693878 0.047128 0.096939
0 0.332842 0.690051 0.047128 0.089286
0 0.631075 0.690051 0.042710 0.079082
0 0.231222 0.890306 0.047128 0.086735
0 0.705449 0.494898 0.050074 0.091837
0 0.245950 0.786990 0.044183 0.079082
0 0.795287 0.593112 0.044183 0.089286
0 0.764359 0.489796 0.044183 0.081633
0 0.229013 0.492347 0.048601 0.091837
0 0.854197 0.489796 0.108984 0.081633
0 0.049337 0.488520 0.045655 0.084184
0 0.379234 0.591837 0.048601 0.091837
0 0.071429 0.693878 0.095729 0.096939
0 0.689249 0.696429 0.047128 0.091837
0 0.140648 0.594388 0.051546 0.091837
0 0.484536 0.789541 0.047128 0.084184
0 0.870398 0.644133 0.079529 0.201531
0 0.556701 0.589286 0.047128 0.086735
0 0.198822 0.590561 0.047128 0.089286
0 0.734904 0.593112 0.047128 0.094388
0 0.591311 0.895408 0.051546 0.096939
0 0.543446 0.797194 0.050074 0.099490
0 0.170103 0.493622 0.048601 0.094388
0 0.213549 0.692602 0.050074 0.094388
0 0.496318 0.593112 0.047128 0.094388
0 0.452872 0.695153 0.048601 0.094388
0 0.273196 0.693878 0.048601 0.096939
0 0.511782 0.691327 0.045655 0.086735
0 0.109720 0.494898 0.045655 0.091837
0 0.586892 0.494898 0.048601 0.091837
0 0.187040 0.788265 0.044183 0.081633
0 0.675994 0.589286 0.047128 0.086735
0 0.259941 0.590561 0.048601 0.094388
0 0.424890 0.788265 0.048601 0.081633
0 0.748895 0.692602 0.045655 0.089286
0 0.407953 0.492347 0.047128 0.091837
0 0.527246 0.494898 0.050074 0.096939
0 0.645803 0.493622 0.045655 0.089286
0 0.570692 0.695153 0.048601 0.094388
0 0.710604 0.896684 0.051546 0.099490
0 0.365243 0.788265 0.044183 0.081633
0 0.803387 0.790816 0.092784 0.086735
0 0.807806 0.692602 0.045655 0.089286
0 0.498527 0.673469 0.994109 0.632653
0 0.438144 0.593112 0.048601 0.094388
0 0.720913 0.793367 0.048601 0.096939
0 0.049337 0.896684 0.054492 0.099490
0 0.467599 0.494898 0.048601 0.096939
