0 0.337176 0.855000 0.040346 0.075714
0 0.491715 0.771429 0.039625 0.077143
0 0.579971 0.771429 0.038905 0.077143
0 0.370677 0.604286 0.039625 0.074286
0 0.448127 0.770714 0.038905 0.075714
0 0.425432 0.855714 0.039625 0.074286
0 0.137608 0.771429 0.040346 0.074286
0 0.126441 0.687143 0.039625 0.077143
0 0.292867 0.940000 0.216859 0.080000
0 0.034582 0.770000 0.067723 0.077143
0 0.304035 0.687857 0.038905 0.075714
0 0.260086 0.687143 0.038905 0.077143
0 0.381484 0.856429 0.039625 0.075714
0 0.018012 0.941429 0.034582 0.080000
0 0.148415 0.602857 0.040346 0.074286
0 0.115634 0.855714 0.039625 0.074286
0 0.414625 0.604286 0.039625 0.074286
0 0.524856 0.687857 0.039625 0.075714
0 0.070965 0.855714 0.039625 0.077143
0 0.023415 0.855000 0.045389 0.078571
0 0.017651 0.602143 0.033862 0.075714
0 0.612752 0.729286 0.041066 0.161429
0 0.436599 0.688571 0.038905 0.074286
0 0.502882 0.604286 0.038905 0.074286
0 0.292867 0.855714 0.039625 0.074286
0 0.237392 0.602857 0.039625 0.074286
0 0.182277 0.771429 0.038905 0.077143
0 0.326369 0.604286 0.038905 0.074286
0 0.082133 0.687857 0.040346 0.075714
0 0.204251 0.855714 0.039625 0.074286
0 0.592939 0.940000 0.087896 0.080000
0 0.403458 0.771429 0.038905 0.077143
0 0.215778 0.687143 0.039625 0.077143
0 0.458213 0.604286 0.038905 0.074286
0 0.568804 0.687143 0.039625 0.074286
0 0.314841 0.771429 0.038905 0.077143
0 0.104107 0.602143 0.039625 0.075714
0 0.603026 0.603571 0.061960 0.075714
0 0.536023 0.770714 0.038905 0.075714
0 0.059438 0.602143 0.039625 0.075714
0 0.171470 0.687143 0.040346 0.077143
0 0.513329 0.855714 0.039625 0.074286
0 0.281700 0.604286 0.038905 0.074286
0 0.392291 0.687857 0.039625 0.075714
0 0.029179 0.687143 0.056916 0.077143
0 0.348343 0.687857 0.039625 0.075714
0 0.586095 0.854286 0.095821 0.077143
0 0.160303 0.855714 0.039625 0.074286
0 0.526657 0.944286 0.040346 0.077143
0 0.270533 0.770714 0.039625 0.075714
0 0.060159 0.942857 0.041066 0.077143
0 0.193084 0.602857 0.038905 0.074286
0 0.093300 0.771429 0.039625 0.074286
0 0.500720 0.720714 1.000000 0.561429
0 0.226225 0.770714 0.038905 0.075714
0 0.469380 0.855714 0.039625 0.074286
0 0.546830 0.602857 0.038905 0.074286
0 0.248919 0.855000 0.039625 0.075714
0 0.480548 0.687857 0.038905 0.075714
0 0.359510 0.770714 0.038905 0.075714
