0 0.125000 0.569444 0.081250 0.068519
0 0.497396 0.712037 0.053125 0.075926
0 0.504687 0.658333 0.978125 0.505556
0 0.180208 0.501852 0.052083 0.070370
0 0.057292 0.811111 0.072917 0.088889
0 0.469792 0.632407 0.050000 0.072222
0 0.610417 0.555556 0.050000 0.062963
0 0.797396 0.489815 0.092708 0.061111
0 0.240104 0.805556 0.063542 0.092593
0 0.440104 0.711111 0.057292 0.077778
0 0.379688 0.496296 0.046875 0.062963
0 0.266667 0.720370 0.058333 0.081481
0 0.298438 0.565741 0.053125 0.072222
0 0.429688 0.495370 0.046875 0.064815
0 0.084896 0.722222 0.080208 0.081481
0 0.559375 0.557407 0.047917 0.062963
0 0.413542 0.632407 0.052083 0.072222
0 0.507292 0.558333 0.050000 0.064815
0 0.741667 0.629630 0.056250 0.070370
0 0.579688 0.491667 0.046875 0.064815
0 0.383333 0.715741 0.054167 0.079630
0 0.766667 0.559259 0.056250 0.070370
0 0.150521 0.723148 0.065625 0.087037
0 0.403646 0.562037 0.048958 0.064815
0 0.669271 0.709259 0.057292 0.077778
0 0.116146 0.642593 0.101042 0.077778
0 0.726562 0.709259 0.057292 0.077778
0 0.455208 0.557407 0.047917 0.062963
0 0.713542 0.557407 0.050000 0.066667
0 0.207292 0.721296 0.060417 0.083333
0 0.662500 0.557407 0.050000 0.066667
0 0.245312 0.566667 0.053125 0.070370
0 0.677604 0.488889 0.046875 0.066667
0 0.249479 0.637963 0.055208 0.072222
0 0.629167 0.491667 0.045833 0.068519
0 0.726562 0.488889 0.051042 0.066667
0 0.351562 0.562963 0.051042 0.066667
0 0.128646 0.503704 0.055208 0.066667
0 0.523438 0.632407 0.048958 0.072222
0 0.280208 0.499074 0.050000 0.068519
0 0.765104 0.793519 0.063542 0.090741
0 0.578125 0.630556 0.052083 0.072222
0 0.554688 0.711111 0.055208 0.081481
0 0.611458 0.711111 0.056250 0.081481
0 0.323958 0.716667 0.058333 0.077778
0 0.444271 0.796296 0.355208 0.081481
0 0.834375 0.593519 0.089583 0.135185
0 0.359375 0.636111 0.052083 0.075926
0 0.480729 0.494444 0.046875 0.066667
0 0.684896 0.629630 0.055208 0.070370
0 0.646875 0.794444 0.060417 0.085185
0 0.827083 0.705556 0.152083 0.077778
0 0.303646 0.637963 0.055208 0.072222
0 0.531250 0.492593 0.045833 0.066667
0 0.630729 0.629630 0.048958 0.070370
0 0.193229 0.640741 0.057292 0.074074
0 0.792188 0.628704 0.059375 0.068519
0 0.192188 0.568519 0.057292 0.070370
0 0.230208 0.500000 0.052083 0.066667
0 0.330729 0.497222 0.046875 0.064815
