0 0.567210 0.318252 0.048880 0.069018
0 0.651222 0.242331 0.049898 0.070552
0 0.399695 0.317485 0.047862 0.070552
0 0.787169 0.317485 0.048880 0.070552
0 0.678208 0.319018 0.048880 0.070552
0 0.208248 0.240031 0.047862 0.069018
0 0.622200 0.319018 0.048880 0.070552
0 0.191955 0.394939 0.047862 0.069018
0 0.178717 0.318252 0.049898 0.069018
0 0.442974 0.555982 0.270876 0.081288
0 0.220978 0.474693 0.048880 0.072086
0 0.553971 0.476227 0.050916 0.072086
0 0.497454 0.473926 0.049898 0.070552
0 0.665479 0.474693 0.049898 0.072086
0 0.760692 0.239264 0.048880 0.070552
0 0.330957 0.473926 0.048880 0.070552
0 0.152240 0.240798 0.047862 0.070552
0 0.262220 0.239264 0.049898 0.070552
0 0.732179 0.318252 0.048880 0.072086
0 0.344705 0.317485 0.047862 0.070552
0 0.441446 0.473926 0.049898 0.070552
0 0.125255 0.397239 0.075356 0.070552
0 0.233707 0.317485 0.047862 0.070552
0 0.104888 0.241564 0.034623 0.069018
0 0.511202 0.318252 0.048880 0.072086
0 0.289715 0.317485 0.049898 0.070552
0 0.117617 0.318252 0.062118 0.072086
0 0.525458 0.395706 0.048880 0.070552
0 0.455193 0.317485 0.046843 0.070552
0 0.540224 0.242331 0.049898 0.070552
0 0.830448 0.240031 0.076375 0.069018
0 0.372200 0.240031 0.047862 0.069018
0 0.276986 0.556748 0.048880 0.079755
0 0.247454 0.395706 0.048880 0.070552
0 0.484725 0.241564 0.048880 0.069018
0 0.428208 0.240031 0.047862 0.069018
0 0.412933 0.394939 0.047862 0.069018
0 0.843686 0.358129 0.047862 0.148773
0 0.114562 0.473926 0.056008 0.070552
0 0.357943 0.395706 0.047862 0.070552
0 0.705703 0.240798 0.048880 0.070552
0 0.110998 0.555982 0.048880 0.078221
0 0.469450 0.395706 0.048880 0.070552
0 0.478615 0.377301 0.812627 0.487730
0 0.691955 0.396472 0.049898 0.072086
0 0.720468 0.475460 0.049898 0.070552
0 0.581466 0.396472 0.048880 0.072086
0 0.810081 0.475460 0.115071 0.073620
0 0.317719 0.239264 0.048880 0.070552
0 0.275967 0.473160 0.048880 0.072086
0 0.609470 0.555982 0.049898 0.078221
0 0.636965 0.395706 0.047862 0.070552
0 0.302444 0.394939 0.048880 0.072086
0 0.167006 0.474693 0.046843 0.072086
0 0.801426 0.395706 0.046843 0.070552
0 0.386456 0.472393 0.047862 0.070552
0 0.608961 0.473926 0.048880 0.070552
0 0.596741 0.242331 0.048880 0.070552
0 0.746945 0.395706 0.047862 0.070552
