0 0.583984 0.333088 0.046875 0.066176
0 0.664551 0.260294 0.047852 0.067647
0 0.423340 0.332353 0.045898 0.067647
0 0.794922 0.332353 0.046875 0.067647
0 0.690430 0.333824 0.046875 0.067647
0 0.239746 0.258088 0.045898 0.066176
0 0.636719 0.333824 0.046875 0.067647
0 0.224121 0.406618 0.045898 0.066176
0 0.211426 0.333088 0.047852 0.066176
0 0.464844 0.561029 0.259766 0.077941
0 0.251953 0.483088 0.046875 0.069118
0 0.571289 0.484559 0.048828 0.069118
0 0.517090 0.482353 0.047852 0.067647
0 0.678223 0.483088 0.047852 0.069118
0 0.769531 0.257353 0.046875 0.067647
0 0.357422 0.482353 0.046875 0.067647
0 0.186035 0.258824 0.045898 0.067647
0 0.291504 0.257353 0.047852 0.067647
0 0.742188 0.333088 0.046875 0.069118
0 0.370605 0.332353 0.045898 0.067647
0 0.463379 0.482353 0.047852 0.067647
0 0.160156 0.408824 0.072266 0.067647
0 0.264160 0.332353 0.045898 0.067647
0 0.140625 0.259559 0.033203 0.066176
0 0.530273 0.333088 0.046875 0.069118
0 0.317871 0.332353 0.047852 0.067647
0 0.152832 0.333088 0.059570 0.069118
0 0.543945 0.407353 0.046875 0.067647
0 0.476562 0.332353 0.044922 0.067647
0 0.558105 0.260294 0.047852 0.067647
0 0.836426 0.258088 0.073242 0.066176
0 0.396973 0.258088 0.045898 0.066176
0 0.305664 0.561765 0.046875 0.076471
0 0.277344 0.407353 0.046875 0.067647
0 0.504883 0.259559 0.046875 0.066176
0 0.450684 0.258088 0.045898 0.066176
0 0.436035 0.406618 0.045898 0.066176
0 0.849121 0.371324 0.045898 0.142647
0 0.149902 0.482353 0.053711 0.067647
0 0.383301 0.407353 0.045898 0.067647
0 0.716797 0.258824 0.046875 0.067647
0 0.146484 0.561029 0.046875 0.075000
0 0.490234 0.407353 0.046875 0.067647
0 0.499023 0.389706 0.779297 0.467647
0 0.703613 0.408088 0.047852 0.069118
0 0.730957 0.483824 0.047852 0.067647
0 0.597656 0.408088 0.046875 0.069118
0 0.816895 0.483824 0.110352 0.070588
0 0.344727 0.257353 0.046875 0.067647
0 0.304688 0.481618 0.046875 0.069118
0 0.624512 0.561029 0.047852 0.075000
0 0.650879 0.407353 0.045898 0.067647
0 0.330078 0.406618 0.046875 0.069118
0 0.200195 0.483088 0.044922 0.069118
0 0.808594 0.407353 0.044922 0.067647
0 0.410645 0.480882 0.045898 0.067647
0 0.624023 0.482353 0.046875 0.067647
0 0.612305 0.260294 0.046875 0.067647
0 0.756348 0.407353 0.045898 0.067647
