0 0.116705 0.619388 0.089245 0.075510
0 0.525744 0.776531 0.058352 0.083673
0 0.501144 0.717347 1.000000 0.557143
0 0.177346 0.544898 0.057208 0.077551
0 0.042334 0.885714 0.080092 0.097959
0 0.495423 0.688776 0.054920 0.079592
0 0.649886 0.604082 0.054920 0.069388
0 0.855263 0.531633 0.101831 0.067347
0 0.243135 0.879592 0.069794 0.102041
0 0.462815 0.775510 0.062929 0.085714
0 0.396453 0.538776 0.051487 0.069388
0 0.272311 0.785714 0.064073 0.089796
0 0.307208 0.615306 0.058352 0.079592
0 0.451373 0.537755 0.051487 0.071429
0 0.072654 0.787755 0.088101 0.089796
0 0.593822 0.606122 0.052632 0.069388
0 0.433638 0.688776 0.057208 0.079592
0 0.536613 0.607143 0.054920 0.071429
0 0.794050 0.685714 0.061785 0.077551
0 0.616133 0.533673 0.051487 0.071429
0 0.400458 0.780612 0.059497 0.087755
0 0.821510 0.608163 0.061785 0.077551
0 0.144737 0.788776 0.072082 0.095918
0 0.422769 0.611224 0.053776 0.071429
0 0.714531 0.773469 0.062929 0.085714
0 0.106979 0.700000 0.110984 0.085714
0 0.777460 0.773469 0.062929 0.085714
0 0.479405 0.606122 0.052632 0.069388
0 0.763158 0.606122 0.054920 0.073469
0 0.207094 0.786735 0.066362 0.091837
0 0.707094 0.606122 0.054920 0.073469
0 0.248856 0.616327 0.058352 0.077551
0 0.723684 0.530612 0.051487 0.073469
0 0.253432 0.694898 0.060641 0.079592
0 0.670481 0.533673 0.050343 0.075510
0 0.777460 0.530612 0.056064 0.073469
0 0.365561 0.612245 0.056064 0.073469
0 0.120709 0.546939 0.060641 0.073469
0 0.554348 0.688776 0.053776 0.079592
0 0.287185 0.541837 0.054920 0.075510
0 0.819794 0.866327 0.069794 0.100000
0 0.614416 0.686735 0.057208 0.079592
0 0.588673 0.775510 0.060641 0.089796
0 0.651030 0.775510 0.061785 0.089796
0 0.335240 0.781633 0.064073 0.085714
0 0.467391 0.869388 0.390160 0.089796
0 0.895881 0.645918 0.098398 0.148980
0 0.374142 0.692857 0.057208 0.083673
0 0.507437 0.536735 0.051487 0.073469
0 0.731693 0.685714 0.060641 0.077551
0 0.689931 0.867347 0.066362 0.093878
0 0.887872 0.769388 0.167048 0.085714
0 0.312929 0.694898 0.060641 0.079592
0 0.562929 0.534694 0.050343 0.073469
0 0.672197 0.685714 0.053776 0.077551
0 0.191648 0.697959 0.062929 0.081633
0 0.849542 0.684694 0.065217 0.075510
0 0.190503 0.618367 0.062929 0.077551
0 0.232265 0.542857 0.057208 0.073469
0 0.342677 0.539796 0.051487 0.071429
