0 0.362187 0.233750 0.039375 0.040833
0 0.463125 0.379583 0.043750 0.047500
0 0.408125 0.232917 0.040000 0.042500
0 0.454375 0.233750 0.040000 0.040833
0 0.500625 0.233750 0.040000 0.039167
0 0.173437 0.381667 0.043125 0.046667
0 0.681875 0.327083 0.047500 0.044167
0 0.487500 0.329167 0.042500 0.043333
0 0.511563 0.436250 0.043125 0.057500
0 0.223438 0.233750 0.040625 0.042500
0 0.363750 0.437083 0.240000 0.060833
0 0.242500 0.280833 0.042500 0.046667
0 0.392500 0.329583 0.042500 0.044167
0 0.665312 0.280417 0.043125 0.042500
0 0.617500 0.280000 0.041250 0.043333
0 0.429375 0.280833 0.041250 0.043333
0 0.154375 0.331250 0.042500 0.045833
0 0.150000 0.282083 0.042500 0.044167
0 0.195312 0.280833 0.041875 0.046667
0 0.511875 0.379583 0.042500 0.045833
0 0.132812 0.235833 0.041875 0.043333
0 0.583125 0.329167 0.042500 0.043333
0 0.440000 0.329167 0.041250 0.043333
0 0.591875 0.232917 0.040000 0.040833
0 0.269375 0.233750 0.041250 0.042500
0 0.344687 0.329583 0.041875 0.044167
0 0.179063 0.235000 0.040625 0.041667
0 0.221250 0.380833 0.043750 0.048333
0 0.560312 0.380000 0.043125 0.045000
0 0.081250 0.383750 0.048750 0.044167
0 0.476562 0.280417 0.041875 0.040833
0 0.704063 0.378333 0.136875 0.046667
0 0.126562 0.382083 0.041875 0.045833
0 0.093438 0.236667 0.029375 0.040000
0 0.382812 0.280833 0.040625 0.043333
0 0.730938 0.304167 0.071875 0.088333
0 0.609062 0.379583 0.043125 0.045833
0 0.069062 0.441250 0.046875 0.057500
0 0.712187 0.232917 0.094375 0.040833
0 0.249062 0.330417 0.041875 0.045833
0 0.269062 0.381250 0.044375 0.047500
0 0.535625 0.329167 0.041250 0.043333
0 0.499063 0.322500 0.920625 0.325000
0 0.098437 0.282500 0.053125 0.045000
0 0.366250 0.380833 0.043750 0.046667
0 0.202187 0.331667 0.043125 0.045000
0 0.570625 0.280833 0.041250 0.041667
0 0.097187 0.332083 0.064375 0.045833
0 0.336250 0.280417 0.041250 0.044167
0 0.546250 0.233750 0.040000 0.040833
0 0.414062 0.380000 0.043125 0.046667
0 0.610938 0.435833 0.044375 0.058333
0 0.215625 0.439167 0.045000 0.060000
0 0.289375 0.281250 0.041250 0.044167
0 0.631250 0.329167 0.042500 0.043333
0 0.297500 0.330833 0.042500 0.045000
0 0.523438 0.280000 0.041875 0.041667
0 0.317812 0.381667 0.043125 0.046667
0 0.315625 0.233750 0.040000 0.040833
0 0.639062 0.232917 0.039375 0.040833
