0 0.278438 0.465417 0.024375 0.032500
0 0.224688 0.507917 0.025625 0.034167
0 0.428125 0.506667 0.025000 0.036667
0 0.394062 0.506667 0.025625 0.036667
0 0.412187 0.463750 0.024375 0.032500
0 0.448125 0.548333 0.035000 0.035000
0 0.461562 0.506667 0.024375 0.035000
0 0.273125 0.424167 0.025000 0.031667
0 0.328437 0.551667 0.191875 0.040000
0 0.305625 0.423333 0.023750 0.030000
0 0.211875 0.466250 0.025000 0.032500
0 0.389688 0.382917 0.023125 0.032500
0 0.357500 0.383333 0.023750 0.033333
0 0.480625 0.457083 0.802500 0.307500
0 0.178125 0.466250 0.025000 0.030833
0 0.485625 0.382917 0.022500 0.030833
0 0.454062 0.382917 0.023125 0.030833
0 0.226562 0.383750 0.025625 0.034167
0 0.360625 0.506250 0.025000 0.035833
0 0.371563 0.422917 0.023125 0.030833
0 0.404062 0.423333 0.023125 0.030000
0 0.259375 0.382500 0.023750 0.033333
0 0.542813 0.462083 0.023125 0.032500
0 0.161562 0.385417 0.025625 0.032500
0 0.292500 0.507083 0.026250 0.035833
0 0.239687 0.423750 0.024375 0.030833
0 0.194062 0.384167 0.024375 0.031667
0 0.575313 0.441667 0.044375 0.078333
0 0.325313 0.382917 0.023125 0.030833
0 0.311875 0.465000 0.023750 0.031667
0 0.510625 0.463333 0.023750 0.033333
0 0.338750 0.423333 0.023750 0.031667
0 0.156875 0.508750 0.025000 0.034167
0 0.469687 0.422917 0.023125 0.030833
0 0.326562 0.506667 0.025625 0.035000
0 0.557500 0.503750 0.082500 0.034167
0 0.445000 0.464167 0.022500 0.031667
0 0.422187 0.383333 0.023125 0.031667
0 0.533750 0.421667 0.022500 0.031667
0 0.292187 0.383333 0.024375 0.031667
0 0.132188 0.466250 0.051875 0.032500
0 0.117813 0.508750 0.035625 0.034167
0 0.579063 0.545833 0.044375 0.038333
0 0.478125 0.463750 0.023750 0.032500
0 0.258750 0.508333 0.026250 0.035000
0 0.345625 0.464583 0.023750 0.032500
0 0.517813 0.382917 0.023125 0.030833
0 0.129062 0.386250 0.025625 0.030833
0 0.116562 0.551667 0.046875 0.038333
0 0.174063 0.425000 0.025625 0.031667
0 0.206875 0.424167 0.023750 0.031667
0 0.565625 0.379583 0.056250 0.035833
0 0.132500 0.425000 0.042500 0.031667
0 0.245625 0.465417 0.025000 0.032500
0 0.494375 0.505000 0.023750 0.033333
0 0.208125 0.552083 0.036250 0.037500
0 0.501875 0.423333 0.023750 0.031667
0 0.379063 0.464583 0.024375 0.034167
0 0.190625 0.507917 0.026250 0.034167
0 0.437500 0.423333 0.023750 0.031667
