0 0.451327 0.562868 0.029499 0.043222
0 0.420354 0.455305 0.030973 0.046169
0 0.242257 0.564342 0.031711 0.046169
0 0.389381 0.617878 0.030973 0.045187
0 0.400074 0.509332 0.030236 0.044204
0 0.285767 0.563851 0.030236 0.043222
0 0.358776 0.508841 0.030236 0.043222
0 0.525074 0.528487 0.951327 0.432220
0 0.148230 0.509332 0.032448 0.046169
0 0.221239 0.619352 0.030973 0.046169
0 0.212021 0.455305 0.031711 0.046169
0 0.091077 0.680747 0.055310 0.053045
0 0.263643 0.618861 0.031711 0.045187
0 0.338496 0.455796 0.030973 0.047151
0 0.411136 0.562868 0.030236 0.045187
0 0.533555 0.562868 0.030236 0.043222
0 0.317478 0.507859 0.030236 0.043222
0 0.190265 0.508841 0.030973 0.045187
0 0.644174 0.455305 0.074484 0.050098
0 0.348083 0.617387 0.030973 0.044204
0 0.233038 0.509332 0.030973 0.046169
0 0.430310 0.618369 0.031711 0.046169
0 0.369100 0.562868 0.030236 0.043222
0 0.297198 0.455796 0.030973 0.045187
0 0.563422 0.508350 0.029499 0.044204
0 0.254794 0.454813 0.031711 0.047151
0 0.100664 0.567289 0.064159 0.048134
0 0.513274 0.617387 0.029499 0.044204
0 0.614676 0.561886 0.031711 0.045187
0 0.199853 0.563851 0.030973 0.045187
0 0.134956 0.620334 0.032448 0.048134
0 0.656342 0.535855 0.053097 0.101179
0 0.498156 0.673379 0.040560 0.048134
0 0.170354 0.454813 0.030973 0.045187
0 0.492257 0.561886 0.028761 0.043222
0 0.461652 0.454813 0.030973 0.043222
0 0.158555 0.564342 0.030973 0.046169
0 0.481563 0.508350 0.030973 0.042240
0 0.583333 0.453831 0.029499 0.043222
0 0.603982 0.507859 0.030973 0.045187
0 0.178466 0.619843 0.030973 0.045187
0 0.127950 0.454813 0.030236 0.045187
0 0.471239 0.617387 0.030973 0.044204
0 0.379794 0.455305 0.030973 0.046169
0 0.306416 0.617878 0.030236 0.045187
0 0.501475 0.454322 0.030973 0.044204
0 0.542773 0.455305 0.030973 0.046169
0 0.554204 0.616405 0.030236 0.044204
0 0.574484 0.561886 0.030973 0.045187
0 0.440265 0.508350 0.029499 0.042240
0 0.522124 0.508350 0.029499 0.042240
0 0.085546 0.454813 0.030973 0.047151
0 0.087758 0.622790 0.041298 0.047151
0 0.204277 0.677800 0.044248 0.051081
0 0.352507 0.677308 0.233038 0.055992
0 0.632375 0.615914 0.102507 0.045187
0 0.658555 0.675835 0.057522 0.053045
0 0.095870 0.513261 0.053097 0.050098
0 0.327802 0.563360 0.030236 0.042240
0 0.275442 0.509332 0.031711 0.044204
