0 0.501333 0.566989 0.982667 0.689227
0 0.422000 0.452348 0.032000 0.073204
0 0.295333 0.452348 0.032000 0.073204
0 0.159333 0.626381 0.030667 0.070442
0 0.316333 0.539365 0.030000 0.070442
0 0.594667 0.715470 0.102667 0.071823
0 0.243000 0.627072 0.030000 0.071823
0 0.095333 0.713398 0.032000 0.073204
0 0.464000 0.452348 0.032000 0.073204
0 0.138000 0.713398 0.030667 0.070442
0 0.189333 0.540055 0.030667 0.071823
0 0.210667 0.452348 0.030667 0.073204
0 0.164000 0.801105 0.041333 0.071823
0 0.126667 0.452348 0.030667 0.073204
0 0.621000 0.801796 0.054000 0.073204
0 0.084333 0.451657 0.031333 0.071823
0 0.052667 0.801105 0.053333 0.074586
0 0.452667 0.626381 0.030667 0.070442
0 0.526667 0.540055 0.030667 0.071823
0 0.116667 0.626381 0.030667 0.070442
0 0.264333 0.712707 0.031333 0.071823
0 0.411000 0.626381 0.031333 0.070442
0 0.311333 0.804558 0.234667 0.081492
0 0.348000 0.713398 0.030667 0.070442
0 0.358000 0.538674 0.030667 0.071823
0 0.379667 0.452348 0.031333 0.073204
0 0.147333 0.538674 0.030667 0.071823
0 0.538000 0.627072 0.030667 0.071823
0 0.041333 0.451657 0.032000 0.071823
0 0.457667 0.801105 0.042000 0.071823
0 0.547333 0.451657 0.030667 0.071823
0 0.058667 0.629144 0.064000 0.070442
0 0.369000 0.626381 0.030000 0.070442
0 0.495667 0.627072 0.031333 0.071823
0 0.053000 0.540746 0.052667 0.070442
0 0.232000 0.539365 0.030667 0.070442
0 0.285000 0.626381 0.031333 0.070442
0 0.106000 0.540055 0.032000 0.071823
0 0.221667 0.713398 0.031333 0.070442
0 0.168667 0.452348 0.032000 0.073204
0 0.180000 0.713398 0.030667 0.070442
0 0.273667 0.538674 0.030000 0.069061
0 0.621000 0.585635 0.054000 0.168508
0 0.610000 0.453729 0.073333 0.073204
0 0.484333 0.539365 0.031333 0.070442
0 0.337667 0.452348 0.031333 0.073204
0 0.505667 0.453039 0.031333 0.071823
0 0.474333 0.712707 0.030000 0.069061
0 0.516000 0.714088 0.030667 0.071823
0 0.432000 0.712707 0.030667 0.071823
0 0.047333 0.714088 0.041333 0.069061
0 0.253000 0.452348 0.031333 0.073204
0 0.568667 0.540055 0.030667 0.071823
0 0.579333 0.627072 0.032000 0.074586
0 0.389667 0.714088 0.032667 0.071823
0 0.400333 0.538674 0.030000 0.069061
0 0.442333 0.539365 0.031333 0.070442
0 0.305667 0.713398 0.031333 0.070442
0 0.201000 0.626381 0.031333 0.070442
0 0.327000 0.626381 0.030000 0.070442
