0 0.156676 0.328863 0.032698 0.054721
0 0.188692 0.465129 0.032698 0.059013
0 0.500681 0.430258 1.000000 0.523605
0 0.145436 0.465129 0.032016 0.056867
0 0.448229 0.465129 0.031335 0.056867
0 0.139986 0.601395 0.044278 0.059013
0 0.491485 0.465665 0.033379 0.057940
0 0.210831 0.532189 0.033379 0.055794
0 0.395095 0.396459 0.031335 0.054721
0 0.481267 0.396459 0.032016 0.056867
0 0.265327 0.395923 0.030654 0.055794
0 0.026907 0.328863 0.030654 0.054721
0 0.610014 0.329399 0.075613 0.055794
0 0.330381 0.329399 0.029973 0.051502
0 0.302793 0.602468 0.264986 0.063305
0 0.567098 0.396996 0.032016 0.060086
0 0.254087 0.532189 0.032698 0.055794
0 0.080381 0.532189 0.034060 0.055794
0 0.243869 0.328863 0.031335 0.052575
0 0.297343 0.530579 0.032016 0.054721
0 0.383174 0.533798 0.033379 0.056867
0 0.438011 0.396996 0.031335 0.055794
0 0.351499 0.396459 0.031335 0.056867
0 0.545640 0.329399 0.031335 0.055794
0 0.524523 0.397532 0.031335 0.059013
0 0.619891 0.430258 0.054496 0.126609
0 0.577316 0.465129 0.032016 0.059013
0 0.037466 0.396996 0.053134 0.055794
0 0.069823 0.328326 0.032016 0.055794
0 0.124659 0.532189 0.031335 0.055794
0 0.594346 0.532725 0.106948 0.056867
0 0.426771 0.532725 0.032016 0.056867
0 0.626362 0.601395 0.045640 0.056867
0 0.502384 0.329936 0.032016 0.054721
0 0.308243 0.395923 0.030654 0.055794
0 0.534741 0.465129 0.031335 0.059013
0 0.463556 0.601395 0.047003 0.056867
0 0.362057 0.464592 0.030654 0.055794
0 0.512943 0.532725 0.031335 0.056867
0 0.232289 0.464592 0.029973 0.055794
0 0.340940 0.532725 0.030654 0.054721
0 0.288488 0.328863 0.030654 0.052575
0 0.404973 0.465129 0.032016 0.056867
0 0.134537 0.396459 0.032016 0.056867
0 0.091621 0.397532 0.033379 0.056867
0 0.167916 0.532189 0.032016 0.055794
0 0.470368 0.532189 0.030654 0.055794
0 0.459809 0.328326 0.031335 0.053648
0 0.319142 0.465129 0.030654 0.056867
0 0.221730 0.395923 0.032016 0.055794
0 0.031676 0.601395 0.044278 0.056867
0 0.178474 0.396459 0.031335 0.056867
0 0.373297 0.328863 0.031335 0.052575
0 0.275545 0.465129 0.030654 0.056867
0 0.102520 0.465129 0.032016 0.056867
0 0.113420 0.328863 0.033379 0.054721
0 0.416553 0.328863 0.032016 0.052575
0 0.031676 0.532725 0.044278 0.054721
0 0.043256 0.465665 0.066076 0.057940
0 0.199932 0.329399 0.033379 0.053648
