0 0.213684 0.699394 0.022698 0.035467
0 0.123217 0.745675 0.023346 0.036332
0 0.118029 0.702855 0.022049 0.035467
0 0.046044 0.749135 0.049287 0.036332
0 0.040208 0.663062 0.022049 0.032007
0 0.407912 0.734429 0.023346 0.036332
0 0.188067 0.743080 0.023346 0.036332
0 0.345655 0.737024 0.023346 0.036332
0 0.369650 0.693772 0.023346 0.034602
0 0.090791 0.746972 0.023346 0.037197
0 0.292802 0.654412 0.022698 0.033737
0 0.230869 0.656574 0.022049 0.032872
0 0.329442 0.780277 0.023346 0.036332
0 0.136511 0.788495 0.023995 0.037197
0 0.238975 0.829152 0.188716 0.044118
0 0.283074 0.739619 0.022698 0.036332
0 0.461414 0.648789 0.053826 0.032872
0 0.251946 0.740917 0.022698 0.035467
0 0.085279 0.703720 0.023995 0.035467
0 0.451686 0.776384 0.078470 0.035467
0 0.430934 0.692042 0.023995 0.034602
0 0.400454 0.692907 0.022698 0.034602
0 0.265564 0.782872 0.023995 0.036332
0 0.355058 0.651817 0.022698 0.032007
0 0.104410 0.660900 0.023346 0.031142
0 0.071336 0.662197 0.023346 0.033737
0 0.262322 0.655277 0.022698 0.033737
0 0.392023 0.778114 0.023995 0.035467
0 0.070363 0.791090 0.025292 0.037197
0 0.438716 0.733564 0.023995 0.036332
0 0.297017 0.781574 0.023346 0.037197
0 0.378080 0.744377 0.754864 0.378028
0 0.233139 0.783737 0.023995 0.036332
0 0.181907 0.700692 0.022698 0.034602
0 0.167639 0.658304 0.022698 0.032872
0 0.470493 0.711938 0.040856 0.079585
0 0.374838 0.228806 0.569390 0.246540
0 0.416018 0.650087 0.022698 0.032007
0 0.276589 0.696367 0.022698 0.034602
0 0.103113 0.789792 0.024643 0.036332
0 0.360571 0.778979 0.023346 0.035467
0 0.219844 0.741782 0.023346 0.035467
0 0.155642 0.743945 0.023346 0.036332
0 0.360571 0.823529 0.041505 0.038062
0 0.385538 0.651384 0.022698 0.032872
0 0.033398 0.792388 0.034371 0.034602
0 0.116083 0.833910 0.042802 0.038062
0 0.150130 0.701557 0.022698 0.034602
0 0.136187 0.660035 0.023346 0.032872
0 0.168612 0.786765 0.024643 0.037197
0 0.032750 0.837370 0.043450 0.036332
0 0.471790 0.819204 0.043450 0.038062
0 0.044747 0.705450 0.040208 0.035467
0 0.244812 0.697664 0.022698 0.035467
0 0.201362 0.785467 0.023995 0.036332
0 0.307069 0.695502 0.022698 0.034602
0 0.199416 0.657439 0.022698 0.032872
0 0.377108 0.736159 0.023995 0.036332
0 0.314527 0.737889 0.023346 0.036332
0 0.323930 0.653114 0.022698 0.032872
0 0.338846 0.694637 0.022698 0.034602
