0 0.449868 0.503515 0.026385 0.038664
0 0.422164 0.407293 0.027704 0.041301
0 0.262863 0.504833 0.028364 0.041301
0 0.394459 0.552724 0.027704 0.040422
0 0.404024 0.455624 0.027045 0.039543
0 0.301781 0.504394 0.027045 0.038664
0 0.367084 0.455185 0.027045 0.038664
0 0.523417 0.472759 0.866095 0.386643
0 0.178760 0.455624 0.029024 0.041301
0 0.244063 0.554042 0.027704 0.041301
0 0.235818 0.407293 0.028364 0.041301
0 0.127639 0.608963 0.049472 0.047452
0 0.281992 0.553603 0.028364 0.040422
0 0.348945 0.407733 0.027704 0.042179
0 0.413918 0.503515 0.027045 0.040422
0 0.523417 0.503515 0.027045 0.038664
0 0.330145 0.454306 0.027045 0.038664
0 0.216359 0.455185 0.027704 0.040422
0 0.622361 0.407293 0.066623 0.044815
0 0.357520 0.552285 0.027704 0.039543
0 0.254617 0.455624 0.027704 0.041301
0 0.431069 0.553163 0.028364 0.041301
0 0.376319 0.503515 0.027045 0.038664
0 0.312005 0.407733 0.027704 0.040422
0 0.550132 0.454745 0.026385 0.039543
0 0.274077 0.406854 0.028364 0.042179
0 0.136214 0.507469 0.057388 0.043058
0 0.505277 0.552285 0.026385 0.039543
0 0.595976 0.502636 0.028364 0.040422
0 0.224934 0.504394 0.027704 0.040422
0 0.166887 0.554921 0.029024 0.043058
0 0.633245 0.479350 0.047493 0.090510
0 0.491755 0.602373 0.036280 0.043058
0 0.198549 0.406854 0.027704 0.040422
0 0.486478 0.502636 0.025726 0.038664
0 0.459103 0.406854 0.027704 0.038664
0 0.187995 0.504833 0.027704 0.041301
0 0.476913 0.454745 0.027704 0.037786
0 0.567942 0.405975 0.026385 0.038664
0 0.586412 0.454306 0.027704 0.040422
0 0.205805 0.554482 0.027704 0.040422
0 0.160620 0.406854 0.027045 0.040422
0 0.467678 0.552285 0.027704 0.039543
0 0.385884 0.407293 0.027704 0.041301
0 0.320251 0.552724 0.027045 0.040422
0 0.494723 0.406415 0.027704 0.039543
0 0.531662 0.407293 0.027704 0.041301
0 0.541887 0.551406 0.027045 0.039543
0 0.560026 0.502636 0.027704 0.040422
0 0.439974 0.454745 0.026385 0.037786
0 0.513193 0.454745 0.026385 0.037786
0 0.122691 0.406854 0.027704 0.042179
0 0.124670 0.557118 0.036939 0.042179
0 0.228892 0.606327 0.039578 0.045694
0 0.361478 0.605888 0.208443 0.050088
0 0.611807 0.550967 0.091689 0.040422
0 0.635224 0.604569 0.051451 0.047452
0 0.131926 0.459139 0.047493 0.044815
0 0.339380 0.503954 0.027045 0.037786
0 0.292546 0.455624 0.028364 0.039543
