0 0.598921 0.521930 0.532374 0.957490
0 0.512140 0.369096 0.049460 0.032389
0 0.569245 0.301957 0.050360 0.031714
0 0.694694 0.531377 0.049460 0.033063
0 0.448741 0.215250 0.048561 0.056680
0 0.691097 0.351889 0.049460 0.031714
0 0.570144 0.345142 0.050360 0.031714
0 0.519335 0.588731 0.047662 0.031714
0 0.567446 0.211201 0.048561 0.032389
0 0.513040 0.458165 0.047662 0.032389
0 0.514838 0.501350 0.045863 0.031039
0 0.692446 0.487854 0.048561 0.033738
0 0.699640 0.686235 0.046763 0.079622
0 0.695144 0.619771 0.046763 0.031714
0 0.627248 0.198381 0.051259 0.033738
0 0.505845 0.095816 0.051259 0.043185
0 0.627248 0.240891 0.051259 0.033738
0 0.504946 0.143050 0.049460 0.032389
0 0.572392 0.478745 0.049460 0.031714
0 0.563849 0.103239 0.048561 0.071525
0 0.506745 0.188934 0.049460 0.032389
0 0.631745 0.466599 0.049460 0.031714
0 0.629946 0.423414 0.049460 0.031714
0 0.578237 0.652497 0.048561 0.032389
0 0.692446 0.444669 0.048561 0.033738
0 0.444694 0.102901 0.049460 0.060054
0 0.576888 0.609649 0.047662 0.031714
0 0.691996 0.397773 0.047662 0.034413
0 0.625000 0.149123 0.052158 0.032389
0 0.451888 0.380229 0.051259 0.261134
0 0.688849 0.168016 0.048561 0.033738
0 0.570594 0.392713 0.049460 0.032389
0 0.629496 0.331646 0.050360 0.031714
0 0.696043 0.577935 0.046763 0.031714
0 0.517536 0.547571 0.047662 0.031714
0 0.633543 0.510121 0.049460 0.032389
0 0.685701 0.076248 0.047662 0.033738
0 0.463129 0.700067 0.048561 0.057355
0 0.624101 0.095816 0.052158 0.062078
0 0.568345 0.255061 0.050360 0.032389
0 0.691996 0.308030 0.049460 0.031714
0 0.571493 0.435223 0.049460 0.032389
0 0.689748 0.260796 0.048561 0.033063
0 0.630396 0.376856 0.050360 0.033063
0 0.573741 0.523954 0.048561 0.031714
0 0.635342 0.599865 0.049460 0.032389
0 0.508993 0.281377 0.048561 0.032389
0 0.510791 0.324561 0.048561 0.032389
0 0.688849 0.216262 0.048561 0.033063
0 0.629496 0.289136 0.050360 0.031714
0 0.564748 0.165992 0.048561 0.032389
0 0.575540 0.565789 0.048561 0.031714
0 0.459532 0.546221 0.048561 0.056005
0 0.634442 0.556005 0.049460 0.032389
0 0.507194 0.234818 0.048561 0.032389
0 0.636241 0.641363 0.049460 0.031714
0 0.611061 0.696019 0.110612 0.051957
0 0.521133 0.669703 0.049460 0.112686
0 0.513939 0.414305 0.047662 0.032389
0 0.686601 0.122132 0.047662 0.033738
