0 0.279082 0.344891 0.025510 0.036496
0 0.190306 0.374088 0.027551 0.040146
0 0.386224 0.419708 0.025510 0.040146
0 0.155612 0.419708 0.029592 0.040146
0 0.122449 0.462591 0.032653 0.041971
0 0.433163 0.532847 0.025510 0.040146
0 0.363265 0.519161 0.030612 0.045620
0 0.247449 0.335766 0.025510 0.040146
0 0.156633 0.469891 0.031633 0.041971
0 0.519388 0.449818 0.024490 0.045620
0 0.490306 0.495438 0.025510 0.041971
0 0.215816 0.332117 0.025510 0.040146
0 0.561224 0.485401 0.040816 0.098540
0 0.292857 0.566606 0.210204 0.104015
0 0.287245 0.397810 0.025510 0.036496
0 0.376531 0.366788 0.024490 0.040146
0 0.185204 0.324818 0.025510 0.040146
0 0.524490 0.503650 0.024490 0.043796
0 0.072449 0.515511 0.055102 0.063869
0 0.353061 0.413321 0.026531 0.041971
0 0.469388 0.541971 0.026531 0.043796
0 0.555612 0.405109 0.056122 0.043796
0 0.456633 0.487226 0.025510 0.043796
0 0.161224 0.529197 0.053061 0.051095
0 0.506633 0.394161 0.023469 0.040146
0 0.221939 0.380474 0.027551 0.041971
0 0.252041 0.442518 0.026531 0.038321
0 0.259184 0.493613 0.030612 0.041971
0 0.107143 0.407847 0.055102 0.045620
0 0.153571 0.317518 0.025510 0.040146
0 0.344898 0.358577 0.024490 0.038321
0 0.486224 0.441606 0.025510 0.040146
0 0.286735 0.447993 0.026531 0.038321
0 0.427551 0.593978 0.051020 0.056569
0 0.555102 0.621350 0.048980 0.056569
0 0.408673 0.372263 0.025510 0.040146
0 0.311735 0.352190 0.025510 0.043796
0 0.398469 0.526460 0.027551 0.041971
0 0.447959 0.541971 0.893878 0.656934
0 0.293878 0.501825 0.030612 0.043796
0 0.186224 0.425182 0.029592 0.040146
0 0.116837 0.357664 0.047959 0.043796
0 0.320408 0.457117 0.026531 0.041971
0 0.534184 0.557482 0.086735 0.052920
0 0.084184 0.451642 0.043878 0.045620
0 0.387755 0.471715 0.026531 0.041971
0 0.319388 0.405109 0.026531 0.040146
0 0.452041 0.434307 0.024490 0.043796
0 0.121939 0.310219 0.025510 0.040146
0 0.254082 0.389599 0.026531 0.038321
0 0.354082 0.464416 0.026531 0.038321
0 0.224490 0.486314 0.030612 0.041971
0 0.328061 0.511861 0.029592 0.041971
0 0.422449 0.479015 0.024490 0.041971
0 0.158673 0.366788 0.029592 0.040146
0 0.190306 0.479015 0.029592 0.038321
0 0.441327 0.380474 0.023469 0.041971
0 0.419388 0.426095 0.026531 0.041971
0 0.218878 0.433394 0.027551 0.041971
0 0.474490 0.387774 0.024490 0.041971
