0 0.150082 0.468116 0.058728 0.069565
0 0.553018 0.460870 0.045677 0.072464
0 0.379282 0.385507 0.042414 0.066667
0 0.503263 0.460870 0.045677 0.072464
0 0.234095 0.389130 0.044046 0.068116
0 0.396003 0.239130 0.041599 0.060870
0 0.657830 0.306522 0.043230 0.065217
0 0.816069 0.345652 0.075856 0.143478
0 0.169250 0.315217 0.067700 0.065217
0 0.253670 0.466667 0.045677 0.072464
0 0.489804 0.237681 0.041599 0.060870
0 0.537113 0.236957 0.041599 0.062319
0 0.677814 0.236232 0.042414 0.060870
0 0.256117 0.242029 0.042414 0.060870
0 0.369902 0.310145 0.043230 0.066667
0 0.652936 0.459420 0.044861 0.069565
0 0.402936 0.462319 0.045677 0.072464
0 0.164356 0.245652 0.041599 0.059420
0 0.610114 0.307246 0.044046 0.063768
0 0.204731 0.466667 0.045677 0.072464
0 0.443312 0.237681 0.041599 0.060870
0 0.514274 0.308696 0.043230 0.066667
0 0.452692 0.550725 0.251223 0.089855
0 0.795677 0.459420 0.131321 0.072464
0 0.298940 0.553623 0.046493 0.086957
0 0.330750 0.386957 0.043230 0.069565
0 0.584013 0.236232 0.042414 0.060870
0 0.465742 0.307971 0.042414 0.065217
0 0.417618 0.308696 0.040783 0.063768
0 0.210033 0.244203 0.041599 0.059420
0 0.143148 0.555072 0.062806 0.086957
0 0.452692 0.461594 0.045677 0.071014
0 0.702284 0.459420 0.045677 0.069565
0 0.753263 0.307246 0.043230 0.063768
0 0.526509 0.383333 0.043230 0.071014
0 0.477569 0.383333 0.043230 0.068116
0 0.349103 0.239130 0.040783 0.060870
0 0.562398 0.307246 0.043230 0.063768
0 0.674959 0.381884 0.044861 0.068116
0 0.490620 0.379710 0.801794 0.469565
0 0.227569 0.314493 0.044046 0.066667
0 0.321778 0.310870 0.043230 0.065217
0 0.705954 0.307246 0.043230 0.066667
0 0.302610 0.240580 0.042414 0.060870
0 0.602365 0.459420 0.044861 0.072464
0 0.631321 0.235507 0.042414 0.062319
0 0.771207 0.381884 0.044861 0.068116
0 0.427814 0.384058 0.043230 0.069565
0 0.352773 0.464493 0.044861 0.071014
0 0.723083 0.382609 0.044861 0.069565
0 0.625204 0.381884 0.043230 0.068116
0 0.168842 0.390580 0.079935 0.068116
0 0.708401 0.547826 0.048124 0.086957
0 0.274470 0.313043 0.043230 0.066667
0 0.793638 0.236957 0.088091 0.062319
0 0.724307 0.236232 0.042414 0.060870
0 0.606036 0.547826 0.047308 0.086957
0 0.303018 0.465217 0.044861 0.072464
0 0.282219 0.387681 0.044046 0.068116
0 0.576672 0.382609 0.044046 0.069565
