0 0.462938 0.379386 0.035040 0.059211
0 0.083895 0.379386 0.033019 0.059211
0 0.537062 0.516447 0.033693 0.059211
0 0.126348 0.378838 0.033019 0.058114
0 0.494272 0.516447 0.034367 0.059211
0 0.594003 0.585526 0.107143 0.061404
0 0.311658 0.653509 0.237871 0.063596
0 0.457547 0.653509 0.045822 0.059211
0 0.452156 0.515899 0.033693 0.058114
0 0.505054 0.380482 0.034367 0.061404
0 0.336927 0.381031 0.035040 0.062500
0 0.179919 0.583333 0.032345 0.057018
0 0.168801 0.379386 0.034367 0.059211
0 0.164084 0.652412 0.043801 0.059211
0 0.473046 0.583882 0.033693 0.058114
0 0.399596 0.447368 0.033693 0.057018
0 0.567722 0.449561 0.034367 0.061404
0 0.389488 0.586075 0.036388 0.062500
0 0.252358 0.379386 0.035714 0.061404
0 0.546159 0.379934 0.033019 0.060307
0 0.042116 0.378838 0.031671 0.058114
0 0.357817 0.447917 0.033693 0.058114
0 0.242588 0.516447 0.032345 0.057018
0 0.421159 0.380482 0.036388 0.061404
0 0.058962 0.516447 0.062668 0.057018
0 0.609838 0.379934 0.076819 0.060307
0 0.347372 0.583882 0.034367 0.058114
0 0.105458 0.447368 0.034367 0.059211
0 0.052898 0.652961 0.054582 0.060307
0 0.620957 0.653509 0.058625 0.061404
0 0.273585 0.446820 0.033693 0.055921
0 0.158356 0.515899 0.032345 0.058114
0 0.137466 0.583882 0.033693 0.058114
0 0.326482 0.515351 0.033019 0.057018
0 0.231806 0.446820 0.033693 0.058114
0 0.442049 0.447917 0.035040 0.058114
0 0.619946 0.482456 0.056604 0.131579
0 0.368598 0.515351 0.032345 0.057018
0 0.316038 0.447368 0.033693 0.059211
0 0.379043 0.380482 0.035714 0.061404
0 0.284704 0.515351 0.034367 0.057018
0 0.514825 0.584978 0.033693 0.058114
0 0.048181 0.584430 0.042453 0.057018
0 0.200809 0.515351 0.032345 0.057018
0 0.094677 0.583333 0.034367 0.059211
0 0.053235 0.447368 0.051213 0.057018
0 0.221361 0.583882 0.034367 0.058114
0 0.578504 0.516996 0.034367 0.060307
0 0.264151 0.583333 0.035040 0.057018
0 0.410714 0.515899 0.033019 0.058114
0 0.501348 0.480263 0.995957 0.532895
0 0.116240 0.515351 0.031671 0.057018
0 0.483827 0.447368 0.033693 0.057018
0 0.295485 0.380482 0.037062 0.061404
0 0.210916 0.379386 0.033693 0.061404
0 0.305256 0.583882 0.035040 0.058114
0 0.430930 0.584430 0.034367 0.059211
0 0.526280 0.448465 0.033693 0.059211
0 0.147237 0.446820 0.031671 0.058114
0 0.189353 0.447917 0.032345 0.058114
