0 0.300587 0.349040 0.024438 0.034904
0 0.215543 0.376963 0.026393 0.038394
0 0.403226 0.420593 0.024438 0.038394
0 0.182307 0.420593 0.028348 0.038394
0 0.150538 0.461606 0.031281 0.040140
0 0.448192 0.528796 0.024438 0.038394
0 0.381232 0.515707 0.029326 0.043630
0 0.270283 0.340314 0.024438 0.038394
0 0.183284 0.468586 0.030303 0.040140
0 0.530792 0.449389 0.023460 0.043630
0 0.502933 0.493019 0.024438 0.040140
0 0.239980 0.336824 0.024438 0.038394
0 0.570870 0.483421 0.039101 0.094241
0 0.313783 0.561082 0.201369 0.099476
0 0.308407 0.399651 0.024438 0.034904
0 0.393939 0.369983 0.023460 0.038394
0 0.210655 0.329843 0.024438 0.038394
0 0.535679 0.500873 0.023460 0.041885
0 0.102639 0.512216 0.052786 0.061082
0 0.371457 0.414485 0.025415 0.040140
0 0.482893 0.537522 0.025415 0.041885
0 0.565494 0.406632 0.053763 0.041885
0 0.470674 0.485166 0.024438 0.041885
0 0.187683 0.525305 0.050831 0.048866
0 0.518573 0.396161 0.022483 0.038394
0 0.245846 0.383072 0.026393 0.040140
0 0.274682 0.442408 0.025415 0.036649
0 0.281525 0.491274 0.029326 0.040140
0 0.135875 0.409250 0.052786 0.043630
0 0.180352 0.322862 0.024438 0.038394
0 0.363636 0.362129 0.023460 0.036649
0 0.499022 0.441536 0.024438 0.038394
0 0.307918 0.447644 0.025415 0.036649
0 0.442815 0.587260 0.048876 0.054101
0 0.565005 0.613438 0.046921 0.054101
0 0.424731 0.375218 0.024438 0.038394
0 0.331867 0.356021 0.024438 0.041885
0 0.414956 0.522688 0.026393 0.040140
0 0.453079 0.537522 0.874878 0.628272
0 0.314761 0.499127 0.029326 0.041885
0 0.211632 0.425829 0.028348 0.038394
0 0.145161 0.361257 0.045943 0.041885
0 0.340176 0.456370 0.025415 0.040140
0 0.544966 0.552356 0.083089 0.050611
0 0.113881 0.451134 0.042033 0.043630
0 0.404692 0.470332 0.025415 0.040140
0 0.339198 0.406632 0.025415 0.038394
0 0.466276 0.434555 0.023460 0.041885
0 0.150049 0.315881 0.024438 0.038394
0 0.276637 0.391798 0.025415 0.036649
0 0.372434 0.463351 0.025415 0.036649
0 0.248289 0.484293 0.029326 0.040140
0 0.347507 0.508726 0.028348 0.040140
0 0.437928 0.477312 0.023460 0.040140
0 0.185239 0.369983 0.028348 0.038394
0 0.215543 0.477312 0.028348 0.036649
0 0.456012 0.383072 0.022483 0.040140
0 0.434995 0.426702 0.025415 0.040140
0 0.242913 0.433682 0.026393 0.040140
0 0.487781 0.390052 0.023460 0.040140
