0 0.090865 0.246520 0.170982 0.136996
0 0.293845 0.838462 0.558378 0.320147
0 0.321446 0.318315 0.111383 0.120879
0 0.218124 0.287546 0.111871 0.117949
0 0.636297 0.552747 0.118710 0.132601
0 0.528578 0.648352 0.122130 0.134799
0 0.961895 0.939194 0.074255 0.123077
0 0.528578 0.516484 0.118222 0.131868
0 0.956277 0.523077 0.086468 0.127473
0 0.090620 0.504762 0.124573 0.131868
0 0.301417 0.193407 0.108451 0.106960
0 0.865901 0.627839 0.117733 0.137729
0 0.749145 0.589011 0.118710 0.128938
0 0.635564 0.418315 0.111383 0.123077
0 0.853933 0.489011 0.112360 0.129670
0 0.420127 0.479121 0.116268 0.130403
0 0.818026 0.354945 0.106986 0.125275
0 0.200782 0.160440 0.109428 0.108425
0 0.927943 0.387912 0.108940 0.128205
0 0.273327 0.707326 0.126527 0.145788
0 0.743771 0.454945 0.113825 0.126007
0 0.208109 0.409890 0.116268 0.123810
0 0.757450 0.727106 0.120664 0.141392
0 0.425745 0.352747 0.109917 0.116484
0 0.504152 0.256777 0.105520 0.116484
0 0.969223 0.800733 0.057645 0.137729
0 0.641182 0.689744 0.124573 0.139927
0 0.401563 0.224542 0.109428 0.113553
0 0.874450 0.769231 0.122130 0.146520
0 0.711041 0.320879 0.107963 0.121612
0 0.307523 0.577656 0.121641 0.135531
0 0.962872 0.935165 0.070347 0.122344
0 0.623107 0.834066 0.592574 0.320147
0 0.198339 0.540659 0.123107 0.131868
0 0.082316 0.364103 0.162677 0.150916
0 0.962384 0.659341 0.074255 0.134799
0 0.618466 0.815018 0.628236 0.347985
0 0.313874 0.445421 0.118710 0.127473
0 0.100635 0.129304 0.109428 0.113553
0 0.529800 0.386813 0.112848 0.121612
0 0.417440 0.614652 0.121641 0.136264
0 0.606497 0.289744 0.106009 0.117949
