0 0.408125 0.586667 0.026250 0.030000
0 0.570000 0.715000 0.030000 0.035000
0 0.278125 0.742083 0.033750 0.037500
0 0.286250 0.595833 0.027500 0.030000
0 0.610625 0.572917 0.026250 0.029167
0 0.473125 0.684583 0.028750 0.034167
0 0.638750 0.571667 0.026250 0.028333
0 0.542813 0.608750 0.026875 0.029167
0 0.613437 0.638750 0.026875 0.030833
0 0.595313 0.675417 0.028125 0.032500
0 0.313437 0.700417 0.030625 0.035833
0 0.513750 0.611250 0.026250 0.030833
0 0.493750 0.647083 0.027500 0.030833
0 0.463125 0.650000 0.027500 0.031667
0 0.393437 0.620833 0.028125 0.031667
0 0.295000 0.664583 0.053750 0.032500
0 0.317188 0.593750 0.026875 0.030833
0 0.280313 0.702917 0.030625 0.034167
0 0.432500 0.652917 0.028750 0.032500
0 0.625938 0.672917 0.029375 0.030833
0 0.346250 0.697083 0.028750 0.034167
0 0.535000 0.680000 0.028750 0.033333
0 0.680000 0.568750 0.052500 0.027500
0 0.424375 0.618750 0.027500 0.030833
0 0.684688 0.668750 0.088125 0.034167
0 0.553750 0.642500 0.027500 0.031667
0 0.348125 0.591667 0.027500 0.030000
0 0.291875 0.628750 0.043750 0.030833
0 0.437812 0.585417 0.026875 0.029167
0 0.631875 0.710000 0.030000 0.035000
0 0.484063 0.613750 0.026875 0.030833
0 0.658750 0.602083 0.027500 0.029167
0 0.504687 0.682500 0.028125 0.033333
0 0.362812 0.623750 0.028125 0.030833
0 0.583750 0.640417 0.026250 0.030833
0 0.475625 0.722917 0.157500 0.045833
0 0.525312 0.578333 0.025625 0.030000
0 0.630313 0.603750 0.026875 0.029167
0 0.370000 0.657917 0.028750 0.032500
0 0.331562 0.626250 0.029375 0.030833
0 0.410313 0.690833 0.029375 0.035000
0 0.377812 0.589583 0.026875 0.030833
0 0.454062 0.616250 0.026875 0.030833
0 0.495937 0.580833 0.025625 0.030000
0 0.601250 0.605833 0.026250 0.030000
0 0.401562 0.655417 0.028125 0.032500
0 0.565625 0.677500 0.027500 0.033333
0 0.572500 0.607083 0.026250 0.029167
0 0.697500 0.616667 0.050000 0.065000
0 0.523438 0.644583 0.026875 0.032500
0 0.442500 0.687500 0.028750 0.033333
0 0.671875 0.634167 0.028750 0.031667
0 0.338750 0.661250 0.028750 0.032500
0 0.378750 0.731667 0.030000 0.036667
0 0.553750 0.576250 0.026250 0.029167
0 0.582187 0.574583 0.025625 0.029167
0 0.503125 0.644167 0.520000 0.261667
0 0.467187 0.582500 0.025625 0.028333
0 0.378437 0.693333 0.029375 0.033333
0 0.642500 0.636667 0.027500 0.031667
