0 0.708750 0.820000 0.055000 0.080000
0 0.496250 0.799167 0.028750 0.036667
0 0.690937 0.885000 0.101875 0.040000
0 0.676562 0.840417 0.031875 0.037500
0 0.630313 0.798750 0.029375 0.035833
0 0.220625 0.937083 0.038750 0.044167
0 0.429375 0.799167 0.028750 0.036667
0 0.401250 0.842917 0.030000 0.039167
0 0.470625 0.841667 0.028750 0.038333
0 0.609688 0.759167 0.029375 0.033333
0 0.414687 0.759583 0.028125 0.034167
0 0.327813 0.800417 0.030625 0.037500
0 0.293750 0.801250 0.031250 0.035833
0 0.331875 0.843333 0.031250 0.040000
0 0.348438 0.760417 0.029375 0.034167
0 0.691562 0.759167 0.061875 0.033333
0 0.300938 0.888750 0.031875 0.040833
0 0.315625 0.761250 0.030000 0.034167
0 0.505000 0.841667 0.028750 0.040000
0 0.551875 0.932917 0.032500 0.042500
0 0.545312 0.758750 0.028125 0.034167
0 0.480000 0.759583 0.027500 0.034167
0 0.539687 0.841250 0.029375 0.039167
0 0.264688 0.889167 0.033125 0.040000
0 0.336875 0.887917 0.031250 0.040833
0 0.282500 0.761667 0.030000 0.033333
0 0.447813 0.759583 0.028125 0.034167
0 0.479375 0.886667 0.031250 0.041667
0 0.608437 0.840833 0.030625 0.038333
0 0.530312 0.798333 0.028125 0.035000
0 0.372500 0.887917 0.031250 0.040833
0 0.435937 0.842083 0.029375 0.039167
0 0.642500 0.840833 0.031250 0.038333
0 0.332500 0.935833 0.033750 0.043333
0 0.620000 0.884583 0.031250 0.039167
0 0.443437 0.886667 0.031875 0.041667
0 0.573750 0.840417 0.030000 0.037500
0 0.577500 0.758750 0.028750 0.034167
0 0.514687 0.886667 0.031875 0.041667
0 0.625000 0.932083 0.033750 0.042500
0 0.297187 0.843750 0.031875 0.039167
0 0.395625 0.800000 0.030000 0.036667
0 0.642500 0.758750 0.028750 0.034167
0 0.441875 0.934583 0.177500 0.044167
0 0.549687 0.885833 0.030625 0.040000
0 0.462500 0.799167 0.028750 0.036667
0 0.228437 0.890000 0.035625 0.040000
0 0.512813 0.759167 0.028125 0.035000
0 0.250937 0.801250 0.049375 0.035833
0 0.563438 0.798750 0.029375 0.035833
0 0.367188 0.842500 0.030625 0.040000
0 0.361875 0.800417 0.030000 0.037500
0 0.585313 0.885417 0.030625 0.039167
0 0.248125 0.844583 0.057500 0.037500
0 0.596250 0.798333 0.028750 0.036667
0 0.482187 0.830833 0.625625 0.318333
0 0.381563 0.760000 0.028125 0.033333
0 0.663750 0.798750 0.030000 0.035833
0 0.408125 0.887083 0.031250 0.040833
0 0.249062 0.761667 0.030625 0.033333
