0 0.202860 0.468310 0.030720 0.068075
0 0.443856 0.541080 0.031780 0.072770
0 0.354343 0.549296 0.034958 0.075117
0 0.085275 0.561033 0.032839 0.070423
0 0.173729 0.289906 0.031780 0.068075
0 0.015890 0.663146 0.029661 0.072770
0 0.365996 0.363850 0.030720 0.065728
0 0.444915 0.643192 0.063559 0.093897
0 0.290254 0.461268 0.029661 0.072770
0 0.021716 0.478873 0.041314 0.070423
0 0.388771 0.279343 0.031780 0.070423
0 0.063559 0.381455 0.033898 0.077465
0 0.421610 0.454225 0.033898 0.082160
0 0.111229 0.469484 0.038136 0.065728
0 0.486758 0.537559 0.032839 0.075117
0 0.430614 0.275822 0.032839 0.072770
0 0.260593 0.282864 0.029661 0.068075
0 0.045021 0.296948 0.032839 0.068075
0 0.495233 0.357981 0.032839 0.072770
0 0.067797 0.470657 0.033898 0.077465
0 0.009534 0.301643 0.016949 0.063380
0 0.398305 0.542254 0.031780 0.070423
0 0.309852 0.550469 0.032839 0.077465
0 0.452860 0.357981 0.032839 0.068075
0 0.238877 0.374413 0.030720 0.068075
0 0.130297 0.553991 0.033898 0.075117
0 0.514301 0.267606 0.030720 0.075117
0 0.305085 0.280516 0.033898 0.068075
0 0.265360 0.551643 0.032839 0.070423
0 0.173199 0.558685 0.037076 0.070423
0 0.107521 0.381455 0.030720 0.068075
0 0.537606 0.357981 0.032839 0.077465
0 0.040784 0.565728 0.032839 0.070423
0 0.464513 0.450704 0.034958 0.075117
0 0.603284 0.630282 0.064619 0.091549
0 0.157839 0.468310 0.031780 0.068075
0 0.019597 0.386150 0.037076 0.072770
0 0.275424 0.651408 0.271186 0.082160
0 0.193326 0.376761 0.030720 0.068075
0 0.333157 0.454225 0.032839 0.077465
0 0.592161 0.400235 0.063559 0.176056
0 0.498941 0.421362 0.995763 0.758216
0 0.572034 0.531690 0.112288 0.072770
0 0.551377 0.444836 0.032839 0.077465
0 0.577331 0.265258 0.076271 0.079812
0 0.376589 0.454225 0.032839 0.072770
0 0.217691 0.288732 0.030720 0.070423
0 0.410487 0.361502 0.034958 0.065728
0 0.509004 0.446009 0.032839 0.075117
0 0.324682 0.365023 0.032839 0.068075
0 0.221398 0.555164 0.031780 0.068075
0 0.472458 0.269953 0.029661 0.070423
0 0.346928 0.278169 0.032839 0.072770
0 0.088453 0.296948 0.032839 0.068075
0 0.104873 0.653756 0.061441 0.072770
0 0.132415 0.293427 0.031780 0.070423
0 0.246822 0.464789 0.031780 0.070423
0 0.282309 0.372066 0.032839 0.068075
0 0.012712 0.566901 0.023305 0.068075
0 0.150424 0.382629 0.031780 0.065728
