0 0.243438 0.551250 0.020625 0.030833
0 0.207500 0.630417 0.020000 0.030833
0 0.329688 0.547917 0.020625 0.030833
0 0.394688 0.661250 0.020625 0.032500
0 0.214375 0.552500 0.020000 0.031667
0 0.249375 0.667083 0.021250 0.032500
0 0.401875 0.582500 0.021250 0.031667
0 0.444375 0.542917 0.021250 0.030833
0 0.130625 0.556250 0.018750 0.030833
0 0.230000 0.590833 0.020000 0.031667
0 0.448750 0.592917 0.685000 0.329167
0 0.365625 0.662917 0.021250 0.032500
0 0.430312 0.581667 0.020625 0.031667
0 0.386250 0.545000 0.021250 0.031667
0 0.300625 0.549167 0.021250 0.031667
0 0.314688 0.705833 0.168125 0.038333
0 0.336562 0.664167 0.020625 0.031667
0 0.459375 0.580833 0.021250 0.031667
0 0.488125 0.580000 0.021250 0.033333
0 0.472500 0.541250 0.021250 0.030833
0 0.258750 0.590000 0.020000 0.031667
0 0.438437 0.621250 0.020625 0.032500
0 0.323125 0.625417 0.020000 0.032500
0 0.453125 0.658750 0.021250 0.032500
0 0.205625 0.709167 0.036250 0.033333
0 0.192188 0.669583 0.020625 0.032500
0 0.172187 0.593333 0.020625 0.033333
0 0.507812 0.657917 0.071875 0.032500
0 0.525312 0.599167 0.036875 0.073333
0 0.220938 0.668750 0.020625 0.032500
0 0.415625 0.543750 0.021250 0.030833
0 0.293750 0.626667 0.020000 0.033333
0 0.424063 0.700417 0.036875 0.034167
0 0.200625 0.592500 0.020000 0.031667
0 0.380937 0.622917 0.020625 0.032500
0 0.467187 0.619583 0.020625 0.032500
0 0.265000 0.628333 0.020000 0.031667
0 0.272500 0.550833 0.021250 0.031667
0 0.423750 0.660417 0.020000 0.032500
0 0.495625 0.618750 0.021250 0.032500
0 0.527188 0.697083 0.039375 0.034167
0 0.344375 0.585417 0.020000 0.032500
0 0.351562 0.624167 0.020625 0.033333
0 0.131562 0.672917 0.028125 0.030833
0 0.236250 0.629583 0.020000 0.032500
0 0.409375 0.622083 0.020000 0.032500
0 0.357500 0.546250 0.021250 0.030833
0 0.516250 0.540000 0.050000 0.031667
0 0.137500 0.595000 0.033750 0.031667
0 0.185938 0.554167 0.020625 0.031667
0 0.307500 0.665417 0.021250 0.032500
0 0.286562 0.587917 0.019375 0.030833
0 0.178750 0.631667 0.020000 0.031667
0 0.278438 0.666250 0.020625 0.032500
0 0.157812 0.555000 0.019375 0.030000
0 0.140000 0.634167 0.041250 0.031667
0 0.163438 0.670417 0.020625 0.030833
0 0.315937 0.586667 0.020625 0.031667
0 0.134375 0.711250 0.037500 0.034167
0 0.373125 0.583750 0.020000 0.030833
