0 0.206135 0.532074 0.021768 0.032513
0 0.168206 0.615554 0.021108 0.032513
0 0.297164 0.528559 0.021768 0.032513
0 0.365765 0.648067 0.021768 0.034271
0 0.175462 0.533392 0.021108 0.033392
0 0.212401 0.654218 0.022427 0.034271
0 0.373351 0.565026 0.022427 0.033392
0 0.418206 0.523286 0.022427 0.032513
0 0.087071 0.537346 0.019789 0.032513
0 0.191953 0.573814 0.021108 0.033392
0 0.422823 0.576011 0.722955 0.347100
0 0.335092 0.649824 0.022427 0.034271
0 0.403364 0.564148 0.021768 0.033392
0 0.356860 0.525483 0.022427 0.033392
0 0.266491 0.529877 0.022427 0.033392
0 0.281332 0.695079 0.177441 0.040422
0 0.304420 0.651142 0.021768 0.033392
0 0.434037 0.563269 0.022427 0.033392
0 0.464380 0.562390 0.022427 0.035149
0 0.447889 0.521529 0.022427 0.032513
0 0.222296 0.572935 0.021108 0.033392
0 0.411939 0.605888 0.021768 0.034271
0 0.290237 0.610281 0.021108 0.034271
0 0.427441 0.645431 0.022427 0.034271
0 0.166227 0.698594 0.038259 0.035149
0 0.152045 0.656854 0.021768 0.034271
0 0.130937 0.576450 0.021768 0.035149
0 0.485158 0.644552 0.075858 0.034271
0 0.503628 0.582601 0.038918 0.077329
0 0.182388 0.655975 0.021768 0.034271
0 0.387863 0.524165 0.022427 0.032513
0 0.259235 0.611599 0.021108 0.035149
0 0.396768 0.689367 0.038918 0.036028
0 0.160950 0.575571 0.021108 0.033392
0 0.351253 0.607645 0.021768 0.034271
0 0.442282 0.604130 0.021768 0.034271
0 0.228892 0.613357 0.021108 0.033392
0 0.236807 0.531634 0.022427 0.033392
0 0.396438 0.647188 0.021108 0.034271
0 0.472296 0.603251 0.022427 0.034271
0 0.505607 0.685852 0.041557 0.036028
0 0.312665 0.568102 0.021108 0.034271
0 0.320251 0.608963 0.021768 0.035149
0 0.088061 0.660369 0.029683 0.032513
0 0.198549 0.614675 0.021108 0.034271
0 0.381266 0.606766 0.021108 0.034271
0 0.326517 0.526801 0.022427 0.032513
0 0.494063 0.520211 0.052770 0.033392
0 0.094327 0.578207 0.035620 0.033392
0 0.145449 0.535149 0.021768 0.033392
0 0.273747 0.652460 0.022427 0.034271
0 0.251649 0.570738 0.020449 0.032513
0 0.137863 0.616872 0.021108 0.033392
0 0.243074 0.653339 0.021768 0.034271
0 0.115765 0.536028 0.020449 0.031634
0 0.096966 0.619508 0.043536 0.033392
0 0.121702 0.657733 0.021768 0.032513
0 0.282652 0.569420 0.021768 0.033392
0 0.091029 0.700791 0.039578 0.036028
0 0.343008 0.566344 0.021108 0.032513
