0 0.263184 0.474082 0.028320 0.062635
0 0.485352 0.541037 0.029297 0.066955
0 0.402832 0.548596 0.032227 0.069114
0 0.154785 0.559395 0.030273 0.064795
0 0.236328 0.309935 0.029297 0.062635
0 0.067871 0.653348 0.055664 0.066955
0 0.413574 0.377970 0.028320 0.060475
0 0.486328 0.634989 0.058594 0.086393
0 0.343750 0.467603 0.027344 0.066955
0 0.084961 0.483801 0.060547 0.064795
0 0.434570 0.300216 0.029297 0.064795
0 0.134766 0.394168 0.031250 0.071274
0 0.464844 0.461123 0.031250 0.075594
0 0.178711 0.475162 0.035156 0.060475
0 0.524902 0.537797 0.030273 0.069114
0 0.473145 0.296976 0.030273 0.066955
0 0.316406 0.303456 0.027344 0.062635
0 0.117676 0.316415 0.030273 0.062635
0 0.532715 0.372570 0.030273 0.066955
0 0.138672 0.476242 0.031250 0.071274
0 0.078125 0.320734 0.029297 0.058315
0 0.443359 0.542117 0.029297 0.064795
0 0.361816 0.549676 0.030273 0.071274
0 0.493652 0.372570 0.030273 0.062635
0 0.296387 0.387689 0.028320 0.062635
0 0.196289 0.552916 0.031250 0.069114
0 0.550293 0.289417 0.028320 0.069114
0 0.357422 0.301296 0.031250 0.062635
0 0.320801 0.550756 0.030273 0.064795
0 0.235840 0.557235 0.034180 0.064795
0 0.175293 0.394168 0.028320 0.062635
0 0.571777 0.372570 0.030273 0.071274
0 0.113770 0.563715 0.030273 0.064795
0 0.504395 0.457883 0.032227 0.069114
0 0.632324 0.623110 0.059570 0.084233
0 0.221680 0.474082 0.029297 0.062635
0 0.085938 0.398488 0.050781 0.066955
0 0.330078 0.642549 0.250000 0.075594
0 0.254395 0.389849 0.028320 0.062635
0 0.383301 0.461123 0.030273 0.071274
0 0.622070 0.411447 0.058594 0.161987
0 0.499023 0.430886 0.992188 0.697624
0 0.603516 0.532397 0.103516 0.066955
0 0.584473 0.452484 0.030273 0.071274
0 0.608398 0.287257 0.070312 0.073434
0 0.423340 0.461123 0.030273 0.066955
0 0.276855 0.308855 0.028320 0.064795
0 0.454590 0.375810 0.032227 0.060475
0 0.545410 0.453564 0.030273 0.069114
0 0.375488 0.379050 0.030273 0.062635
0 0.280273 0.553996 0.029297 0.062635
0 0.511719 0.291577 0.027344 0.064795
0 0.395996 0.299136 0.030273 0.066955
0 0.157715 0.316415 0.030273 0.062635
0 0.172852 0.644708 0.056641 0.066955
0 0.198242 0.313175 0.029297 0.064795
0 0.303711 0.470842 0.029297 0.064795
0 0.336426 0.385529 0.030273 0.062635
0 0.067871 0.564795 0.043945 0.062635
0 0.214844 0.395248 0.029297 0.060475
