0 0.731827 0.340943 0.056974 0.050074
0 0.260806 0.642121 0.063851 0.064801
0 0.186886 0.680781 0.105599 0.089102
0 0.375737 0.463181 0.059921 0.054492
0 0.644646 0.442563 0.059430 0.054492
0 0.276768 0.572533 0.062377 0.059647
0 0.350442 0.659794 0.064342 0.063328
0 0.555747 0.488218 0.060413 0.055965
0 0.562132 0.428203 0.061395 0.052283
0 0.376965 0.521355 0.062377 0.057437
0 0.278487 0.511414 0.060904 0.058174
0 0.326621 0.547128 0.063851 0.058910
0 0.593566 0.528719 0.062377 0.058910
0 0.244843 0.715022 0.064342 0.066274
0 0.471022 0.474595 0.061886 0.055228
0 0.683694 0.311487 0.055010 0.050074
0 0.687868 0.420471 0.059430 0.054492
0 0.547151 0.554124 0.062868 0.059647
0 0.643173 0.331738 0.055501 0.050810
0 0.668222 0.548969 0.062377 0.059647
0 0.228389 0.536451 0.060904 0.059647
0 0.557957 0.374448 0.057957 0.052283
0 0.648821 0.384021 0.059921 0.052283
0 0.509332 0.513255 0.061886 0.057437
0 0.770874 0.375184 0.058448 0.055228
0 0.157908 0.633652 0.088900 0.080265
0 0.525295 0.628498 0.251965 0.177467
0 0.729617 0.397644 0.058448 0.053019
0 0.450884 0.605670 0.064833 0.062592
0 0.461690 0.537923 0.062868 0.059647
0 0.600196 0.465758 0.059921 0.056701
0 0.328094 0.487113 0.059921 0.056701
0 0.190815 0.745214 0.064342 0.070692
0 0.830305 0.400221 0.097741 0.078792
0 0.743369 0.282401 0.093811 0.065538
0 0.469548 0.416789 0.059921 0.053019
0 0.424116 0.497423 0.062377 0.055228
0 0.313114 0.615243 0.064342 0.064065
0 0.601424 0.353093 0.057466 0.052283
0 0.402014 0.632180 0.064342 0.062592
0 0.499509 0.579161 0.064833 0.061119
0 0.376719 0.711340 0.064833 0.067747
0 0.606090 0.406848 0.061886 0.052283
0 0.796415 0.335420 0.103635 0.092047
0 0.726424 0.458395 0.058939 0.053756
0 0.123772 0.588365 0.060904 0.061856
0 0.298379 0.687408 0.064342 0.065538
0 0.214145 0.801546 0.066798 0.074374
0 0.177063 0.561119 0.061395 0.058910
0 0.513752 0.395434 0.057957 0.053019
0 0.713409 0.525405 0.062377 0.058174
0 0.517682 0.449926 0.061886 0.055965
0 0.490177 0.526510 0.855599 0.656848
0 0.224460 0.599043 0.063851 0.061119
0 0.422888 0.440722 0.059921 0.055228
0 0.690570 0.362297 0.059921 0.051546
0 0.683939 0.479381 0.061395 0.054492
0 0.412819 0.562960 0.063360 0.059647
0 0.363458 0.589102 0.063851 0.063328
0 0.639489 0.503314 0.059921 0.056701
