0 0.336388 0.500740 0.038697 0.066568
0 0.172437 0.860207 0.055669 0.072485
0 0.473523 0.480030 0.037339 0.057692
0 0.579769 0.401627 0.039375 0.060651
0 0.399864 0.534024 0.038018 0.059172
0 0.148676 0.707840 0.071962 0.093195
0 0.637475 0.323964 0.070604 0.121302
0 0.128649 0.642012 0.060421 0.085799
0 0.260014 0.551775 0.040733 0.071006
0 0.337746 0.415680 0.035981 0.071006
0 0.361168 0.638314 0.040733 0.057692
0 0.145282 0.550296 0.039375 0.068047
0 0.283096 0.695266 0.040733 0.059172
0 0.362186 0.558432 0.040054 0.063609
0 0.474542 0.554734 0.040733 0.062130
0 0.298710 0.525888 0.039375 0.069527
0 0.483028 0.395710 0.038697 0.063609
0 0.515954 0.491864 0.965377 0.968935
0 0.410387 0.447485 0.038697 0.066568
0 0.581466 0.474112 0.037339 0.054734
0 0.242363 0.724112 0.040733 0.063609
0 0.180923 0.607249 0.042770 0.069527
0 0.201629 0.753698 0.040733 0.066568
0 0.224711 0.495562 0.038018 0.071006
0 0.184997 0.522189 0.038697 0.068047
0 0.545825 0.499260 0.038018 0.057692
0 0.301086 0.443787 0.035981 0.068047
0 0.644603 0.426775 0.099796 0.096154
0 0.560760 0.567308 0.051595 0.063609
0 0.544467 0.428254 0.038018 0.060651
0 0.220299 0.579142 0.038697 0.066568
0 0.692125 0.466716 0.050916 0.063609
0 0.552614 0.346154 0.038018 0.065089
0 0.286151 0.615385 0.040054 0.062130
0 0.373048 0.472633 0.037339 0.066568
0 0.246436 0.643491 0.039375 0.062130
0 0.447047 0.420858 0.038697 0.066568
0 0.612695 0.377219 0.038697 0.056213
0 0.601154 0.235947 0.069925 0.081361
0 0.412763 0.365385 0.033944 0.076923
0 0.509844 0.451183 0.038018 0.062130
0 0.517990 0.370562 0.038018 0.063609
0 0.398167 0.607988 0.045485 0.062130
0 0.550577 0.268491 0.033944 0.060651
0 0.420570 0.676036 0.245078 0.227811
0 0.436864 0.505917 0.037339 0.062130
0 0.274949 0.780325 0.051595 0.075444
0 0.324168 0.585799 0.038697 0.065089
0 0.586219 0.321006 0.037339 0.062130
0 0.436864 0.580621 0.041412 0.063609
0 0.448405 0.340976 0.034623 0.072485
0 0.155126 0.785503 0.050916 0.076923
0 0.517312 0.294379 0.035302 0.065089
0 0.483367 0.318787 0.036660 0.063609
0 0.322132 0.666420 0.041412 0.057692
0 0.262729 0.470414 0.035302 0.068047
0 0.103530 0.575444 0.037339 0.068047
0 0.375424 0.389053 0.033944 0.076923
0 0.510523 0.525888 0.038018 0.060651
0 0.206042 0.670118 0.038697 0.065089
