0 0.649671 0.595714 0.039474 0.077143
0 0.632401 0.692857 0.037829 0.074286
0 0.331003 0.725714 0.041941 0.080000
0 0.730263 0.492143 0.036184 0.078571
0 0.586349 0.503571 0.037829 0.075714
0 0.104441 0.549286 0.077303 0.087143
0 0.281661 0.530714 0.040296 0.081429
0 0.683388 0.495714 0.036184 0.077143
0 0.252878 0.432857 0.041941 0.085714
0 0.105674 0.755000 0.063322 0.087143
0 0.382812 0.719286 0.040296 0.078571
0 0.145970 0.440000 0.040296 0.082857
0 0.775905 0.391429 0.081414 0.080000
0 0.247944 0.848571 0.058388 0.111429
0 0.808799 0.771429 0.050164 0.080000
0 0.789885 0.534286 0.064967 0.177143
0 0.746711 0.585714 0.037829 0.077143
0 0.514391 0.592857 0.972862 0.782857
0 0.656661 0.401429 0.037007 0.077143
0 0.635691 0.499286 0.036184 0.075714
0 0.697780 0.590000 0.037007 0.077143
0 0.243832 0.636429 0.043586 0.081429
0 0.559211 0.410000 0.037829 0.080000
0 0.334704 0.525000 0.039474 0.078571
0 0.632401 0.800000 0.050987 0.100000
0 0.350329 0.624286 0.039474 0.077143
0 0.108553 0.861429 0.072368 0.102857
0 0.502056 0.609286 0.038651 0.078571
0 0.680510 0.687143 0.038651 0.074286
0 0.117188 0.650000 0.086349 0.085714
0 0.170230 0.745714 0.044408 0.088571
0 0.601151 0.598571 0.037829 0.077143
0 0.385691 0.520000 0.037829 0.077143
0 0.552632 0.604286 0.039474 0.077143
0 0.705181 0.396429 0.035362 0.075714
0 0.357730 0.423571 0.039474 0.081429
0 0.452303 0.614286 0.039474 0.080000
0 0.229030 0.535000 0.040296 0.081429
0 0.199836 0.437143 0.041118 0.082857
0 0.191612 0.641429 0.042763 0.085714
0 0.400493 0.620000 0.042763 0.080000
0 0.510280 0.412857 0.038651 0.080000
0 0.306332 0.426429 0.038651 0.081429
0 0.437089 0.516429 0.038651 0.078571
0 0.770148 0.680714 0.120888 0.081429
0 0.487253 0.512143 0.038651 0.078571
0 0.459704 0.416429 0.037829 0.081429
0 0.442023 0.825714 0.314967 0.131429
0 0.537418 0.507143 0.037007 0.074286
0 0.174342 0.542143 0.042763 0.084286
0 0.433388 0.714286 0.041118 0.080000
0 0.409128 0.419286 0.038651 0.081429
0 0.534128 0.704286 0.040296 0.080000
0 0.278372 0.732143 0.040296 0.081429
0 0.091283 0.445714 0.041118 0.082857
0 0.583470 0.697143 0.038651 0.077143
0 0.298109 0.630000 0.041941 0.080000
0 0.483964 0.708571 0.038651 0.077143
0 0.225329 0.737143 0.041118 0.080000
0 0.608553 0.405000 0.037829 0.078571
