0 0.558321 0.553075 0.069094 0.090278
0 0.114413 0.649802 0.069837 0.091270
0 0.767831 0.751488 0.067608 0.086310
0 0.329495 0.551587 0.070579 0.089286
0 0.347325 0.649802 0.067608 0.087302
0 0.153418 0.751984 0.070579 0.093254
0 0.291605 0.451885 0.069094 0.090278
0 0.596954 0.456349 0.067608 0.087302
0 0.729569 0.652778 0.068351 0.087302
0 0.806464 0.653274 0.066122 0.086310
0 0.748886 0.455853 0.066865 0.086310
0 0.018202 0.858631 0.034918 0.106151
0 0.710624 0.552579 0.067608 0.087302
0 0.898960 0.454861 0.065379 0.086310
0 0.405646 0.551091 0.068351 0.090278
0 0.653418 0.651786 0.067608 0.089286
0 0.386701 0.749008 0.069094 0.093254
0 0.692793 0.857639 0.088410 0.104167
0 0.691679 0.750992 0.068351 0.087302
0 0.822808 0.455357 0.066122 0.087302
0 0.136701 0.451389 0.071322 0.089286
0 0.219911 0.858631 0.092125 0.104167
0 0.862184 0.555060 0.067608 0.088294
0 0.482169 0.551587 0.068351 0.091270
0 0.938336 0.554563 0.066865 0.085317
0 0.173105 0.550099 0.068351 0.092262
0 0.095840 0.551091 0.071322 0.090278
0 0.779718 0.859623 0.069094 0.102183
0 0.539004 0.748512 0.069094 0.092262
0 0.500743 0.570437 1.000000 0.753968
0 0.024146 0.750000 0.046805 0.095238
0 0.214339 0.450893 0.072065 0.088294
0 0.672734 0.455853 0.069094 0.086310
0 0.786404 0.553075 0.067608 0.088294
0 0.269316 0.650298 0.069094 0.090278
0 0.615899 0.750992 0.069837 0.091270
0 0.365527 0.858135 0.178306 0.109127
0 0.192422 0.650298 0.071322 0.090278
0 0.029346 0.549603 0.057207 0.095238
0 0.500371 0.650298 0.069094 0.090278
0 0.018202 0.449901 0.034918 0.090278
0 0.845097 0.752976 0.067608 0.085317
0 0.057949 0.451389 0.071322 0.089286
0 0.231055 0.750496 0.069837 0.092262
0 0.634473 0.552579 0.068351 0.085317
0 0.972140 0.456845 0.057207 0.086310
0 0.444651 0.453869 0.070579 0.088294
0 0.308692 0.750000 0.072065 0.091270
0 0.990713 0.603175 0.020059 0.190476
0 0.035661 0.648810 0.069837 0.095238
0 0.462853 0.748512 0.071322 0.092262
0 0.423477 0.649306 0.068351 0.090278
0 0.882244 0.653274 0.066122 0.086310
0 0.553863 0.857639 0.176077 0.110119
0 0.251857 0.551587 0.069837 0.089286
0 0.944651 0.752976 0.112184 0.087302
0 0.521174 0.456349 0.066122 0.087302
0 0.367013 0.452381 0.068351 0.089286
0 0.576895 0.650794 0.067608 0.087302
0 0.073551 0.751488 0.071322 0.094246
0 0.957281 0.653770 0.066122 0.087302
