0 0.068655 0.344828 0.085992 0.111406
0 0.081484 0.588196 0.132455 0.112732
0 0.595007 0.479443 0.061026 0.118037
0 0.426144 0.225464 0.060333 0.114058
0 0.069695 0.467507 0.100555 0.110080
0 0.492025 0.604775 0.060333 0.116711
0 0.753121 0.226127 0.063800 0.118037
0 0.516644 0.350796 0.059639 0.115385
0 0.661234 0.481432 0.061720 0.116711
0 0.336338 0.474138 0.056865 0.112732
0 0.692788 0.610080 0.062413 0.116711
0 0.212552 0.471485 0.056172 0.110080
0 0.760749 0.615385 0.063800 0.119363
0 0.927531 0.357427 0.065881 0.120690
0 0.855062 0.354775 0.063800 0.118037
0 0.488904 0.226127 0.059639 0.115385
0 0.202497 0.346154 0.055479 0.111406
0 0.649098 0.353448 0.062413 0.115385
0 0.176838 0.225464 0.056865 0.111406
0 0.785021 0.354775 0.062413 0.118037
0 0.822816 0.224801 0.063107 0.118037
0 0.485784 0.740716 0.183773 0.141910
0 0.698682 0.752653 0.064494 0.139257
0 0.273925 0.472812 0.056865 0.112732
0 0.685853 0.226127 0.062413 0.118037
0 0.142857 0.347480 0.056865 0.111406
0 0.058946 0.228117 0.052705 0.106101
0 0.798890 0.486074 0.063800 0.118037
0 0.717060 0.354111 0.062413 0.116711
0 0.300971 0.597480 0.058252 0.112732
0 0.362344 0.226127 0.058946 0.112732
0 0.621359 0.748674 0.080444 0.139257
0 0.388350 0.348143 0.056865 0.112732
0 0.463939 0.476790 0.058252 0.115385
0 0.177184 0.592175 0.056172 0.110080
0 0.898058 0.489390 0.122053 0.122016
0 0.427184 0.602122 0.061026 0.114058
0 0.325243 0.348143 0.056865 0.112732
0 0.500693 0.475464 1.000000 0.948276
0 0.553051 0.226127 0.060333 0.115385
0 0.151526 0.469496 0.054785 0.108753
0 0.037101 0.718170 0.056172 0.131300
0 0.877947 0.621353 0.156727 0.125995
0 0.528779 0.478117 0.058946 0.115385
0 0.399445 0.475464 0.058252 0.115385
0 0.618932 0.226127 0.061720 0.115385
0 0.623786 0.607427 0.061720 0.116711
0 0.299931 0.226127 0.056172 0.112732
0 0.582524 0.350796 0.061026 0.115385
0 0.239251 0.594164 0.058252 0.114058
0 0.237864 0.225464 0.056865 0.111406
0 0.117892 0.226790 0.054092 0.108753
0 0.911928 0.226790 0.104022 0.119363
0 0.263523 0.348143 0.056865 0.112732
0 0.364078 0.598806 0.059639 0.112732
0 0.729542 0.485411 0.062413 0.116711
0 0.557212 0.606764 0.061720 0.118037
0 0.452497 0.350133 0.058946 0.114058
