0 0.117407 0.276890 0.043704 0.082849
0 0.527407 0.278343 0.040000 0.079942
0 0.360000 0.363372 0.041481 0.078488
0 0.059259 0.275436 0.062222 0.082849
0 0.383704 0.451308 0.041481 0.079942
0 0.313704 0.363372 0.042222 0.081395
0 0.507778 0.337209 0.985926 0.590116
0 0.094444 0.186773 0.042222 0.082849
0 0.105556 0.454215 0.042222 0.082849
0 0.504815 0.190407 0.040741 0.081395
0 0.548148 0.191860 0.040000 0.081395
0 0.341852 0.542151 0.285185 0.087209
0 0.244815 0.452762 0.043704 0.079942
0 0.337407 0.451308 0.042222 0.079942
0 0.570370 0.277616 0.040000 0.078488
0 0.199259 0.454215 0.041481 0.079942
0 0.641111 0.444767 0.114815 0.075581
0 0.163704 0.276163 0.041481 0.081395
0 0.591481 0.191134 0.039259 0.079942
0 0.291481 0.453488 0.042222 0.081395
0 0.210000 0.276163 0.042222 0.081395
0 0.472963 0.448401 0.040741 0.079942
0 0.065185 0.364099 0.075556 0.082849
0 0.348519 0.276890 0.040741 0.079942
0 0.656296 0.191134 0.082963 0.079942
0 0.460741 0.189680 0.040000 0.082849
0 0.187407 0.186773 0.041481 0.082849
0 0.651111 0.361192 0.093333 0.077035
0 0.450741 0.362645 0.040741 0.079942
0 0.232963 0.186773 0.040741 0.079942
0 0.175185 0.364826 0.042222 0.081395
0 0.052963 0.454942 0.052593 0.081395
0 0.393704 0.277616 0.040741 0.081395
0 0.517037 0.447674 0.040000 0.078488
0 0.302222 0.276890 0.041481 0.079942
0 0.494815 0.362645 0.040000 0.079942
0 0.538519 0.363372 0.040000 0.078488
0 0.052593 0.545058 0.054815 0.084302
0 0.406296 0.363372 0.040741 0.078488
0 0.255926 0.277616 0.042222 0.081395
0 0.152222 0.454215 0.042222 0.079942
0 0.674444 0.531250 0.052593 0.079942
0 0.325556 0.188227 0.042222 0.079942
0 0.581852 0.362645 0.040741 0.079942
0 0.221481 0.364099 0.042963 0.082849
0 0.141111 0.186773 0.042222 0.082849
0 0.268148 0.364826 0.041481 0.081395
0 0.428148 0.449855 0.041481 0.082849
0 0.438519 0.276890 0.040000 0.077035
0 0.482963 0.277616 0.040000 0.078488
0 0.129259 0.364826 0.042222 0.081395
0 0.278889 0.187500 0.042222 0.081395
0 0.415185 0.188953 0.040741 0.081395
0 0.560370 0.447674 0.040741 0.078488
0 0.371111 0.188953 0.040000 0.081395
0 0.047407 0.188227 0.041481 0.079942
0 0.667778 0.278343 0.061481 0.077035
0 0.512222 0.534157 0.052593 0.079942
0 0.170000 0.542878 0.054074 0.082849
0 0.613704 0.276890 0.039259 0.077035
