0 0.085863 0.252323 0.040735 0.049257
0 0.449281 0.312732 0.039137 0.049257
0 0.160942 0.193309 0.040735 0.048327
0 0.323882 0.371747 0.039137 0.048327
0 0.161741 0.431227 0.040735 0.048327
0 0.313099 0.433086 0.239617 0.052045
0 0.348243 0.312732 0.038339 0.047398
0 0.612620 0.192844 0.038339 0.047398
0 0.574281 0.371747 0.039936 0.048327
0 0.248003 0.311338 0.037540 0.046468
0 0.500799 0.286710 1.000000 0.454461
0 0.636182 0.252323 0.039137 0.049257
0 0.015176 0.192844 0.028754 0.049257
0 0.273962 0.371283 0.038339 0.049257
0 0.644169 0.372212 0.075879 0.049257
0 0.236422 0.252323 0.038339 0.049257
0 0.021565 0.371747 0.041534 0.048327
0 0.462460 0.194703 0.041534 0.049257
0 0.561901 0.194238 0.039137 0.048327
0 0.512380 0.194238 0.039137 0.048327
0 0.362620 0.193773 0.038339 0.049257
0 0.123403 0.370818 0.039137 0.048327
0 0.598642 0.311803 0.037540 0.049257
0 0.027556 0.251859 0.053514 0.050186
0 0.398562 0.312268 0.038339 0.048327
0 0.486422 0.252788 0.039936 0.048327
0 0.111022 0.193309 0.039936 0.048327
0 0.073482 0.371747 0.039936 0.050186
0 0.411741 0.195167 0.039137 0.050186
0 0.311901 0.193309 0.039137 0.048327
0 0.436901 0.253717 0.038339 0.046468
0 0.337061 0.252323 0.038339 0.049257
0 0.648562 0.312268 0.038339 0.048327
0 0.536342 0.253253 0.039137 0.049257
0 0.224042 0.370818 0.039137 0.048327
0 0.174521 0.370818 0.039137 0.048327
0 0.386581 0.252788 0.038339 0.048327
0 0.033946 0.310874 0.066294 0.049257
0 0.462460 0.432156 0.041534 0.048327
0 0.297923 0.311338 0.038339 0.048327
0 0.547923 0.312268 0.038339 0.048327
0 0.147364 0.311803 0.039137 0.049257
0 0.698882 0.282993 0.063898 0.110595
0 0.564297 0.431691 0.040735 0.049257
0 0.586661 0.253253 0.039137 0.049257
0 0.375000 0.370818 0.039137 0.048327
0 0.261981 0.193309 0.039936 0.048327
0 0.061102 0.193773 0.039137 0.049257
0 0.286342 0.251859 0.037540 0.048327
0 0.097045 0.311803 0.039137 0.049257
0 0.424920 0.372212 0.039936 0.049257
0 0.474042 0.372677 0.039137 0.048327
0 0.523962 0.371747 0.039936 0.048327
0 0.186502 0.252323 0.039137 0.049257
0 0.197284 0.311338 0.038339 0.048327
0 0.015575 0.431691 0.029553 0.049257
0 0.134984 0.251859 0.038339 0.050186
0 0.498802 0.312732 0.037540 0.047398
0 0.687300 0.193309 0.087061 0.048327
0 0.210863 0.193309 0.038339 0.048327
