0 0.103780 0.242940 0.036377 0.044020
0 0.428317 0.296927 0.034950 0.044020
0 0.170827 0.190199 0.036377 0.043189
0 0.316334 0.349668 0.034950 0.043189
0 0.171541 0.402824 0.036377 0.043189
0 0.306705 0.404485 0.213980 0.046512
0 0.338088 0.296927 0.034237 0.042359
0 0.574180 0.189784 0.034237 0.042359
0 0.539943 0.349668 0.035663 0.043189
0 0.248573 0.295681 0.033524 0.041528
0 0.472539 0.273671 0.937946 0.406146
0 0.595221 0.242940 0.034950 0.044020
0 0.036377 0.189784 0.034237 0.044020
0 0.271755 0.349252 0.034237 0.044020
0 0.602354 0.350083 0.067760 0.044020
0 0.238231 0.242940 0.034237 0.044020
0 0.041369 0.349668 0.047076 0.043189
0 0.440086 0.191445 0.037090 0.044020
0 0.528887 0.191030 0.034950 0.043189
0 0.484665 0.191030 0.034950 0.043189
0 0.350927 0.190615 0.034237 0.044020
0 0.137304 0.348837 0.034950 0.043189
0 0.561698 0.296096 0.033524 0.044020
0 0.046719 0.242525 0.057775 0.044850
0 0.383024 0.296512 0.034237 0.043189
0 0.461484 0.243355 0.035663 0.043189
0 0.126248 0.190199 0.035663 0.043189
0 0.092725 0.349668 0.035663 0.044850
0 0.394793 0.191860 0.034950 0.044850
0 0.305635 0.190199 0.034950 0.043189
0 0.417261 0.244186 0.034237 0.041528
0 0.328103 0.242940 0.034237 0.044020
0 0.606277 0.296512 0.034237 0.043189
0 0.506063 0.243771 0.034950 0.044020
0 0.227175 0.348837 0.034950 0.043189
0 0.182953 0.348837 0.034950 0.043189
0 0.372325 0.243355 0.034237 0.043189
0 0.052425 0.295266 0.069187 0.044020
0 0.440086 0.403654 0.037090 0.043189
0 0.293153 0.295681 0.034237 0.043189
0 0.516405 0.296512 0.034237 0.043189
0 0.158702 0.296096 0.034950 0.044020
0 0.651213 0.270349 0.057061 0.098837
0 0.531027 0.403239 0.036377 0.044020
0 0.550999 0.243771 0.034950 0.044020
0 0.361983 0.348837 0.034950 0.043189
0 0.261056 0.190199 0.035663 0.043189
0 0.081669 0.190615 0.034950 0.044020
0 0.282810 0.242525 0.033524 0.043189
0 0.113766 0.296096 0.034950 0.044020
0 0.406562 0.350083 0.035663 0.044020
0 0.450428 0.350498 0.034950 0.043189
0 0.495007 0.349668 0.035663 0.043189
0 0.193652 0.242940 0.034950 0.044020
0 0.203281 0.295681 0.034237 0.043189
0 0.036020 0.403239 0.036377 0.044020
0 0.147646 0.242525 0.034237 0.044850
0 0.472539 0.296927 0.033524 0.042359
0 0.640870 0.190199 0.077746 0.043189
0 0.215407 0.190199 0.034237 0.043189
