0 0.678477 0.398817 0.072631 0.072273
0 0.705934 0.218134 0.072631 0.065703
0 0.266165 0.469777 0.080602 0.077530
0 0.379539 0.555191 0.082374 0.088042
0 0.433127 0.604468 0.085031 0.089356
0 0.529229 0.352825 0.075288 0.072273
0 0.482728 0.471748 0.081488 0.081472
0 0.190434 0.713535 0.134632 0.131406
0 0.268822 0.642576 0.082374 0.091984
0 0.888397 0.233246 0.070859 0.067017
0 0.143047 0.651774 0.112489 0.115637
0 0.766165 0.329172 0.074402 0.069645
0 0.573516 0.579501 0.254207 0.249671
0 0.581488 0.393561 0.075288 0.074901
0 0.377768 0.649146 0.084145 0.091984
0 0.499114 0.503942 0.962799 0.939553
0 0.321523 0.696452 0.085031 0.094612
0 0.533215 0.432326 0.076174 0.076216
0 0.820195 0.171485 0.136404 0.119580
0 0.235607 0.774639 0.147033 0.156373
0 0.576616 0.316689 0.074402 0.068331
0 0.722764 0.363338 0.072631 0.069645
0 0.486271 0.559790 0.081488 0.084100
0 0.092560 0.599212 0.085917 0.094612
0 0.585474 0.477661 0.077945 0.080158
0 0.620018 0.283837 0.074402 0.068331
0 0.380868 0.465834 0.079717 0.077530
0 0.732950 0.130749 0.068202 0.059133
0 0.535872 0.517740 0.081488 0.084100
0 0.709920 0.465177 0.078831 0.078844
0 0.369353 0.391590 0.079717 0.078844
0 0.432241 0.426413 0.077945 0.074901
0 0.516829 0.284494 0.069973 0.069645
0 0.421612 0.354139 0.077945 0.074901
0 0.562445 0.251643 0.070859 0.064389
0 0.663419 0.249671 0.072631 0.065703
0 0.324181 0.597898 0.086802 0.089356
0 0.328167 0.506570 0.082374 0.082786
0 0.604517 0.218791 0.069973 0.064389
0 0.377768 0.751643 0.085917 0.099869
0 0.807795 0.294350 0.072631 0.070959
0 0.671391 0.321945 0.070859 0.070959
0 0.687777 0.157030 0.068202 0.059133
0 0.210806 0.510512 0.079717 0.085414
0 0.251107 0.863995 0.112489 0.135348
0 0.272365 0.548620 0.080602 0.082786
0 0.627989 0.358081 0.074402 0.072273
0 0.317981 0.429041 0.079717 0.077530
0 0.755979 0.254928 0.069973 0.065703
0 0.746678 0.185283 0.070859 0.063075
0 0.713463 0.289093 0.073516 0.070959
0 0.646590 0.187911 0.069088 0.063075
0 0.632418 0.439553 0.076174 0.077530
0 0.481842 0.390276 0.077945 0.070959
0 0.216120 0.592641 0.086802 0.089356
0 0.470771 0.318003 0.073516 0.070959
0 0.432684 0.511827 0.078831 0.080158
0 0.796280 0.221419 0.070859 0.067017
0 0.802480 0.383049 0.086802 0.085414
0 0.153233 0.552562 0.081488 0.085414
