0 0.295312 0.598845 0.024375 0.060334
0 0.508125 0.668164 0.085000 0.065469
0 0.387188 0.526316 0.025625 0.059050
0 0.322188 0.528241 0.025625 0.060334
0 0.306250 0.460205 0.025000 0.062901
0 0.494375 0.594994 0.025000 0.062901
0 0.196563 0.600128 0.025625 0.062901
0 0.518125 0.455071 0.057500 0.060334
0 0.145000 0.464056 0.025000 0.060334
0 0.485625 0.524390 0.026250 0.062901
0 0.159688 0.747112 0.034375 0.066752
0 0.242500 0.670090 0.026250 0.061617
0 0.354687 0.526958 0.024375 0.057766
0 0.125625 0.532734 0.027500 0.059050
0 0.190938 0.531451 0.025625 0.059050
0 0.210313 0.670732 0.026875 0.060334
0 0.361250 0.597561 0.025000 0.062901
0 0.439688 0.573171 0.785625 0.517330
0 0.177813 0.462773 0.025625 0.062901
0 0.242500 0.461489 0.026250 0.062901
0 0.276250 0.670732 0.026250 0.062901
0 0.289375 0.528883 0.023750 0.059050
0 0.072188 0.747754 0.040625 0.065469
0 0.210313 0.462131 0.024375 0.061617
0 0.394375 0.596277 0.025000 0.062901
0 0.109063 0.673299 0.026875 0.062901
0 0.443437 0.668164 0.025625 0.065469
0 0.086875 0.534018 0.041250 0.059050
0 0.176250 0.672015 0.026250 0.060334
0 0.410938 0.669448 0.024375 0.062901
0 0.224375 0.531451 0.025000 0.059050
0 0.081875 0.466624 0.022500 0.057766
0 0.461250 0.596277 0.026250 0.062901
0 0.277813 0.751605 0.188125 0.086008
0 0.261875 0.599487 0.025000 0.061617
0 0.274687 0.460205 0.025625 0.062901
0 0.396250 0.744544 0.035000 0.069320
0 0.256563 0.529525 0.024375 0.057766
0 0.529687 0.744544 0.045625 0.071887
0 0.338750 0.460205 0.026250 0.062901
0 0.328437 0.598845 0.024375 0.062901
0 0.470000 0.454429 0.025000 0.059050
0 0.113750 0.464056 0.023750 0.060334
0 0.309688 0.670732 0.025625 0.062901
0 0.162812 0.601412 0.025625 0.060334
0 0.453437 0.525674 0.024375 0.060334
0 0.371250 0.458280 0.026250 0.061617
0 0.071875 0.674583 0.035000 0.062901
0 0.527813 0.560334 0.043125 0.137356
0 0.131250 0.601412 0.027500 0.060334
0 0.404375 0.456354 0.025000 0.062901
0 0.420312 0.525032 0.024375 0.059050
0 0.342500 0.670090 0.026250 0.064185
0 0.376563 0.669448 0.025625 0.062901
0 0.142813 0.672657 0.026875 0.061617
0 0.086563 0.603979 0.050625 0.060334
0 0.158125 0.532092 0.026250 0.060334
0 0.428125 0.596277 0.026250 0.062901
0 0.436250 0.456996 0.026250 0.061617
0 0.229687 0.599487 0.024375 0.061617
