0 0.669187 0.737960 0.054820 0.048159
0 0.770794 0.684490 0.053875 0.047450
0 0.730151 0.793201 0.078450 0.050992
0 0.104442 0.743626 0.053875 0.048159
0 0.458412 0.740085 0.056711 0.048159
0 0.560491 0.685552 0.054820 0.046742
0 0.576560 0.581445 0.054820 0.046742
0 0.230151 0.584986 0.055766 0.046742
0 0.491021 0.686969 0.053875 0.046742
0 0.195652 0.637394 0.054820 0.046742
0 0.348771 0.688031 0.052930 0.047450
0 0.089792 0.586048 0.052930 0.046034
0 0.387996 0.740793 0.055766 0.048159
0 0.784499 0.579674 0.054820 0.046034
0 0.299149 0.584278 0.053875 0.046742
0 0.810491 0.736544 0.053875 0.046742
0 0.123346 0.638456 0.055766 0.047450
0 0.822306 0.631020 0.056711 0.048159
0 0.473535 0.634561 0.054820 0.046742
0 0.507561 0.582153 0.052930 0.048159
0 0.466919 0.796388 0.425331 0.053116
0 0.928639 0.736898 0.144612 0.048867
0 0.202741 0.798159 0.076560 0.050992
0 0.853497 0.578258 0.052930 0.046034
0 0.208412 0.689802 0.051985 0.046742
0 0.842628 0.684136 0.053875 0.048159
0 0.419660 0.687323 0.054820 0.047450
0 0.403592 0.634915 0.052930 0.047450
0 0.031191 0.745751 0.060491 0.048159
0 0.040643 0.639518 0.079395 0.048159
0 0.941399 0.683782 0.119093 0.048867
0 0.174858 0.743272 0.052930 0.047450
0 0.599716 0.739023 0.055766 0.048867
0 0.048677 0.691572 0.095463 0.047450
0 0.646030 0.580382 0.053875 0.046034
0 0.893667 0.630312 0.053875 0.048159
0 0.715501 0.580028 0.054820 0.046742
0 0.031664 0.800637 0.061437 0.050283
0 0.024575 0.587465 0.047259 0.047450
0 0.700378 0.684490 0.054820 0.047450
0 0.264178 0.636686 0.053875 0.046742
0 0.751890 0.631728 0.053875 0.046742
0 0.740076 0.737252 0.052930 0.046742
0 0.980151 0.792139 0.041588 0.051700
0 0.334121 0.636686 0.055766 0.046742
0 0.248110 0.742564 0.057656 0.047450
0 0.317580 0.741501 0.056711 0.048159
0 0.969282 0.631020 0.063327 0.046742
0 0.630907 0.685552 0.051985 0.046742
0 0.500945 0.660057 1.000000 0.393768
0 0.439036 0.582861 0.055766 0.045326
0 0.542533 0.633853 0.054820 0.046742
0 0.948960 0.578258 0.103970 0.048867
0 0.138469 0.691218 0.053875 0.046742
0 0.681947 0.632436 0.057656 0.046742
0 0.279773 0.689448 0.054820 0.047450
0 0.160681 0.585694 0.054820 0.046742
0 0.612004 0.632790 0.051985 0.046034
0 0.529773 0.739377 0.055766 0.048159
0 0.369093 0.583924 0.055766 0.046034
