0 0.438750 0.563165 0.037500 0.091755
0 0.233437 0.470745 0.036875 0.093085
0 0.592500 0.353723 0.042500 0.093085
0 0.462187 0.666888 0.039375 0.097074
0 0.330625 0.465426 0.036250 0.090426
0 0.584063 0.557846 0.040625 0.094415
0 0.497188 0.359043 0.040625 0.090426
0 0.414062 0.668883 0.039375 0.095745
0 0.522500 0.458777 0.040000 0.087766
0 0.316250 0.673537 0.038750 0.097074
0 0.171250 0.678191 0.037500 0.098404
0 0.071875 0.793218 0.060000 0.105053
0 0.543125 0.777926 0.055000 0.111702
0 0.632812 0.556516 0.039375 0.094415
0 0.219375 0.675532 0.037500 0.098404
0 0.570000 0.455452 0.038750 0.089096
0 0.115937 0.376330 0.035625 0.090426
0 0.667500 0.452128 0.040000 0.093085
0 0.739688 0.772606 0.068125 0.111702
0 0.122813 0.679521 0.038125 0.095745
0 0.390937 0.565160 0.036875 0.093085
0 0.196563 0.573138 0.036875 0.095745
0 0.507188 0.516622 0.958125 0.857713
0 0.149688 0.574468 0.035625 0.095745
0 0.141563 0.793218 0.053125 0.105053
0 0.449375 0.362367 0.040000 0.094415
0 0.281875 0.467420 0.038750 0.091755
0 0.486875 0.561170 0.040000 0.095745
0 0.715625 0.347074 0.092500 0.093085
0 0.511563 0.663564 0.039375 0.095745
0 0.731875 0.503324 0.067500 0.206117
0 0.354687 0.366356 0.038125 0.091755
0 0.610313 0.662234 0.039375 0.095745
0 0.702187 0.660904 0.133125 0.098404
0 0.244688 0.571144 0.036875 0.094415
0 0.186250 0.472074 0.036250 0.093085
0 0.258437 0.369681 0.035625 0.090426
0 0.682813 0.554521 0.039375 0.095745
0 0.341562 0.568484 0.038125 0.091755
0 0.619062 0.454122 0.040625 0.091755
0 0.372812 0.790559 0.280625 0.134309
0 0.426563 0.462766 0.038125 0.090426
0 0.268437 0.675532 0.038125 0.095745
0 0.069687 0.377660 0.034375 0.087766
0 0.474062 0.458777 0.036875 0.087766
0 0.641875 0.349069 0.038750 0.091755
0 0.560937 0.662234 0.039375 0.093085
0 0.209687 0.371676 0.038125 0.089096
0 0.080625 0.478723 0.060000 0.090426
0 0.544063 0.357713 0.041875 0.093085
0 0.084687 0.579787 0.073125 0.095745
0 0.365312 0.671543 0.039375 0.095745
0 0.068750 0.683511 0.050000 0.093085
0 0.378437 0.464761 0.038125 0.091755
0 0.401562 0.363032 0.038125 0.093085
0 0.138750 0.476064 0.037500 0.090426
0 0.306563 0.368351 0.038125 0.090426
0 0.293125 0.570479 0.037500 0.093085
0 0.534687 0.558511 0.039375 0.095745
0 0.163125 0.374335 0.037500 0.089096
