0 0.538918 0.535227 0.048813 0.111364
0 0.302770 0.301136 0.056728 0.111364
0 0.773087 0.197727 0.060686 0.095455
0 0.574538 0.300000 0.046174 0.100000
0 0.718997 0.195455 0.042216 0.095455
0 0.683377 0.523864 0.044855 0.097727
0 0.128628 0.165909 0.062005 0.113636
0 0.091029 0.300000 0.102902 0.122727
0 0.484169 0.186364 0.047493 0.104545
0 0.795515 0.403409 0.071240 0.102273
0 0.270449 0.430682 0.060686 0.115909
0 0.432058 0.547727 0.054090 0.109091
0 0.753958 0.301136 0.040897 0.097727
0 0.668206 0.301136 0.043536 0.097727
0 0.622032 0.301136 0.046174 0.097727
0 0.651715 0.653409 0.060686 0.120455
0 0.142480 0.577273 0.153034 0.131818
0 0.599604 0.415909 0.046174 0.100000
0 0.363456 0.301136 0.054090 0.106818
0 0.726913 0.521591 0.044855 0.097727
0 0.795515 0.303409 0.042216 0.093182
0 0.060026 0.162500 0.064644 0.115909
0 0.176781 0.301136 0.063325 0.120455
0 0.390501 0.425000 0.052770 0.109091
0 0.473615 0.301136 0.050132 0.102273
0 0.112797 0.732955 0.072559 0.147727
0 0.315303 0.559091 0.058047 0.113636
0 0.376649 0.179545 0.054090 0.109091
0 0.636544 0.526136 0.046174 0.102273
0 0.490106 0.681818 0.259894 0.150000
0 0.797493 0.515909 0.093668 0.100000
0 0.498681 0.420455 0.050132 0.104545
0 0.193931 0.170455 0.060686 0.113636
0 0.432718 0.182955 0.052770 0.106818
0 0.257256 0.173864 0.058047 0.111364
0 0.110818 0.439773 0.126649 0.125000
0 0.550792 0.417045 0.048813 0.102273
0 0.533641 0.188636 0.046174 0.104545
0 0.692612 0.412500 0.044855 0.097727
0 0.703826 0.651136 0.048813 0.106818
0 0.674802 0.195455 0.043536 0.095455
0 0.240765 0.298864 0.056728 0.115909
0 0.629947 0.194318 0.046174 0.097727
0 0.445910 0.422727 0.052770 0.104545
0 0.419525 0.298864 0.050132 0.102273
0 0.582454 0.190909 0.046174 0.100000
0 0.251979 0.564773 0.058047 0.115909
0 0.332454 0.428409 0.058047 0.111364
0 0.501319 0.428409 1.000000 0.852273
0 0.589050 0.534091 0.048813 0.104545
0 0.712401 0.301136 0.042216 0.097727
0 0.318602 0.176136 0.054090 0.106818
0 0.207124 0.432955 0.060686 0.115909
0 0.375330 0.554545 0.056728 0.109091
0 0.321900 0.702273 0.076517 0.136364
0 0.524406 0.301136 0.048813 0.102273
0 0.486148 0.542045 0.054090 0.106818
0 0.736148 0.409091 0.042216 0.095455
0 0.646438 0.413636 0.044855 0.095455
