0 0.425000 0.712500 0.430000 0.098333
0 0.280000 0.414167 0.057500 0.091667
0 0.583750 0.405000 0.057500 0.090000
0 0.227500 0.521667 0.055000 0.090000
0 0.914375 0.501667 0.058750 0.090000
0 0.500000 0.439167 0.997500 0.695000
0 0.355000 0.411667 0.057500 0.090000
0 0.416875 0.610833 0.058750 0.091667
0 0.622500 0.304167 0.060000 0.095000
0 0.078750 0.519167 0.057500 0.088333
0 0.201875 0.418333 0.058750 0.090000
0 0.952500 0.295000 0.087500 0.090000
0 0.150000 0.520000 0.060000 0.086667
0 0.051875 0.423333 0.061250 0.090000
0 0.490000 0.609167 0.060000 0.091667
0 0.265625 0.615833 0.056250 0.088333
0 0.451250 0.509167 0.057500 0.088333
0 0.692500 0.708333 0.080000 0.086667
0 0.543125 0.306667 0.061250 0.096667
0 0.701250 0.300833 0.060000 0.098333
0 0.391875 0.310833 0.058750 0.095000
0 0.431875 0.410833 0.058750 0.091667
0 0.190625 0.617500 0.056250 0.085000
0 0.526250 0.509167 0.057500 0.088333
0 0.603125 0.506667 0.058750 0.090000
0 0.466875 0.309167 0.058750 0.098333
0 0.718125 0.603333 0.056250 0.090000
0 0.157500 0.316667 0.062500 0.093333
0 0.083750 0.320000 0.060000 0.090000
0 0.838125 0.502500 0.061250 0.091667
0 0.165000 0.719167 0.075000 0.088333
0 0.043125 0.621667 0.053750 0.086667
0 0.756875 0.505833 0.056250 0.088333
0 0.563750 0.608333 0.060000 0.093333
0 0.314375 0.312500 0.058750 0.095000
0 0.302500 0.515000 0.055000 0.090000
0 0.678750 0.506667 0.057500 0.086667
0 0.018750 0.322500 0.035000 0.088333
0 0.895625 0.398333 0.058750 0.093333
0 0.968125 0.449167 0.056250 0.191667
0 0.641250 0.605833 0.057500 0.088333
0 0.820000 0.401667 0.060000 0.093333
0 0.798125 0.603333 0.056250 0.090000
0 0.740000 0.401667 0.057500 0.093333
0 0.235625 0.313333 0.058750 0.093333
0 0.126875 0.420000 0.061250 0.093333
0 0.920000 0.600833 0.152500 0.095000
0 0.341250 0.612500 0.055000 0.088333
0 0.506250 0.410833 0.057500 0.091667
0 0.118125 0.620000 0.053750 0.086667
0 0.378125 0.511667 0.056250 0.090000
0 0.660625 0.405833 0.061250 0.091667
0 0.860000 0.295833 0.060000 0.091667
0 0.779375 0.300000 0.061250 0.096667
