0 0.425587 0.729094 0.449086 0.102787
0 0.274151 0.417247 0.060052 0.095819
0 0.591384 0.407666 0.060052 0.094077
0 0.219321 0.529617 0.057441 0.094077
0 0.936684 0.508711 0.061358 0.094077
0 0.501305 0.443380 1.000000 0.726481
0 0.352480 0.414634 0.060052 0.094077
0 0.417102 0.622822 0.061358 0.095819
0 0.631854 0.302265 0.062663 0.099303
0 0.063969 0.527003 0.060052 0.092334
0 0.192559 0.421603 0.061358 0.094077
0 0.966057 0.292683 0.070496 0.094077
0 0.138381 0.527875 0.062663 0.090592
0 0.035901 0.426829 0.063969 0.094077
0 0.493473 0.621080 0.062663 0.095819
0 0.259138 0.628049 0.058747 0.092334
0 0.453003 0.516551 0.060052 0.092334
0 0.704961 0.724739 0.083551 0.090592
0 0.548956 0.304878 0.063969 0.101045
0 0.714099 0.298780 0.062663 0.102787
0 0.390992 0.309233 0.061358 0.099303
0 0.432768 0.413763 0.061358 0.095819
0 0.180809 0.629791 0.058747 0.088850
0 0.531332 0.516551 0.060052 0.092334
0 0.611619 0.513937 0.061358 0.094077
0 0.469321 0.307491 0.061358 0.102787
0 0.731723 0.614983 0.058747 0.094077
0 0.146214 0.315331 0.065274 0.097561
0 0.069191 0.318815 0.062663 0.094077
0 0.857050 0.509582 0.063969 0.095819
0 0.154047 0.736063 0.078329 0.092334
0 0.028068 0.634146 0.053525 0.090592
0 0.772193 0.513066 0.058747 0.092334
0 0.570496 0.620209 0.062663 0.097561
0 0.310052 0.310976 0.061358 0.099303
0 0.297650 0.522648 0.057441 0.094077
0 0.690601 0.513937 0.060052 0.090592
0 0.010444 0.321429 0.018277 0.092334
0 0.917102 0.400697 0.061358 0.097561
0 0.982376 0.453833 0.037859 0.200348
0 0.651436 0.617596 0.060052 0.092334
0 0.838120 0.404181 0.062663 0.097561
0 0.815274 0.614983 0.058747 0.094077
0 0.754569 0.404181 0.060052 0.097561
0 0.227807 0.311847 0.061358 0.097561
0 0.114230 0.423345 0.063969 0.097561
0 0.932115 0.612369 0.138381 0.099303
0 0.338120 0.624564 0.057441 0.092334
0 0.510444 0.413763 0.060052 0.095819
0 0.105091 0.632404 0.056136 0.090592
0 0.376632 0.519164 0.058747 0.094077
0 0.671671 0.408537 0.063969 0.095819
0 0.879896 0.293554 0.062663 0.095819
0 0.795692 0.297909 0.063969 0.101045
