0 0.392663 0.701993 0.467391 0.106884
0 0.235054 0.377717 0.062500 0.099638
0 0.565217 0.367754 0.062500 0.097826
0 0.177989 0.494565 0.059783 0.097826
0 0.924592 0.472826 0.063859 0.097826
0 0.501359 0.404891 1.000000 0.755435
0 0.316576 0.375000 0.062500 0.097826
0 0.383832 0.591486 0.063859 0.099638
0 0.607337 0.258152 0.065217 0.103261
0 0.024457 0.491848 0.046196 0.096014
0 0.150136 0.382246 0.063859 0.097826
0 0.959918 0.248188 0.082880 0.097826
0 0.093750 0.492754 0.065217 0.094203
0 0.017663 0.387681 0.032609 0.097826
0 0.463315 0.589674 0.065217 0.099638
0 0.219429 0.596920 0.061141 0.096014
0 0.421196 0.480978 0.062500 0.096014
0 0.683424 0.697464 0.086957 0.094203
0 0.521060 0.260870 0.066576 0.105072
0 0.692935 0.254529 0.065217 0.106884
0 0.356658 0.265399 0.063859 0.103261
0 0.400136 0.374094 0.063859 0.099638
0 0.137908 0.598732 0.061141 0.092391
0 0.502717 0.480978 0.062500 0.096014
0 0.586277 0.478261 0.063859 0.097826
0 0.438179 0.263587 0.063859 0.106884
0 0.711277 0.583333 0.061141 0.097826
0 0.101902 0.271739 0.067935 0.101449
0 0.027853 0.275362 0.052989 0.097826
0 0.841712 0.473732 0.066576 0.099638
0 0.110054 0.709239 0.081522 0.096014
0 0.015625 0.603261 0.028533 0.094203
0 0.753397 0.477355 0.061141 0.096014
0 0.543478 0.588768 0.065217 0.101449
0 0.272418 0.267210 0.063859 0.103261
0 0.259511 0.487319 0.059783 0.097826
0 0.668478 0.478261 0.062500 0.094203
0 0.010870 0.278080 0.019022 0.096014
0 0.904212 0.360507 0.063859 0.101449
0 0.976902 0.415761 0.048913 0.208333
0 0.627717 0.586051 0.062500 0.096014
0 0.822011 0.364130 0.065217 0.101449
0 0.798234 0.583333 0.061141 0.097826
0 0.735054 0.364130 0.062500 0.101449
0 0.186821 0.268116 0.063859 0.101449
0 0.068614 0.384058 0.066576 0.101449
0 0.924592 0.580616 0.153533 0.103261
0 0.301630 0.593297 0.059783 0.096014
0 0.480978 0.374094 0.062500 0.099638
0 0.059103 0.601449 0.058424 0.094203
0 0.341712 0.483696 0.061141 0.097826
0 0.648777 0.368659 0.066576 0.099638
0 0.865489 0.249094 0.065217 0.099638
0 0.777853 0.253623 0.066576 0.105072
