0 0.310059 0.370926 0.036133 0.045632
0 0.188477 0.423729 0.037109 0.046936
0 0.558105 0.500000 0.034180 0.045632
0 0.442871 0.380052 0.036133 0.045632
0 0.290039 0.487614 0.037109 0.046936
0 0.263672 0.546284 0.037109 0.046936
0 0.545410 0.441330 0.036133 0.045632
0 0.176270 0.365711 0.036133 0.045632
0 0.354980 0.374837 0.036133 0.045632
0 0.141113 0.421773 0.040039 0.048240
0 0.217773 0.544980 0.037109 0.046936
0 0.501953 0.438722 0.035156 0.045632
0 0.647949 0.503911 0.036133 0.045632
0 0.400391 0.552803 0.037109 0.046936
0 0.151367 0.541069 0.078125 0.046936
0 0.278320 0.428944 0.037109 0.046936
0 0.514160 0.498044 0.036133 0.046936
0 0.718750 0.449153 0.025391 0.048240
0 0.143555 0.481095 0.054688 0.046936
0 0.380371 0.491525 0.036133 0.046936
0 0.368652 0.432203 0.036133 0.045632
0 0.401855 0.617992 0.219727 0.062581
0 0.399414 0.377445 0.037109 0.045632
0 0.323242 0.430248 0.037109 0.046936
0 0.534180 0.557366 0.035156 0.045632
0 0.264648 0.608866 0.039062 0.049544
0 0.590332 0.443937 0.036133 0.045632
0 0.634277 0.444589 0.036133 0.046936
0 0.603516 0.502608 0.035156 0.045632
0 0.309082 0.548892 0.038086 0.046936
0 0.708984 0.390482 0.039062 0.045632
0 0.355469 0.550196 0.037109 0.046936
0 0.678711 0.447197 0.035156 0.046936
0 0.489746 0.557366 0.038086 0.048240
0 0.702148 0.505867 0.054688 0.046936
0 0.469727 0.496089 0.035156 0.045632
0 0.424805 0.494133 0.035156 0.046936
0 0.714355 0.569752 0.036133 0.046936
0 0.127930 0.602347 0.041016 0.049544
0 0.413086 0.434811 0.035156 0.045632
0 0.220703 0.367666 0.037109 0.046936
0 0.580078 0.559974 0.035156 0.045632
0 0.244141 0.486310 0.037109 0.046936
0 0.445312 0.554107 0.037109 0.046936
0 0.335449 0.489570 0.036133 0.045632
0 0.536621 0.620600 0.040039 0.052151
0 0.527832 0.468709 0.899414 0.478488
0 0.264648 0.370274 0.037109 0.046936
0 0.457520 0.438070 0.036133 0.046936
0 0.138672 0.364407 0.023438 0.045632
0 0.618164 0.387223 0.035156 0.046936
0 0.662109 0.387223 0.035156 0.044329
0 0.625488 0.561930 0.036133 0.046936
0 0.574707 0.385919 0.036133 0.046936
0 0.530273 0.383963 0.037109 0.045632
0 0.486328 0.382008 0.035156 0.046936
0 0.233398 0.425033 0.037109 0.046936
0 0.198730 0.483051 0.036133 0.048240
