0 0.320148 0.392254 0.039030 0.049296
0 0.188819 0.449296 0.040084 0.050704
0 0.588080 0.531690 0.036920 0.049296
0 0.463608 0.402113 0.039030 0.049296
0 0.298523 0.518310 0.040084 0.050704
0 0.270042 0.581690 0.040084 0.050704
0 0.574367 0.468310 0.039030 0.049296
0 0.175633 0.386620 0.039030 0.049296
0 0.368671 0.396479 0.039030 0.049296
0 0.137658 0.447183 0.043249 0.052113
0 0.220464 0.580282 0.040084 0.050704
0 0.527426 0.465493 0.037975 0.049296
0 0.685127 0.535915 0.039030 0.049296
0 0.417722 0.588732 0.040084 0.050704
0 0.148734 0.576056 0.084388 0.050704
0 0.285865 0.454930 0.040084 0.050704
0 0.540612 0.529577 0.039030 0.050704
0 0.761603 0.476761 0.027426 0.052113
0 0.140295 0.511268 0.059072 0.050704
0 0.396097 0.522535 0.039030 0.050704
0 0.383439 0.458451 0.039030 0.049296
0 0.419304 0.659155 0.237342 0.067606
0 0.416667 0.399296 0.040084 0.049296
0 0.334388 0.456338 0.040084 0.050704
0 0.562236 0.593662 0.037975 0.049296
0 0.271097 0.649296 0.042194 0.053521
0 0.622890 0.471127 0.039030 0.049296
0 0.670359 0.471831 0.039030 0.050704
0 0.637131 0.534507 0.037975 0.049296
0 0.319093 0.584507 0.041139 0.050704
0 0.751055 0.413380 0.042194 0.049296
0 0.369198 0.585915 0.040084 0.050704
0 0.718354 0.474648 0.037975 0.050704
0 0.514241 0.593662 0.041139 0.052113
0 0.743671 0.538028 0.059072 0.050704
0 0.492616 0.527465 0.037975 0.049296
0 0.444093 0.525352 0.037975 0.050704
0 0.756857 0.607042 0.039030 0.050704
0 0.123418 0.642254 0.044304 0.053521
0 0.431435 0.461268 0.037975 0.049296
0 0.223629 0.388732 0.040084 0.050704
0 0.611814 0.596479 0.037975 0.049296
0 0.248945 0.516901 0.040084 0.050704
0 0.466245 0.590141 0.040084 0.050704
0 0.347574 0.520423 0.039030 0.049296
0 0.564873 0.661972 0.043249 0.056338
0 0.535338 0.497887 0.931435 0.516901
0 0.271097 0.391549 0.040084 0.050704
0 0.479430 0.464789 0.039030 0.050704
0 0.135021 0.385211 0.025316 0.049296
0 0.652954 0.409859 0.037975 0.050704
0 0.700422 0.409859 0.037975 0.047887
0 0.660865 0.598592 0.039030 0.050704
0 0.606013 0.408451 0.039030 0.050704
0 0.558017 0.406338 0.040084 0.049296
0 0.510549 0.404225 0.037975 0.050704
0 0.237342 0.450704 0.040084 0.050704
0 0.199895 0.513380 0.039030 0.052113
