0 0.455863 0.729208 0.045148 0.060396
0 0.472372 0.661386 0.033693 0.057426
0 0.021900 0.664851 0.042453 0.058416
0 0.250000 0.661881 0.033693 0.058416
0 0.450472 0.595050 0.033019 0.057426
0 0.027965 0.531188 0.054582 0.058416
0 0.094340 0.596535 0.033693 0.060396
0 0.271563 0.595050 0.033693 0.059406
0 0.427898 0.661881 0.033693 0.056436
0 0.461253 0.465347 0.034367 0.059406
0 0.071429 0.664356 0.033693 0.057426
0 0.027291 0.733168 0.053235 0.064356
0 0.284367 0.465842 0.033693 0.058416
0 0.551213 0.464851 0.033693 0.056436
0 0.628369 0.731683 0.058625 0.061386
0 0.484501 0.530198 0.033693 0.056436
0 0.494609 0.595545 0.033693 0.058416
0 0.149259 0.467327 0.034367 0.059406
0 0.161388 0.663366 0.033019 0.057426
0 0.205526 0.663366 0.033693 0.057426
0 0.600741 0.663861 0.111186 0.058416
0 0.217318 0.531188 0.033019 0.058416
0 0.528976 0.530198 0.032345 0.056436
0 0.033693 0.597030 0.066038 0.059406
0 0.505391 0.465842 0.033693 0.058416
0 0.539420 0.596040 0.034367 0.059406
0 0.294474 0.662376 0.033693 0.057426
0 0.183288 0.595545 0.033693 0.060396
0 0.339286 0.662376 0.034367 0.057426
0 0.059973 0.464851 0.033693 0.058416
0 0.382412 0.661881 0.034367 0.058416
0 0.143531 0.731188 0.044474 0.062376
0 0.195081 0.465347 0.033019 0.057426
0 0.571765 0.530198 0.034367 0.058416
0 0.104111 0.465842 0.034367 0.058416
0 0.500674 0.562376 1.000000 0.469307
0 0.405997 0.595050 0.034367 0.059406
0 0.317049 0.595545 0.033019 0.058416
0 0.516509 0.661881 0.034367 0.058416
0 0.617588 0.467327 0.077493 0.057426
0 0.261119 0.529703 0.033019 0.057426
0 0.299865 0.735644 0.249326 0.077228
0 0.137803 0.596040 0.034367 0.059406
0 0.127022 0.530693 0.034367 0.059406
0 0.305930 0.530198 0.033693 0.058416
0 0.116577 0.664356 0.032345 0.057426
0 0.628369 0.563861 0.057278 0.129703
0 0.360849 0.595545 0.034367 0.058416
0 0.440027 0.530693 0.033693 0.057426
0 0.582884 0.596040 0.033693 0.059406
0 0.350404 0.530198 0.033693 0.058416
0 0.171496 0.531188 0.033019 0.058416
0 0.228437 0.595545 0.032345 0.058416
0 0.417116 0.465842 0.035040 0.058416
0 0.082210 0.531683 0.035040 0.059406
0 0.327830 0.465842 0.033019 0.058416
0 0.394879 0.529703 0.032345 0.057426
0 0.239555 0.466337 0.034367 0.059406
0 0.016173 0.465347 0.030997 0.057426
0 0.372305 0.466337 0.035714 0.059406
