0 0.459906 0.731188 0.045148 0.060396
0 0.476415 0.663366 0.033693 0.057426
0 0.024596 0.666832 0.045148 0.058416
0 0.254043 0.663861 0.033693 0.058416
0 0.454515 0.597030 0.033019 0.057426
0 0.030323 0.533168 0.057951 0.058416
0 0.098383 0.598515 0.033693 0.060396
0 0.275606 0.597030 0.033693 0.059406
0 0.431941 0.663861 0.033693 0.056436
0 0.465296 0.467327 0.034367 0.059406
0 0.075472 0.666337 0.033693 0.057426
0 0.029313 0.735149 0.057278 0.064356
0 0.288410 0.467822 0.033693 0.058416
0 0.555256 0.466832 0.033693 0.056436
0 0.632412 0.733663 0.058625 0.061386
0 0.488544 0.532178 0.033693 0.056436
0 0.498652 0.597525 0.033693 0.058416
0 0.153302 0.469307 0.034367 0.059406
0 0.165431 0.665347 0.033019 0.057426
0 0.209569 0.665347 0.033693 0.057426
0 0.604784 0.665842 0.111186 0.058416
0 0.221361 0.533168 0.033019 0.058416
0 0.533019 0.532178 0.032345 0.056436
0 0.036388 0.599010 0.068733 0.059406
0 0.509434 0.467822 0.033693 0.058416
0 0.543464 0.598020 0.034367 0.059406
0 0.298518 0.664356 0.033693 0.057426
0 0.187332 0.597525 0.033693 0.060396
0 0.343329 0.664356 0.034367 0.057426
0 0.064016 0.466832 0.033693 0.058416
0 0.386456 0.663861 0.034367 0.058416
0 0.147574 0.733168 0.044474 0.062376
0 0.199124 0.467327 0.033019 0.057426
0 0.575809 0.532178 0.034367 0.058416
0 0.108154 0.467822 0.034367 0.058416
0 0.500674 0.564356 1.000000 0.469307
0 0.410040 0.597030 0.034367 0.059406
0 0.321092 0.597525 0.033019 0.058416
0 0.520553 0.663861 0.034367 0.058416
0 0.621631 0.469307 0.077493 0.057426
0 0.265162 0.531683 0.033019 0.057426
0 0.303908 0.737624 0.249326 0.077228
0 0.141846 0.598020 0.034367 0.059406
0 0.131065 0.532673 0.034367 0.059406
0 0.309973 0.532178 0.033693 0.058416
0 0.120620 0.666337 0.032345 0.057426
0 0.632412 0.565842 0.057278 0.129703
0 0.364892 0.597525 0.034367 0.058416
0 0.444070 0.532673 0.033693 0.057426
0 0.586927 0.598020 0.033693 0.059406
0 0.354447 0.532178 0.033693 0.058416
0 0.175539 0.533168 0.033019 0.058416
0 0.232480 0.597525 0.032345 0.058416
0 0.421159 0.467822 0.035040 0.058416
0 0.086253 0.533663 0.035040 0.059406
0 0.331873 0.467822 0.033019 0.058416
0 0.398922 0.531683 0.032345 0.057426
0 0.243598 0.468317 0.034367 0.059406
0 0.018868 0.467327 0.033693 0.057426
0 0.376348 0.468317 0.035714 0.059406
