0 0.457667 0.729187 0.044667 0.059745
0 0.474000 0.662096 0.033333 0.056807
0 0.027000 0.665524 0.044667 0.057786
0 0.254000 0.662586 0.033333 0.057786
0 0.452333 0.596474 0.032667 0.056807
0 0.032667 0.533301 0.057333 0.057786
0 0.100000 0.597943 0.033333 0.059745
0 0.275333 0.596474 0.033333 0.058766
0 0.430000 0.662586 0.033333 0.055828
0 0.463000 0.468168 0.034000 0.058766
0 0.077333 0.665034 0.033333 0.056807
0 0.031667 0.733105 0.056667 0.063663
0 0.288000 0.468658 0.033333 0.057786
0 0.552000 0.467679 0.033333 0.055828
0 0.628333 0.731636 0.058000 0.060725
0 0.486000 0.532321 0.033333 0.055828
0 0.496000 0.596964 0.033333 0.057786
0 0.154333 0.470127 0.034000 0.058766
0 0.166333 0.664055 0.032667 0.056807
0 0.210000 0.664055 0.033333 0.056807
0 0.601000 0.664545 0.110000 0.057786
0 0.221667 0.533301 0.032667 0.057786
0 0.530000 0.532321 0.032000 0.055828
0 0.038667 0.598433 0.068000 0.058766
0 0.506667 0.468658 0.033333 0.057786
0 0.540333 0.597453 0.034000 0.058766
0 0.298000 0.663075 0.033333 0.056807
0 0.188000 0.596964 0.033333 0.059745
0 0.342333 0.663075 0.034000 0.056807
0 0.066000 0.467679 0.033333 0.057786
0 0.385000 0.662586 0.034000 0.057786
0 0.148667 0.731146 0.044000 0.061704
0 0.199667 0.468168 0.032667 0.056807
0 0.572333 0.532321 0.034000 0.057786
0 0.109667 0.468658 0.034000 0.057786
0 0.499333 0.564153 0.994667 0.464251
0 0.408333 0.596474 0.034000 0.058766
0 0.320333 0.596964 0.032667 0.057786
0 0.517667 0.662586 0.034000 0.057786
0 0.617667 0.470127 0.076667 0.056807
0 0.265000 0.531832 0.032667 0.056807
0 0.303333 0.735553 0.246667 0.076396
0 0.143000 0.597453 0.034000 0.058766
0 0.132333 0.532811 0.034000 0.058766
0 0.309333 0.532321 0.033333 0.057786
0 0.122000 0.665034 0.032000 0.056807
0 0.628333 0.565622 0.056667 0.128306
0 0.363667 0.596964 0.034000 0.057786
0 0.442000 0.532811 0.033333 0.056807
0 0.583333 0.597453 0.033333 0.058766
0 0.353333 0.532321 0.033333 0.057786
0 0.176333 0.533301 0.032667 0.057786
0 0.232667 0.596964 0.032000 0.057786
0 0.419333 0.468658 0.034667 0.057786
0 0.088000 0.533790 0.034667 0.058766
0 0.331000 0.468658 0.032667 0.057786
0 0.397333 0.531832 0.032000 0.056807
0 0.243667 0.469148 0.034000 0.058766
0 0.021333 0.468168 0.033333 0.056807
0 0.375000 0.469148 0.035333 0.058766
