0 0.322188 0.591667 0.026875 0.054444
0 0.377812 0.527222 0.028125 0.054444
0 0.433125 0.592222 0.027500 0.053333
0 0.595938 0.793333 0.039375 0.057778
0 0.578750 0.525556 0.065000 0.055556
0 0.404687 0.657222 0.026875 0.054444
0 0.304063 0.526111 0.028125 0.054444
0 0.209687 0.592778 0.028125 0.054444
0 0.543125 0.592222 0.027500 0.055556
0 0.090938 0.660556 0.058125 0.056667
0 0.078437 0.726111 0.039375 0.052222
0 0.180312 0.660000 0.028125 0.055556
0 0.359375 0.592222 0.027500 0.055556
0 0.170937 0.795000 0.039375 0.056667
0 0.566562 0.723889 0.093125 0.056667
0 0.272813 0.725556 0.028125 0.055556
0 0.524375 0.527778 0.027500 0.053333
0 0.284687 0.592778 0.026875 0.054444
0 0.115937 0.526667 0.026875 0.055556
0 0.450937 0.526111 0.028125 0.054444
0 0.478750 0.657778 0.027500 0.055556
0 0.079062 0.528889 0.025625 0.053333
0 0.135000 0.592778 0.028750 0.054444
0 0.172500 0.593333 0.027500 0.055556
0 0.293125 0.658333 0.027500 0.054444
0 0.422812 0.724444 0.026875 0.055556
0 0.087188 0.593333 0.045625 0.053333
0 0.496875 0.725000 0.027500 0.054444
0 0.330625 0.658333 0.027500 0.054444
0 0.588437 0.626111 0.046875 0.123333
0 0.075938 0.793889 0.041875 0.052222
0 0.506563 0.592778 0.026875 0.054444
0 0.515625 0.658333 0.027500 0.056667
0 0.235313 0.726111 0.029375 0.054444
0 0.218125 0.660000 0.027500 0.055556
0 0.551562 0.657222 0.026875 0.054444
0 0.310937 0.725556 0.029375 0.055556
0 0.197500 0.727778 0.028750 0.055556
0 0.312500 0.794444 0.231250 0.060000
0 0.441563 0.657778 0.026875 0.055556
0 0.348125 0.724444 0.028750 0.055556
0 0.247500 0.592778 0.027500 0.054444
0 0.385313 0.725000 0.029375 0.056667
0 0.159062 0.727778 0.028125 0.055556
0 0.488125 0.526111 0.027500 0.054444
0 0.228750 0.526111 0.027500 0.056667
0 0.142813 0.659444 0.028125 0.054444
0 0.153750 0.527222 0.027500 0.054444
0 0.340313 0.527778 0.026875 0.055556
0 0.459688 0.724444 0.026875 0.055556
0 0.367812 0.658889 0.026875 0.055556
0 0.469375 0.591667 0.027500 0.054444
0 0.190938 0.526667 0.028125 0.055556
0 0.414687 0.526111 0.028125 0.054444
0 0.255312 0.659444 0.026875 0.054444
0 0.121563 0.726111 0.029375 0.054444
0 0.265937 0.526111 0.026875 0.054444
0 0.479687 0.637778 0.864375 0.515556
0 0.395937 0.591111 0.026875 0.053333
0 0.454688 0.792778 0.038125 0.056667
