0 0.654303 0.477318 0.057864 0.100592
0 0.409496 0.375740 0.035608 0.047337
0 0.030045 0.394970 0.058605 0.050296
0 0.668398 0.615878 0.048961 0.054241
0 0.397626 0.484221 0.035608 0.049310
0 0.252967 0.472880 0.038576 0.050296
0 0.487760 0.490138 0.033383 0.047337
0 0.518175 0.439349 0.033383 0.046351
0 0.292285 0.418639 0.035608 0.048323
0 0.301929 0.476824 0.037092 0.050296
0 0.143175 0.405325 0.040059 0.051282
0 0.122404 0.346154 0.040059 0.049310
0 0.373145 0.541420 0.037092 0.051282
0 0.016320 0.519231 0.031157 0.054241
0 0.202522 0.469428 0.040059 0.051282
0 0.134273 0.592209 0.059347 0.058185
0 0.579748 0.392998 0.031899 0.044379
0 0.386869 0.427515 0.034866 0.048323
0 0.318620 0.365385 0.036350 0.048323
0 0.602374 0.446746 0.032641 0.045365
0 0.454377 0.380671 0.034866 0.045365
0 0.120178 0.526134 0.043027 0.054241
0 0.151335 0.465976 0.041543 0.052268
0 0.420252 0.544872 0.037834 0.052268
0 0.560831 0.443294 0.032641 0.046351
0 0.091617 0.400888 0.042285 0.052268
0 0.531157 0.494083 0.034125 0.047337
0 0.015950 0.585799 0.030415 0.059172
0 0.614243 0.500986 0.034125 0.047337
0 0.064540 0.523669 0.045994 0.055227
0 0.271513 0.360947 0.037092 0.047337
0 0.194362 0.410750 0.040059 0.050296
0 0.222552 0.356509 0.038576 0.048323
0 0.443249 0.488166 0.034866 0.047337
0 0.224407 0.532544 0.040801 0.051282
0 0.275223 0.535010 0.038576 0.052268
0 0.350519 0.480276 0.036350 0.049310
0 0.538576 0.389546 0.034125 0.045365
0 0.475519 0.435404 0.034125 0.046351
0 0.339763 0.422584 0.035608 0.048323
0 0.324555 0.537968 0.037834 0.052268
0 0.364614 0.371302 0.034866 0.046351
0 0.070104 0.340237 0.040801 0.049310
0 0.323071 0.600099 0.304896 0.060158
0 0.639466 0.397929 0.071217 0.044379
0 0.632418 0.556213 0.107567 0.049310
0 0.500742 0.473373 1.000000 0.532544
0 0.510015 0.549310 0.033383 0.047337
0 0.173591 0.351578 0.040059 0.048323
0 0.098665 0.461045 0.041543 0.052268
0 0.553783 0.551775 0.034866 0.046351
0 0.465875 0.547337 0.035608 0.049310
0 0.019288 0.334813 0.037092 0.048323
0 0.033754 0.456607 0.066024 0.053254
0 0.505935 0.607495 0.048961 0.053254
0 0.431751 0.430966 0.034125 0.045365
0 0.496662 0.384122 0.034866 0.046351
0 0.172849 0.529093 0.041543 0.052268
0 0.573442 0.497041 0.032641 0.047337
0 0.244065 0.414201 0.038576 0.049310
