0 0.205000 0.526490 0.032857 0.079470
0 0.225000 0.440397 0.035714 0.079470
0 0.262857 0.440397 0.034286 0.079470
0 0.252857 0.615894 0.034286 0.079470
0 0.243571 0.526490 0.032857 0.079470
0 0.425000 0.703642 0.032857 0.076159
0 0.357857 0.524834 0.032857 0.076159
0 0.377857 0.440397 0.032857 0.079470
0 0.300714 0.440397 0.032857 0.079470
0 0.209286 0.793046 0.044286 0.082781
0 0.195714 0.703642 0.031429 0.076159
0 0.119286 0.617550 0.055714 0.082781
0 0.610000 0.705298 0.100000 0.079470
0 0.157143 0.705298 0.034286 0.079470
0 0.496429 0.794702 0.044286 0.079470
0 0.550000 0.526490 0.031429 0.079470
0 0.434286 0.524834 0.031429 0.076159
0 0.166429 0.526490 0.032857 0.079470
0 0.511429 0.524834 0.031429 0.076159
0 0.215000 0.614238 0.032857 0.076159
0 0.290714 0.614238 0.032857 0.076159
0 0.109286 0.438742 0.032857 0.076159
0 0.353571 0.794702 0.235714 0.079470
0 0.272143 0.703642 0.032857 0.076159
0 0.115000 0.794702 0.044286 0.079470
0 0.233571 0.703642 0.032857 0.076159
0 0.330000 0.615894 0.034286 0.079470
0 0.186429 0.440397 0.032857 0.079470
0 0.454286 0.438742 0.034286 0.076159
0 0.387143 0.705298 0.034286 0.079470
0 0.496429 0.574503 0.958571 0.791391
0 0.635000 0.569536 0.050000 0.172185
0 0.502143 0.703642 0.032857 0.076159
0 0.118571 0.528146 0.051429 0.076159
0 0.348571 0.703642 0.034286 0.076159
0 0.626429 0.438742 0.070000 0.076159
0 0.472857 0.526490 0.031429 0.079470
0 0.415714 0.440397 0.034286 0.079470
0 0.539286 0.703642 0.032857 0.076159
0 0.282143 0.528146 0.032857 0.076159
0 0.115000 0.705298 0.044286 0.079470
0 0.405714 0.615894 0.031429 0.079470
0 0.320714 0.526490 0.032857 0.079470
0 0.340000 0.440397 0.034286 0.079470
0 0.148571 0.440397 0.034286 0.079470
0 0.482143 0.614238 0.032857 0.076159
0 0.492857 0.438742 0.034286 0.076159
0 0.587857 0.524834 0.032857 0.076159
0 0.559286 0.615894 0.032857 0.079470
0 0.444286 0.615894 0.034286 0.079470
0 0.596429 0.614238 0.032857 0.076159
0 0.530714 0.438742 0.032857 0.076159
0 0.520714 0.614238 0.032857 0.076159
0 0.310714 0.703642 0.032857 0.076159
0 0.567857 0.438742 0.032857 0.076159
0 0.462857 0.703642 0.031429 0.076159
0 0.396429 0.526490 0.032857 0.079470
0 0.639286 0.794702 0.044286 0.079470
0 0.175714 0.615894 0.034286 0.079470
0 0.367857 0.615894 0.032857 0.079470
