0 0.404375 0.646674 0.032500 0.061069
0 0.341875 0.576881 0.031250 0.058888
0 0.492812 0.501091 0.030625 0.057797
0 0.525000 0.639040 0.031250 0.058888
0 0.453125 0.502181 0.031250 0.057797
0 0.071875 0.517993 0.051250 0.061069
0 0.155938 0.658670 0.029375 0.061069
0 0.321875 0.649400 0.030000 0.059978
0 0.258437 0.580698 0.029375 0.059978
0 0.217188 0.583424 0.029375 0.061069
0 0.424063 0.573610 0.030625 0.058888
0 0.206563 0.511996 0.030625 0.059978
0 0.175625 0.583969 0.030000 0.059978
0 0.485000 0.640676 0.031250 0.057797
0 0.326562 0.721374 0.253125 0.070883
0 0.134375 0.586150 0.031250 0.059978
0 0.383437 0.575245 0.030625 0.059978
0 0.331250 0.506543 0.030000 0.057797
0 0.372188 0.505453 0.030625 0.057797
0 0.171563 0.729008 0.043125 0.059978
0 0.413125 0.503272 0.030000 0.057797
0 0.289375 0.508724 0.030000 0.059978
0 0.583750 0.567067 0.032500 0.058888
0 0.067187 0.662486 0.040625 0.059978
0 0.551875 0.427481 0.031250 0.058888
0 0.445000 0.643948 0.031250 0.059978
0 0.391875 0.434024 0.031250 0.061069
0 0.532813 0.500000 0.030625 0.059978
0 0.066875 0.734460 0.042500 0.059978
0 0.432188 0.433479 0.031875 0.059978
0 0.267813 0.438386 0.030625 0.061069
0 0.113750 0.659760 0.031250 0.061069
0 0.600938 0.637405 0.101875 0.059978
0 0.239063 0.653762 0.030625 0.062159
0 0.102500 0.445474 0.028750 0.059978
0 0.480938 0.712650 0.041875 0.057797
0 0.226562 0.440022 0.030625 0.062159
0 0.247812 0.509815 0.030625 0.062159
0 0.350938 0.436205 0.030625 0.061069
0 0.078437 0.589422 0.061875 0.062159
0 0.165313 0.513631 0.029375 0.061069
0 0.310000 0.436205 0.031250 0.063250
0 0.499063 0.543621 0.959375 0.609597
0 0.472500 0.430752 0.031250 0.058888
0 0.185312 0.442203 0.030625 0.062159
0 0.612187 0.425300 0.070625 0.058888
0 0.573125 0.496728 0.031250 0.059978
0 0.197500 0.656489 0.030000 0.061069
0 0.544063 0.568702 0.031875 0.057797
0 0.300312 0.579062 0.029375 0.058888
0 0.123125 0.515812 0.031250 0.061069
0 0.143750 0.443839 0.030000 0.061069
0 0.363125 0.647764 0.031250 0.061069
0 0.060625 0.447110 0.030000 0.058888
0 0.511875 0.430207 0.031250 0.059978
0 0.504062 0.569248 0.031875 0.056707
0 0.464062 0.571429 0.030625 0.058888
0 0.632500 0.705562 0.043750 0.058888
0 0.280313 0.651581 0.031875 0.059978
0 0.624062 0.531080 0.051875 0.130862
