0 0.479980 0.365234 0.028320 0.040365
0 0.339844 0.270182 0.029297 0.042969
0 0.114746 0.317057 0.049805 0.042969
0 0.423340 0.414062 0.030273 0.041667
0 0.113770 0.367188 0.051758 0.044271
0 0.191406 0.415365 0.029297 0.041667
0 0.204590 0.468099 0.041992 0.048177
0 0.366699 0.366536 0.028320 0.040365
0 0.488281 0.269531 0.029297 0.041667
0 0.395996 0.318359 0.028320 0.040365
0 0.543457 0.317708 0.028320 0.039062
0 0.626953 0.339844 0.050781 0.088542
0 0.507324 0.317708 0.028320 0.039062
0 0.262695 0.269531 0.031250 0.044271
0 0.151367 0.416016 0.031250 0.042969
0 0.270508 0.415365 0.029297 0.041667
0 0.579590 0.317057 0.028320 0.040365
0 0.290527 0.366536 0.028320 0.042969
0 0.348145 0.415365 0.030273 0.041667
0 0.107910 0.268229 0.030273 0.041667
0 0.451172 0.269531 0.029297 0.041667
0 0.560547 0.269531 0.027344 0.039062
0 0.485840 0.340495 0.948242 0.373698
0 0.171875 0.365885 0.029297 0.041667
0 0.320801 0.318359 0.028320 0.040365
0 0.616211 0.268229 0.064453 0.041667
0 0.230957 0.415365 0.030273 0.041667
0 0.606934 0.412760 0.092773 0.039062
0 0.146973 0.268229 0.030273 0.044271
0 0.536621 0.413411 0.028320 0.040365
0 0.108398 0.417318 0.041016 0.042969
0 0.470215 0.318359 0.028320 0.037760
0 0.301270 0.270833 0.030273 0.044271
0 0.211914 0.366536 0.029297 0.042969
0 0.404785 0.365234 0.028320 0.040365
0 0.590820 0.363932 0.027344 0.040365
0 0.442871 0.365885 0.028320 0.041667
0 0.499512 0.413411 0.028320 0.040365
0 0.414062 0.270182 0.029297 0.042969
0 0.251465 0.366536 0.030273 0.042969
0 0.385742 0.415365 0.029297 0.041667
0 0.184570 0.268229 0.031250 0.044271
0 0.350098 0.466146 0.235352 0.046875
0 0.524414 0.270182 0.029297 0.040365
0 0.280762 0.318359 0.030273 0.042969
0 0.104980 0.471354 0.043945 0.052083
0 0.357910 0.318359 0.028320 0.040365
0 0.202148 0.317708 0.031250 0.041667
0 0.223633 0.269531 0.031250 0.046875
0 0.376465 0.269531 0.030273 0.044271
0 0.310059 0.414714 0.030273 0.042969
0 0.495605 0.462891 0.040039 0.042969
0 0.636230 0.462240 0.040039 0.044271
0 0.517090 0.365234 0.028320 0.040365
0 0.242188 0.317708 0.029297 0.041667
0 0.328613 0.366536 0.028320 0.040365
0 0.433105 0.317708 0.028320 0.039062
0 0.461426 0.413411 0.028320 0.040365
0 0.163086 0.315755 0.031250 0.040365
0 0.554199 0.364583 0.028320 0.041667
