0 0.421247 0.530411 0.042225 0.044723
0 0.572386 0.532648 0.052279 0.045617
0 0.281836 0.531306 0.225871 0.048301
0 0.330764 0.375224 0.028820 0.040250
0 0.350871 0.326476 0.028820 0.041145
0 0.213472 0.373882 0.028820 0.039356
0 0.102882 0.424866 0.028820 0.042934
0 0.389745 0.327818 0.028820 0.040250
0 0.142091 0.424866 0.028150 0.042934
0 0.078418 0.321556 0.028150 0.036673
0 0.547252 0.479875 0.095845 0.042039
0 0.455429 0.414580 0.909517 0.362254
0 0.455094 0.428891 0.030831 0.042039
0 0.299933 0.425760 0.028820 0.041145
0 0.317694 0.476297 0.029491 0.042039
0 0.407842 0.377013 0.028820 0.038462
0 0.396783 0.478086 0.029491 0.042039
0 0.493968 0.430233 0.030831 0.044723
0 0.532172 0.430233 0.032172 0.042934
0 0.221180 0.425760 0.028150 0.041145
0 0.569705 0.406082 0.049598 0.098390
0 0.032507 0.527728 0.054290 0.042934
0 0.483914 0.379249 0.029491 0.042934
0 0.174933 0.373882 0.028150 0.039356
0 0.031501 0.474955 0.042895 0.041145
0 0.135724 0.372987 0.028820 0.039356
0 0.427614 0.328712 0.029491 0.042039
0 0.234584 0.323792 0.028150 0.039356
0 0.357239 0.478086 0.030831 0.043828
0 0.077078 0.474508 0.032172 0.040250
0 0.157842 0.475403 0.028820 0.042039
0 0.046247 0.373435 0.049598 0.040250
0 0.378016 0.427102 0.029491 0.042039
0 0.522453 0.380590 0.030161 0.045617
0 0.156836 0.322451 0.028150 0.038462
0 0.274129 0.324687 0.028150 0.039356
0 0.291890 0.374329 0.028820 0.040250
0 0.260054 0.425313 0.029491 0.042039
0 0.503351 0.329159 0.028150 0.039356
0 0.465483 0.330054 0.028820 0.041145
0 0.277815 0.476297 0.030161 0.042039
0 0.238271 0.474508 0.028820 0.042039
0 0.195375 0.322898 0.027480 0.039356
0 0.181300 0.425313 0.028820 0.042039
0 0.446046 0.378354 0.028820 0.041145
0 0.311997 0.325134 0.027480 0.040250
0 0.096850 0.376565 0.028820 0.039356
0 0.435657 0.478980 0.029491 0.042039
0 0.139410 0.528175 0.041555 0.043828
0 0.416890 0.427549 0.029491 0.041145
0 0.198056 0.475403 0.030161 0.042039
0 0.339142 0.426208 0.029491 0.042039
0 0.560322 0.330501 0.064343 0.040250
0 0.038874 0.322004 0.026810 0.035778
0 0.369638 0.376118 0.028820 0.038462
0 0.042560 0.424866 0.051609 0.041145
0 0.117627 0.474955 0.030161 0.041145
0 0.474531 0.479875 0.032172 0.043828
0 0.253016 0.373882 0.028820 0.039356
0 0.117962 0.325134 0.028150 0.036673
