0 0.514375 0.519749 0.027500 0.037702
0 0.560312 0.564632 0.028125 0.041293
0 0.470938 0.614004 0.028125 0.041293
0 0.452500 0.565081 0.027500 0.040395
0 0.338125 0.521544 0.028750 0.037702
0 0.194375 0.571813 0.031250 0.041293
0 0.595000 0.542190 0.050000 0.087971
0 0.244062 0.619390 0.033125 0.043088
0 0.155625 0.526481 0.032500 0.040395
0 0.301563 0.522442 0.028125 0.037702
0 0.088125 0.622531 0.042500 0.043986
0 0.320937 0.618043 0.031875 0.043986
0 0.524687 0.564183 0.028125 0.040395
0 0.396250 0.616697 0.031250 0.043088
0 0.485312 0.591113 0.924375 0.415619
0 0.373750 0.520646 0.028750 0.037702
0 0.496250 0.477110 0.027500 0.036804
0 0.216562 0.480700 0.030625 0.036804
0 0.130312 0.624327 0.034375 0.045781
0 0.409375 0.519749 0.027500 0.035907
0 0.167813 0.622531 0.031875 0.043986
0 0.415938 0.566427 0.029375 0.039497
0 0.174375 0.675494 0.043750 0.049372
0 0.191562 0.525135 0.030625 0.039497
0 0.359063 0.616248 0.030625 0.042190
0 0.427500 0.477110 0.030000 0.036804
0 0.392813 0.476661 0.029375 0.037702
0 0.108438 0.573160 0.059375 0.040395
0 0.288125 0.479354 0.028750 0.037702
0 0.269062 0.569569 0.030625 0.040395
0 0.343125 0.567325 0.030000 0.039497
0 0.507188 0.613106 0.029375 0.041293
0 0.444063 0.519749 0.028125 0.035907
0 0.231563 0.571364 0.031875 0.040395
0 0.488750 0.564183 0.027500 0.040395
0 0.110000 0.528276 0.051250 0.036804
0 0.479375 0.519300 0.026250 0.036804
0 0.305937 0.568671 0.030625 0.040395
0 0.252188 0.479803 0.029375 0.036804
0 0.265000 0.523339 0.030000 0.037702
0 0.609062 0.664273 0.041875 0.048474
0 0.156875 0.572262 0.031250 0.040395
0 0.205937 0.621185 0.031875 0.043088
0 0.282500 0.619390 0.031250 0.043088
0 0.549375 0.518402 0.027500 0.038600
0 0.181250 0.482047 0.030000 0.035907
0 0.581250 0.475314 0.060000 0.035009
0 0.461875 0.476661 0.027500 0.035907
0 0.146250 0.481598 0.030000 0.036804
0 0.465625 0.666517 0.041250 0.047576
0 0.228437 0.525135 0.030625 0.039497
0 0.323437 0.477558 0.029375 0.037702
0 0.111250 0.481149 0.030000 0.037702
0 0.319688 0.672801 0.240625 0.054758
0 0.078125 0.675494 0.046250 0.047576
0 0.433750 0.615799 0.030000 0.043088
0 0.379688 0.566427 0.029375 0.039497
0 0.575625 0.614901 0.102500 0.044883
0 0.358438 0.478007 0.028125 0.036804
0 0.530000 0.476212 0.026250 0.035009
