0 0.251709 0.532168 0.054199 0.098491
0 0.501221 0.461875 0.993652 0.615568
0 0.637207 0.417792 0.052734 0.085782
0 0.709717 0.219222 0.052246 0.079428
0 0.773682 0.216839 0.052246 0.079428
0 0.105225 0.537728 0.054199 0.098491
0 0.498047 0.418586 0.050781 0.087371
0 0.182373 0.220016 0.051270 0.085782
0 0.278564 0.316521 0.053223 0.084988
0 0.250244 0.217633 0.051270 0.085782
0 0.316162 0.220016 0.051270 0.085782
0 0.677490 0.529786 0.053223 0.092137
0 0.428711 0.418586 0.050781 0.085782
0 0.150635 0.423749 0.055176 0.086577
0 0.838623 0.217633 0.052246 0.079428
0 0.907959 0.415806 0.056152 0.088165
0 0.708252 0.416600 0.053223 0.089754
0 0.534912 0.529388 0.051270 0.092931
0 0.049561 0.218427 0.058105 0.085782
0 0.414307 0.313741 0.050293 0.082605
0 0.841797 0.415409 0.054688 0.085782
0 0.746826 0.530183 0.053223 0.091342
0 0.449951 0.221207 0.051270 0.084988
0 0.750732 0.318110 0.053223 0.081811
0 0.464600 0.530183 0.052246 0.092931
0 0.033203 0.538523 0.060547 0.098491
0 0.514893 0.221207 0.049316 0.080222
0 0.140137 0.317315 0.059570 0.084988
0 0.322021 0.532168 0.054199 0.098491
0 0.616699 0.314138 0.050781 0.083400
0 0.481689 0.314535 0.049316 0.087371
0 0.024902 0.653693 0.046875 0.095314
0 0.816895 0.527800 0.053711 0.091342
0 0.774414 0.416203 0.052734 0.085782
0 0.382568 0.218427 0.051270 0.085782
0 0.549072 0.315330 0.050293 0.085782
0 0.605957 0.530580 0.052734 0.095314
0 0.117432 0.216839 0.058105 0.085782
0 0.683838 0.315727 0.052246 0.086577
0 0.209473 0.313344 0.054688 0.084988
0 0.816650 0.315727 0.053223 0.081811
0 0.567383 0.417395 0.050781 0.086577
0 0.955078 0.366958 0.082031 0.187450
0 0.880371 0.644162 0.060547 0.096902
0 0.934082 0.218427 0.121094 0.077840
0 0.289551 0.419380 0.052734 0.087371
0 0.203369 0.648928 0.087402 0.098491
0 0.347412 0.316124 0.050293 0.082605
0 0.393066 0.529388 0.050781 0.092931
0 0.580566 0.221604 0.050781 0.081017
0 0.179443 0.536140 0.054199 0.098491
0 0.645508 0.220016 0.051758 0.081017
0 0.737549 0.646148 0.056152 0.094519
0 0.054932 0.317712 0.092285 0.092137
0 0.908691 0.525417 0.111328 0.092931
0 0.359863 0.417395 0.051758 0.088165
0 0.056152 0.424940 0.105469 0.092137
0 0.881104 0.314932 0.053223 0.081811
0 0.219971 0.420572 0.055176 0.086577
