0 0.153997 0.469406 0.043250 0.038462
0 0.502949 0.515734 0.025557 0.038462
0 0.270970 0.513986 0.025557 0.038462
0 0.510813 0.427885 0.025557 0.039336
0 0.229030 0.469406 0.025557 0.038462
0 0.371232 0.514860 0.025557 0.036713
0 0.145151 0.424388 0.025557 0.037587
0 0.178571 0.424825 0.026868 0.038462
0 0.346986 0.426136 0.026868 0.039336
0 0.469528 0.515297 0.024246 0.037587
0 0.601900 0.494755 0.042595 0.083916
0 0.527195 0.472465 0.025557 0.039336
0 0.211992 0.425262 0.026868 0.039336
0 0.437090 0.514860 0.024902 0.038462
0 0.484928 0.481643 0.832241 0.361888
0 0.288336 0.557692 0.027523 0.038462
0 0.245085 0.425699 0.026212 0.040210
0 0.220839 0.558129 0.024902 0.037587
0 0.543906 0.427885 0.023591 0.037587
0 0.535714 0.516171 0.025557 0.039336
0 0.453473 0.558566 0.024902 0.038462
0 0.296855 0.469843 0.026212 0.037587
0 0.279489 0.425699 0.026868 0.040210
0 0.188073 0.557692 0.027523 0.038462
0 0.403997 0.514423 0.025557 0.037587
0 0.321756 0.557692 0.026212 0.038462
0 0.428899 0.471154 0.024246 0.036713
0 0.237549 0.513986 0.026868 0.038462
0 0.494758 0.472028 0.024902 0.038462
0 0.254915 0.558129 0.026212 0.037587
0 0.580275 0.560315 0.081913 0.038462
0 0.262451 0.469406 0.026868 0.038462
0 0.478375 0.427448 0.024902 0.040210
0 0.194954 0.468531 0.025557 0.038462
0 0.356160 0.602710 0.199869 0.041084
0 0.567824 0.516171 0.025557 0.039336
0 0.337156 0.513986 0.025557 0.038462
0 0.151048 0.558129 0.034731 0.037587
0 0.605832 0.605769 0.038663 0.041958
0 0.420052 0.558566 0.028834 0.038462
0 0.329948 0.470280 0.024246 0.036713
0 0.304718 0.514423 0.024902 0.037587
0 0.481651 0.603584 0.035387 0.041084
0 0.203473 0.513986 0.024246 0.038462
0 0.396134 0.470717 0.025557 0.037587
0 0.387615 0.558566 0.026868 0.038462
0 0.593054 0.427010 0.057667 0.039336
0 0.362713 0.471154 0.025557 0.036713
0 0.519004 0.559441 0.026212 0.038462
0 0.559633 0.472028 0.024902 0.040210
0 0.412516 0.427010 0.026868 0.041084
0 0.312910 0.426136 0.026868 0.039336
0 0.379096 0.427010 0.026868 0.041084
0 0.150721 0.606643 0.035387 0.040210
0 0.485911 0.558566 0.025557 0.038462
0 0.461664 0.471591 0.025557 0.037587
0 0.233290 0.602273 0.035387 0.040210
0 0.354522 0.558566 0.027523 0.038462
0 0.445609 0.427010 0.027523 0.039336
0 0.154325 0.513549 0.043906 0.039336
