0 0.229579 0.424370 0.030941 0.054622
0 0.225248 0.545168 0.042079 0.056723
0 0.599629 0.484244 0.092822 0.052521
0 0.364480 0.363445 0.030941 0.054622
0 0.399752 0.363445 0.032178 0.054622
0 0.328589 0.363445 0.030941 0.054622
0 0.498144 0.484244 0.030941 0.052521
0 0.346535 0.304622 0.032178 0.054622
0 0.239480 0.304622 0.033416 0.054622
0 0.310644 0.304622 0.032178 0.054622
0 0.136757 0.546218 0.043317 0.054622
0 0.532797 0.485294 0.030941 0.054622
0 0.426980 0.485294 0.032178 0.054622
0 0.418317 0.304622 0.032178 0.054622
0 0.391089 0.485294 0.032178 0.054622
0 0.355198 0.485294 0.032178 0.054622
0 0.176980 0.485294 0.032178 0.054622
0 0.136139 0.487395 0.042079 0.054622
0 0.212252 0.485294 0.030941 0.054622
0 0.194307 0.424370 0.032178 0.054622
0 0.435644 0.362395 0.029703 0.052521
0 0.283416 0.485294 0.032178 0.054622
0 0.167698 0.303571 0.030941 0.052521
0 0.560644 0.302521 0.029703 0.050420
0 0.506807 0.363445 0.030941 0.054622
0 0.551361 0.424370 0.030941 0.054622
0 0.132426 0.303571 0.032178 0.052521
0 0.621906 0.393908 0.048267 0.115546
0 0.319307 0.485294 0.032178 0.054622
0 0.444307 0.424370 0.032178 0.054622
0 0.373144 0.424370 0.030941 0.054622
0 0.470916 0.362395 0.030941 0.052521
0 0.293317 0.363445 0.032178 0.054622
0 0.462252 0.485294 0.030941 0.054622
0 0.408416 0.423319 0.029703 0.052521
0 0.613243 0.302521 0.065594 0.050420
0 0.248144 0.485294 0.030941 0.054622
0 0.275371 0.303571 0.030941 0.052521
0 0.139851 0.364496 0.049505 0.052521
0 0.542698 0.363445 0.030941 0.054622
0 0.301361 0.424370 0.030941 0.054622
0 0.382426 0.304622 0.032178 0.054622
0 0.337252 0.424370 0.030941 0.054622
0 0.515470 0.424370 0.030941 0.054622
0 0.220916 0.363445 0.030941 0.054622
0 0.204208 0.304622 0.032178 0.054622
0 0.525371 0.303571 0.030941 0.052521
0 0.265470 0.424370 0.030941 0.054622
0 0.587252 0.423319 0.030941 0.052521
0 0.358292 0.544118 0.219059 0.054622
0 0.454208 0.303571 0.032178 0.052521
0 0.500000 0.384454 0.878713 0.508403
0 0.257426 0.363445 0.032178 0.054622
0 0.185644 0.363445 0.032178 0.054622
0 0.493193 0.546218 0.040842 0.054622
0 0.627475 0.546218 0.042079 0.054622
0 0.489480 0.303571 0.030941 0.052521
0 0.578589 0.363445 0.030941 0.054622
0 0.140470 0.425420 0.050743 0.052521
0 0.480198 0.423319 0.029703 0.052521
