0 0.245667 0.668975 0.039333 0.080332
0 0.377000 0.867729 0.331333 0.090028
0 0.238000 0.576177 0.040000 0.077562
0 0.119000 0.486842 0.039333 0.073407
0 0.643333 0.574100 0.036000 0.076177
0 0.579667 0.864958 0.055333 0.090028
0 0.187667 0.576870 0.039333 0.076177
0 0.075000 0.574792 0.066000 0.074792
0 0.044333 0.869114 0.058000 0.090028
0 0.491000 0.574792 0.036667 0.074792
0 0.137000 0.576177 0.040667 0.077562
0 0.739000 0.485457 0.086000 0.070637
0 0.267667 0.488920 0.038000 0.074792
0 0.215333 0.764543 0.040000 0.080332
0 0.317333 0.488227 0.038667 0.073407
0 0.349000 0.668975 0.038000 0.077562
0 0.218333 0.488227 0.039333 0.073407
0 0.441000 0.575485 0.038000 0.076177
0 0.466333 0.488227 0.036667 0.076177
0 0.614667 0.487535 0.036000 0.074792
0 0.390333 0.574792 0.036667 0.074792
0 0.143000 0.667590 0.040667 0.077562
0 0.169000 0.487535 0.038000 0.074792
0 0.556000 0.668283 0.037333 0.076177
0 0.401000 0.668975 0.038000 0.077562
0 0.194333 0.668283 0.040667 0.078947
0 0.073333 0.667590 0.081333 0.077562
0 0.780667 0.866343 0.058667 0.095568
0 0.541667 0.574792 0.038000 0.074792
0 0.500333 0.658587 0.992667 0.657895
0 0.109667 0.764543 0.042000 0.085873
0 0.709667 0.666898 0.038000 0.078947
0 0.339333 0.575485 0.037333 0.073407
0 0.426000 0.764543 0.038667 0.083102
0 0.289000 0.575485 0.038000 0.076177
0 0.050667 0.763850 0.057333 0.084488
0 0.635667 0.761080 0.038000 0.078947
0 0.478000 0.766620 0.040000 0.087258
0 0.267333 0.765235 0.041333 0.081717
0 0.452667 0.668975 0.038667 0.077562
0 0.298000 0.668283 0.038667 0.078947
0 0.416333 0.488227 0.036667 0.073407
0 0.162333 0.765235 0.040667 0.081717
0 0.515667 0.486842 0.036667 0.073407
0 0.504667 0.668283 0.037333 0.078947
0 0.367000 0.488227 0.039333 0.076177
0 0.693000 0.574100 0.038000 0.076177
0 0.320667 0.764543 0.040000 0.083102
0 0.530667 0.764543 0.038667 0.085873
0 0.759333 0.621191 0.072000 0.175900
0 0.735000 0.763158 0.132667 0.083102
0 0.069667 0.487535 0.039333 0.072022
0 0.663667 0.485457 0.036667 0.073407
0 0.177000 0.864958 0.058000 0.090028
0 0.607667 0.668283 0.036667 0.078947
0 0.659333 0.667590 0.036000 0.077562
0 0.592667 0.574792 0.036000 0.074792
0 0.584000 0.763850 0.036000 0.081717
0 0.373000 0.764543 0.039333 0.083102
0 0.565333 0.486150 0.037333 0.074792
