0 0.403145 0.394282 0.031447 0.073138
0 0.301258 0.475399 0.027673 0.067819
0 0.412893 0.646941 0.030818 0.075798
0 0.150943 0.559176 0.027673 0.067819
0 0.542138 0.478723 0.030189 0.071809
0 0.552516 0.562500 0.029560 0.069149
0 0.322642 0.392287 0.031447 0.071809
0 0.608805 0.648271 0.100629 0.070479
0 0.342453 0.476729 0.028302 0.067819
0 0.502830 0.477394 0.029560 0.069149
0 0.443082 0.393617 0.030818 0.071809
0 0.087107 0.644947 0.039623 0.066489
0 0.201258 0.391622 0.030189 0.070479
0 0.120755 0.391622 0.028931 0.070479
0 0.270755 0.559176 0.028302 0.067819
0 0.171069 0.645612 0.026415 0.067819
0 0.518239 0.519947 0.947170 0.672872
0 0.522956 0.394947 0.030818 0.071809
0 0.512893 0.561835 0.029560 0.070479
0 0.423270 0.476064 0.028931 0.066489
0 0.492453 0.645612 0.028931 0.067819
0 0.633962 0.521277 0.049057 0.162234
0 0.393396 0.560505 0.029560 0.070479
0 0.230818 0.559840 0.027673 0.069149
0 0.433648 0.560505 0.028302 0.070479
0 0.131447 0.644282 0.027673 0.070479
0 0.582390 0.477394 0.030189 0.071809
0 0.463208 0.477394 0.030818 0.066489
0 0.211635 0.644947 0.027044 0.066489
0 0.562264 0.393617 0.030189 0.071809
0 0.092453 0.475399 0.049057 0.067819
0 0.159748 0.391622 0.028931 0.070479
0 0.383648 0.476064 0.030189 0.069149
0 0.141195 0.476064 0.028302 0.069149
0 0.190566 0.559176 0.027673 0.067819
0 0.452516 0.646277 0.028302 0.071809
0 0.096541 0.560505 0.058491 0.067819
0 0.335849 0.733378 0.242767 0.070479
0 0.082390 0.391622 0.028931 0.065160
0 0.372956 0.645612 0.030189 0.070479
0 0.638994 0.733378 0.041509 0.075798
0 0.221384 0.476064 0.027673 0.069149
0 0.261321 0.476064 0.028302 0.069149
0 0.281132 0.392287 0.030189 0.071809
0 0.331761 0.644947 0.029560 0.071809
0 0.290881 0.646277 0.028302 0.071809
0 0.362579 0.394282 0.029560 0.073138
0 0.352830 0.559840 0.027673 0.069149
0 0.472956 0.559840 0.027673 0.069149
0 0.086478 0.729388 0.040881 0.067819
0 0.623270 0.390957 0.070440 0.069149
0 0.241195 0.391622 0.029560 0.070479
0 0.532704 0.646277 0.028931 0.069149
0 0.487107 0.732048 0.039623 0.073138
0 0.311950 0.559840 0.028931 0.069149
0 0.483333 0.393617 0.030818 0.071809
0 0.181132 0.476064 0.026415 0.069149
0 0.592453 0.563830 0.028931 0.069149
0 0.250943 0.645612 0.028931 0.070479
0 0.187421 0.730053 0.042767 0.071809
