0 0.421121 0.654897 0.033898 0.063781
0 0.355932 0.582005 0.032595 0.061503
0 0.513364 0.502847 0.031943 0.060364
0 0.546936 0.646925 0.032595 0.061503
0 0.471969 0.503986 0.032595 0.060364
0 0.074316 0.520501 0.053455 0.063781
0 0.161995 0.667426 0.030639 0.063781
0 0.335072 0.657745 0.031291 0.062642
0 0.268905 0.585991 0.030639 0.062642
0 0.225880 0.588838 0.030639 0.063781
0 0.441656 0.578588 0.031943 0.061503
0 0.214798 0.514237 0.031943 0.062642
0 0.182529 0.589408 0.031291 0.062642
0 0.505215 0.648633 0.032595 0.060364
0 0.339961 0.732916 0.264016 0.074032
0 0.139505 0.591686 0.032595 0.062642
0 0.399283 0.580296 0.031943 0.062642
0 0.344850 0.508542 0.031291 0.060364
0 0.387549 0.507403 0.031943 0.060364
0 0.178292 0.740888 0.044980 0.062642
0 0.430248 0.505125 0.031291 0.060364
0 0.301173 0.510820 0.031291 0.062642
0 0.608214 0.571754 0.033898 0.061503
0 0.069426 0.671412 0.042373 0.062642
0 0.574967 0.425968 0.032595 0.061503
0 0.463494 0.652050 0.032595 0.062642
0 0.408083 0.432802 0.032595 0.063781
0 0.555085 0.501708 0.031943 0.062642
0 0.069100 0.746583 0.044329 0.062642
0 0.450130 0.432232 0.033246 0.062642
0 0.278683 0.437358 0.031943 0.063781
0 0.117992 0.668565 0.032595 0.063781
0 0.626141 0.645216 0.106258 0.062642
0 0.248696 0.662301 0.031943 0.064920
0 0.106258 0.444761 0.029987 0.062642
0 0.500978 0.723804 0.043677 0.060364
0 0.235658 0.439066 0.031943 0.064920
0 0.257823 0.511959 0.031943 0.064920
0 0.365385 0.435080 0.031943 0.063781
0 0.081160 0.595103 0.064537 0.064920
0 0.171773 0.515945 0.030639 0.063781
0 0.322686 0.435080 0.032595 0.066059
0 0.510104 0.547267 0.981095 0.636674
0 0.492177 0.429385 0.032595 0.061503
0 0.192634 0.441344 0.031943 0.064920
0 0.637875 0.423690 0.073664 0.061503
0 0.597132 0.498292 0.032595 0.062642
0 0.205346 0.665148 0.031291 0.063781
0 0.566819 0.573462 0.033246 0.060364
0 0.312581 0.584282 0.030639 0.061503
0 0.127771 0.518223 0.032595 0.063781
0 0.149283 0.443052 0.031291 0.063781
0 0.378096 0.656036 0.032595 0.063781
0 0.062581 0.446469 0.031291 0.061503
0 0.533246 0.428815 0.032595 0.062642
0 0.525098 0.574032 0.033246 0.059226
0 0.483377 0.576310 0.031943 0.061503
0 0.659061 0.716401 0.045632 0.061503
0 0.291721 0.660023 0.033246 0.062642
0 0.650261 0.534169 0.054107 0.136674
