0 0.386713 0.277235 0.027972 0.054469
0 0.311538 0.472067 0.030070 0.058659
0 0.462587 0.276536 0.027273 0.053073
0 0.373427 0.403631 0.029371 0.055866
0 0.313287 0.544693 0.248951 0.064246
0 0.295105 0.405028 0.030769 0.055866
0 0.404196 0.337989 0.027972 0.053073
0 0.390909 0.473464 0.030769 0.058659
0 0.134965 0.340782 0.032168 0.055866
0 0.606643 0.372905 0.051049 0.120112
0 0.568881 0.403631 0.028671 0.055866
0 0.235664 0.278631 0.029371 0.054469
0 0.177972 0.405028 0.031469 0.055866
0 0.061189 0.542598 0.045455 0.062849
0 0.311538 0.277235 0.030070 0.054469
0 0.492657 0.415503 0.976923 0.534916
0 0.616434 0.543296 0.042657 0.064246
0 0.465385 0.542598 0.041259 0.062849
0 0.430420 0.472067 0.030070 0.058659
0 0.490210 0.404330 0.029371 0.057263
0 0.424476 0.277933 0.027972 0.053073
0 0.085664 0.406425 0.062238 0.058659
0 0.412238 0.404330 0.028671 0.057263
0 0.250699 0.340084 0.030070 0.054469
0 0.500000 0.275140 0.027972 0.053073
0 0.192308 0.473464 0.030769 0.058659
0 0.087413 0.340084 0.050350 0.054469
0 0.159790 0.277933 0.030070 0.053073
0 0.480420 0.337989 0.027972 0.053073
0 0.067483 0.472765 0.042657 0.060056
0 0.139161 0.405028 0.030769 0.055866
0 0.334266 0.403631 0.029371 0.055866
0 0.152797 0.473464 0.031469 0.058659
0 0.351399 0.471369 0.030070 0.057263
0 0.274126 0.278631 0.029371 0.054469
0 0.519231 0.338687 0.027273 0.054469
0 0.173776 0.340084 0.030070 0.054469
0 0.271678 0.472765 0.031469 0.057263
0 0.595105 0.277235 0.065734 0.048883
0 0.451399 0.403631 0.028671 0.058659
0 0.232517 0.473464 0.031469 0.058659
0 0.558042 0.338687 0.029371 0.051676
0 0.197552 0.277933 0.030070 0.053073
0 0.211888 0.340782 0.030769 0.055866
0 0.442308 0.338687 0.028671 0.054469
0 0.255944 0.405028 0.029371 0.055866
0 0.289161 0.339385 0.028671 0.053073
0 0.584965 0.472765 0.100000 0.057263
0 0.161888 0.543296 0.045455 0.064246
0 0.538112 0.273743 0.027273 0.055866
0 0.216434 0.405726 0.030070 0.057263
0 0.470280 0.472067 0.028671 0.058659
0 0.348601 0.277933 0.028671 0.053073
0 0.122378 0.275838 0.029371 0.054469
0 0.366084 0.338687 0.028671 0.054469
0 0.509790 0.471369 0.029371 0.057263
0 0.084266 0.277235 0.030070 0.051676
0 0.327622 0.339385 0.028671 0.053073
0 0.530070 0.403631 0.027972 0.055866
0 0.113287 0.474162 0.032168 0.060056
