0 0.012356 0.786657 0.023064 0.074780
0 0.372735 0.522727 0.037068 0.074780
0 0.224053 0.523460 0.036244 0.076246
0 0.018946 0.613636 0.036244 0.074780
0 0.532537 0.612170 0.038715 0.077713
0 0.483114 0.612170 0.038715 0.074780
0 0.620675 0.436950 0.089786 0.076246
0 0.410214 0.699413 0.037891 0.076246
0 0.064662 0.698680 0.035420 0.074780
0 0.074547 0.523460 0.035420 0.076246
0 0.496293 0.436950 0.040362 0.076246
0 0.098023 0.438416 0.037891 0.076246
0 0.163921 0.698680 0.037891 0.074780
0 0.459638 0.699413 0.037891 0.076246
0 0.602142 0.700147 0.123558 0.077713
0 0.297776 0.437683 0.038715 0.077713
0 0.322900 0.524194 0.037891 0.077713
0 0.336079 0.612170 0.037891 0.074780
0 0.508649 0.699413 0.038715 0.076246
0 0.631796 0.565982 0.062603 0.164223
0 0.569605 0.524927 0.040362 0.079179
0 0.015651 0.524927 0.029654 0.076246
0 0.434102 0.612170 0.037891 0.074780
0 0.173806 0.523460 0.036244 0.076246
0 0.038303 0.612170 0.035420 0.074780
0 0.009473 0.437683 0.017298 0.074780
0 0.471170 0.523460 0.039539 0.076246
0 0.213344 0.697947 0.037891 0.076246
0 0.361614 0.698680 0.039539 0.077713
0 0.545717 0.436217 0.038715 0.074780
0 0.017298 0.699413 0.032949 0.076246
0 0.012356 0.700147 0.023064 0.074780
0 0.248353 0.436950 0.038715 0.076246
0 0.187397 0.612170 0.035420 0.074780
0 0.083608 0.786657 0.048600 0.074780
0 0.268122 0.786657 0.303954 0.080645
0 0.347611 0.437683 0.039539 0.077713
0 0.384679 0.611437 0.037891 0.076246
0 0.446870 0.436217 0.040362 0.077713
0 0.286244 0.612170 0.037068 0.074780
0 0.422158 0.524194 0.038715 0.077713
0 0.009473 0.437683 0.017298 0.074780
0 0.637562 0.787390 0.052718 0.076246
0 0.312191 0.699413 0.037891 0.076246
0 0.262768 0.699413 0.037891 0.076246
0 0.048600 0.438416 0.036244 0.076246
0 0.397035 0.436950 0.039539 0.076246
0 0.137974 0.612170 0.035420 0.074780
0 0.273064 0.524194 0.037068 0.077713
0 0.236409 0.611437 0.036244 0.073314
0 0.114909 0.698680 0.035420 0.074780
0 0.125618 0.524194 0.037068 0.077713
0 0.581549 0.611437 0.037891 0.076246
0 0.521005 0.524194 0.038715 0.077713
0 0.025535 0.524927 0.036244 0.076246
0 0.147858 0.436950 0.037068 0.076246
0 0.198517 0.438416 0.037891 0.076246
0 0.088138 0.612170 0.036244 0.074780
0 0.500824 0.556452 1.000000 0.593842
0 0.453460 0.786657 0.051895 0.077713
