0 0.538562 0.536222 0.028596 0.044034
0 0.353986 0.590909 0.231369 0.051136
0 0.494367 0.387074 0.028596 0.041193
0 0.547227 0.433949 0.026863 0.041193
0 0.367851 0.434659 0.026863 0.039773
0 0.332322 0.434659 0.026863 0.039773
0 0.260832 0.435369 0.027730 0.041193
0 0.247400 0.388494 0.028596 0.041193
0 0.279463 0.536222 0.030329 0.044034
0 0.296360 0.434659 0.027730 0.039773
0 0.177210 0.387784 0.028596 0.039773
0 0.353120 0.387784 0.028596 0.039773
0 0.510832 0.433949 0.026863 0.041193
0 0.458839 0.387784 0.028596 0.039773
0 0.529463 0.387784 0.027730 0.039773
0 0.496101 0.589489 0.038995 0.048295
0 0.225303 0.435369 0.027730 0.041193
0 0.144714 0.434659 0.048527 0.039773
0 0.213605 0.590909 0.042461 0.051136
0 0.142981 0.485795 0.058925 0.042614
0 0.242634 0.535511 0.029463 0.042614
0 0.501300 0.535511 0.028596 0.042614
0 0.337955 0.483665 0.027730 0.041193
0 0.126950 0.536222 0.040728 0.044034
0 0.168111 0.536932 0.031196 0.045455
0 0.475737 0.433239 0.027730 0.039773
0 0.424177 0.387784 0.028596 0.039773
0 0.318024 0.387784 0.027730 0.039773
0 0.483536 0.484375 0.027730 0.042614
0 0.229203 0.485085 0.028596 0.041193
0 0.212738 0.388494 0.028596 0.038352
0 0.388215 0.387784 0.027730 0.039773
0 0.447140 0.484375 0.027730 0.042614
0 0.265165 0.484375 0.027730 0.042614
0 0.556326 0.484375 0.027730 0.042614
0 0.564125 0.387074 0.027730 0.041193
0 0.464038 0.536222 0.028596 0.044034
0 0.353553 0.536222 0.029463 0.044034
0 0.616551 0.386364 0.063258 0.036932
0 0.627816 0.460227 0.047660 0.093750
0 0.192374 0.485085 0.029463 0.041193
0 0.582322 0.434659 0.029463 0.042614
0 0.522530 0.483665 0.911612 0.404830
0 0.403813 0.433949 0.027730 0.041193
0 0.205373 0.536932 0.029463 0.042614
0 0.282496 0.387784 0.027730 0.039773
0 0.390381 0.535511 0.028596 0.042614
0 0.188908 0.435369 0.031196 0.044034
0 0.636915 0.590909 0.039861 0.051136
0 0.410745 0.484375 0.027730 0.042614
0 0.426776 0.536222 0.028596 0.044034
0 0.120884 0.590909 0.042461 0.048295
0 0.301127 0.484375 0.028596 0.042614
0 0.142114 0.387784 0.029463 0.036932
0 0.316291 0.536222 0.029463 0.044034
0 0.592288 0.484375 0.028596 0.042614
0 0.519931 0.484375 0.027730 0.042614
0 0.607019 0.536222 0.094454 0.044034
0 0.439775 0.433949 0.026863 0.038352
0 0.374350 0.483665 0.027730 0.041193
