0 0.343750 0.625000 0.065000 0.093333
0 0.662813 0.620417 0.064375 0.090833
0 0.559688 0.310417 0.063125 0.087500
0 0.090625 0.627083 0.087500 0.090833
0 0.262500 0.625833 0.063750 0.093333
0 0.304063 0.517500 0.063125 0.091667
0 0.890000 0.723333 0.087500 0.091667
0 0.295312 0.734583 0.086875 0.095833
0 0.542188 0.515417 0.064375 0.089167
0 0.245312 0.311250 0.061875 0.087500
0 0.403125 0.312083 0.062500 0.090833
0 0.741563 0.620000 0.064375 0.093333
0 0.203750 0.416667 0.065000 0.093333
0 0.832187 0.409583 0.063125 0.085833
0 0.818750 0.617917 0.065000 0.090833
0 0.896563 0.616667 0.065625 0.090000
0 0.284062 0.414167 0.063125 0.091667
0 0.756875 0.409583 0.062500 0.084167
0 0.365000 0.415833 0.062500 0.090000
0 0.424687 0.624583 0.064375 0.094167
0 0.165313 0.310833 0.063125 0.086667
0 0.621250 0.515417 0.065000 0.087500
0 0.481875 0.311667 0.061250 0.090000
0 0.698750 0.514583 0.063750 0.087500
0 0.463125 0.515833 0.062500 0.090000
0 0.101875 0.422083 0.110000 0.094167
0 0.789687 0.309583 0.064375 0.085833
0 0.969063 0.616250 0.060625 0.090833
0 0.443750 0.412917 0.061250 0.087500
0 0.383750 0.516667 0.065000 0.091667
0 0.180938 0.629167 0.064375 0.095000
0 0.854688 0.512500 0.065625 0.086667
0 0.504375 0.489583 0.983750 0.820833
0 0.324688 0.311667 0.061875 0.088333
0 0.521875 0.412083 0.061250 0.087500
0 0.600938 0.412083 0.063125 0.087500
0 0.504687 0.623333 0.063125 0.093333
0 0.940000 0.310000 0.065000 0.085000
0 0.595000 0.727917 0.493750 0.097500
0 0.932187 0.512083 0.066875 0.089167
0 0.777500 0.514167 0.063750 0.088333
0 0.677813 0.410417 0.061875 0.085833
0 0.086563 0.313333 0.063125 0.086667
0 0.908125 0.409583 0.062500 0.085833
0 0.636563 0.311667 0.063125 0.088333
0 0.222188 0.518333 0.063125 0.090000
0 0.714375 0.311250 0.062500 0.090833
0 0.583750 0.621250 0.066250 0.092500
0 0.085312 0.737500 0.088125 0.095000
0 0.113437 0.519167 0.128125 0.091667
0 0.864688 0.309583 0.064375 0.084167
0 0.975313 0.410417 0.049375 0.087500
0 0.250937 0.857917 0.481875 0.082500
