0 0.071944 0.649343 0.085000 0.084827
0 0.348611 0.649940 0.039444 0.078853
0 0.110000 0.752091 0.044444 0.094385
0 0.118611 0.465352 0.041667 0.084827
0 0.691667 0.556750 0.042222 0.086022
0 0.500833 0.648746 0.992778 0.702509
0 0.372778 0.750299 0.041111 0.088411
0 0.267222 0.749701 0.043333 0.087216
0 0.237778 0.558542 0.042222 0.089606
0 0.708611 0.652927 0.041667 0.087216
0 0.214722 0.750299 0.042778 0.086022
0 0.733611 0.749701 0.138333 0.087216
0 0.162500 0.750896 0.043889 0.087216
0 0.217500 0.467145 0.041667 0.086022
0 0.582222 0.752091 0.042222 0.091995
0 0.737778 0.463560 0.088889 0.078853
0 0.415833 0.467145 0.040556 0.083632
0 0.529444 0.752688 0.041111 0.093190
0 0.288333 0.555556 0.040000 0.081243
0 0.142778 0.651135 0.041111 0.083632
0 0.490833 0.555556 0.038333 0.081243
0 0.425278 0.750896 0.040556 0.091995
0 0.440278 0.555556 0.038333 0.081243
0 0.073056 0.554361 0.069444 0.081243
0 0.041667 0.854839 0.064444 0.101553
0 0.590833 0.554361 0.039444 0.081243
0 0.759444 0.605137 0.073333 0.180406
0 0.316111 0.467145 0.042222 0.083632
0 0.245556 0.650538 0.041111 0.082437
0 0.068333 0.466547 0.042222 0.080048
0 0.465278 0.469534 0.039444 0.088411
0 0.515000 0.468339 0.040000 0.086022
0 0.554444 0.650538 0.040000 0.084827
0 0.503056 0.651135 0.039444 0.086022
0 0.378333 0.857228 0.330000 0.101553
0 0.187778 0.555556 0.042222 0.083632
0 0.136944 0.558542 0.042778 0.089606
0 0.296944 0.649940 0.040556 0.081243
0 0.389167 0.554958 0.039444 0.080048
0 0.178333 0.861410 0.056667 0.102748
0 0.366389 0.468339 0.041667 0.086022
0 0.613056 0.468339 0.040556 0.086022
0 0.657778 0.650538 0.041111 0.084827
0 0.320278 0.749701 0.040556 0.087216
0 0.451667 0.651732 0.038889 0.084827
0 0.605833 0.651135 0.040556 0.083632
0 0.579444 0.858423 0.054444 0.099164
0 0.662778 0.466547 0.038889 0.082437
0 0.641667 0.555556 0.040000 0.081243
0 0.193889 0.651732 0.042222 0.084827
0 0.634444 0.753286 0.043333 0.094385
0 0.400000 0.650538 0.040000 0.082437
0 0.338889 0.554361 0.038889 0.078853
0 0.266944 0.466547 0.041667 0.084827
0 0.049722 0.748507 0.061667 0.089606
0 0.477500 0.755078 0.041667 0.097969
0 0.779444 0.858423 0.058889 0.106332
0 0.564444 0.466547 0.040000 0.087216
0 0.540556 0.554958 0.038889 0.082437
0 0.168333 0.466547 0.041111 0.082437
