0 0.640736 0.189320 0.045262 0.100324
0 0.092291 0.313916 0.078501 0.097087
0 0.563649 0.436893 0.045262 0.097087
0 0.143918 0.190129 0.044554 0.098706
0 0.547383 0.312298 0.043847 0.097087
0 0.610325 0.312298 0.043847 0.097087
0 0.499293 0.437702 0.045262 0.095469
0 0.180339 0.438511 0.048091 0.097087
0 0.826379 0.188511 0.044554 0.098706
0 0.371641 0.438511 0.045969 0.097087
0 0.754950 0.438511 0.047383 0.097087
0 0.918317 0.190129 0.108204 0.098706
0 0.268388 0.190939 0.045969 0.100324
0 0.627298 0.436893 0.045262 0.097087
0 0.453678 0.189320 0.045969 0.100324
0 0.690948 0.438511 0.046676 0.097087
0 0.660537 0.560680 0.048091 0.095469
0 0.421853 0.313107 0.044554 0.095469
0 0.307638 0.438511 0.046676 0.097087
0 0.596535 0.559871 0.047383 0.093851
0 0.466407 0.559871 0.047383 0.093851
0 0.069307 0.562298 0.066478 0.088997
0 0.790311 0.559871 0.048798 0.093851
0 0.093352 0.440939 0.096181 0.095469
0 0.798798 0.313107 0.045969 0.098706
0 0.531471 0.559871 0.045969 0.093851
0 0.473833 0.691748 0.371994 0.095469
0 0.871641 0.692557 0.068600 0.097087
0 0.881895 0.436893 0.048091 0.097087
0 0.484795 0.312298 0.044554 0.097087
0 0.578501 0.190129 0.045262 0.098706
0 0.083098 0.190129 0.045969 0.095469
0 0.243635 0.690939 0.065771 0.093851
0 0.206153 0.190939 0.045969 0.100324
0 0.673267 0.313107 0.046676 0.098706
0 0.766266 0.190129 0.044554 0.098706
0 0.500707 0.561489 1.000000 0.880259
0 0.401344 0.560680 0.047383 0.092233
0 0.244342 0.437702 0.047383 0.095469
0 0.515912 0.189320 0.044554 0.100324
0 0.358911 0.313107 0.045969 0.095469
0 0.336280 0.559871 0.048798 0.093851
0 0.860679 0.312298 0.046676 0.100324
0 0.392150 0.190939 0.045969 0.100324
0 0.943423 0.375405 0.089109 0.226537
0 0.737270 0.313107 0.045969 0.098706
0 0.233027 0.313107 0.045969 0.098706
0 0.296676 0.313916 0.045969 0.097087
0 0.070014 0.690939 0.086280 0.093851
0 0.702617 0.190129 0.044554 0.098706
0 0.704385 0.690129 0.066478 0.095469
0 0.171146 0.313916 0.048091 0.097087
0 0.330269 0.190129 0.045262 0.098706
0 0.913013 0.559871 0.162659 0.090615
0 0.818246 0.436893 0.046676 0.093851
0 0.272277 0.559871 0.048091 0.090615
0 0.725601 0.560680 0.048091 0.092233
0 0.206860 0.560680 0.048798 0.092233
0 0.142504 0.560680 0.048798 0.092233
0 0.435290 0.438511 0.045969 0.097087
