0 0.663115 0.351227 0.050820 0.099182
0 0.639617 0.722393 0.054098 0.109407
0 0.683060 0.468303 0.050273 0.096115
0 0.381967 0.588446 0.050273 0.099182
0 0.388251 0.714724 0.426776 0.110429
0 0.150273 0.465235 0.051366 0.098160
0 0.131421 0.714213 0.071585 0.113497
0 0.780055 0.722393 0.055191 0.111452
0 0.416120 0.466769 0.047541 0.097137
0 0.616120 0.468303 0.050820 0.100204
0 0.750820 0.468814 0.050273 0.095092
0 0.721585 0.591002 0.050820 0.100204
0 0.307923 0.240798 0.049727 0.095092
0 0.816120 0.591002 0.104372 0.102249
0 0.371858 0.240798 0.049727 0.095092
0 0.653552 0.592025 0.051366 0.102249
0 0.794809 0.353783 0.049727 0.089980
0 0.141530 0.348160 0.048087 0.093047
0 0.177869 0.588446 0.051913 0.105317
0 0.516393 0.592536 0.052459 0.105317
0 0.027049 0.470348 0.053005 0.098160
0 0.244536 0.590491 0.053005 0.107362
0 0.206284 0.349693 0.049727 0.092025
0 0.467213 0.352249 0.046995 0.093047
0 0.852186 0.239775 0.117486 0.093047
0 0.021858 0.351738 0.042623 0.096115
0 0.243716 0.240286 0.048087 0.094070
0 0.728962 0.351227 0.051366 0.097137
0 0.817213 0.469325 0.050820 0.096115
0 0.042077 0.590491 0.051366 0.099182
0 0.283607 0.464724 0.049180 0.097137
0 0.076776 0.351738 0.051913 0.096115
0 0.018852 0.587423 0.036612 0.103272
0 0.500820 0.242843 0.049727 0.095092
0 0.117213 0.241820 0.051913 0.093047
0 0.584153 0.591513 0.051366 0.103272
0 0.691530 0.241820 0.048634 0.093047
0 0.627869 0.240798 0.050273 0.095092
0 0.435519 0.242843 0.048087 0.095092
0 0.314481 0.588957 0.050820 0.104294
0 0.878962 0.412577 0.098907 0.217791
0 0.756557 0.238753 0.050820 0.093047
0 0.401639 0.350716 0.046995 0.092025
0 0.110383 0.589980 0.050273 0.102249
0 0.336612 0.349182 0.046995 0.091002
0 0.018579 0.713190 0.036066 0.109407
0 0.085246 0.466258 0.051366 0.096115
0 0.563661 0.241820 0.049727 0.095092
0 0.500546 0.517382 1.000000 0.709611
0 0.013115 0.244376 0.025137 0.085890
0 0.597541 0.353783 0.049727 0.098160
0 0.052186 0.238241 0.049727 0.092025
0 0.215847 0.465235 0.049180 0.098160
0 0.181148 0.241309 0.050820 0.094070
0 0.271585 0.348160 0.048087 0.091002
0 0.482240 0.467280 0.046448 0.096115
0 0.548634 0.467280 0.048087 0.096115
0 0.448907 0.589980 0.049727 0.100204
0 0.532514 0.350204 0.047541 0.091002
0 0.350000 0.466258 0.047541 0.098160
