0 0.785632 0.922141 0.059096 0.109489
0 0.418888 0.801703 0.042874 0.102190
0 0.597625 0.570560 0.042294 0.102190
0 0.625435 0.458029 0.044612 0.105839
0 0.170046 0.685523 0.043453 0.103406
0 0.570104 0.454988 0.045191 0.107056
0 0.026941 0.920316 0.052723 0.105839
0 0.020568 0.454380 0.039977 0.105839
0 0.666570 0.686740 0.043453 0.100973
0 0.391367 0.686740 0.043453 0.100973
0 0.142816 0.802311 0.043453 0.103406
0 0.185110 0.456204 0.045771 0.109489
0 0.253476 0.801095 0.043453 0.100973
0 0.225666 0.685523 0.042294 0.103406
0 0.611530 0.686131 0.043453 0.102190
0 0.034473 0.568127 0.067787 0.099757
0 0.459444 0.455596 0.045191 0.105839
0 0.157010 0.570560 0.044032 0.102190
0 0.370800 0.917883 0.337196 0.108273
0 0.501448 0.686740 0.043453 0.100973
0 0.577057 0.920316 0.056779 0.105839
0 0.364137 0.802311 0.043453 0.100973
0 0.679896 0.454988 0.044612 0.104623
0 0.763326 0.453163 0.097914 0.103406
0 0.377462 0.570560 0.043453 0.102190
0 0.487543 0.570560 0.042294 0.102190
0 0.528100 0.802920 0.044612 0.102190
0 0.280707 0.686131 0.042294 0.099757
0 0.583430 0.801703 0.044032 0.099757
0 0.432503 0.570560 0.043453 0.102190
0 0.073291 0.455596 0.044612 0.105839
0 0.027231 0.801095 0.053302 0.100973
0 0.101680 0.571168 0.044612 0.105839
0 0.350521 0.456204 0.045191 0.107056
0 0.308517 0.801095 0.043453 0.100973
0 0.212341 0.572384 0.043453 0.103406
0 0.295191 0.456813 0.044612 0.108273
0 0.777810 0.628954 0.072422 0.218978
0 0.445829 0.686740 0.043453 0.100973
0 0.163384 0.919100 0.056779 0.105839
0 0.198436 0.802311 0.043453 0.100973
0 0.087486 0.802311 0.045191 0.105839
0 0.041425 0.683698 0.081692 0.102190
0 0.542584 0.569951 0.043453 0.100973
0 0.322422 0.571168 0.043453 0.100973
0 0.336037 0.686740 0.042874 0.100973
0 0.721611 0.686740 0.043453 0.100973
0 0.128911 0.455596 0.045771 0.108273
0 0.473638 0.802920 0.044612 0.104623
0 0.652665 0.571776 0.043453 0.102190
0 0.742468 0.801095 0.141947 0.100973
0 0.556199 0.686740 0.042874 0.100973
0 0.239571 0.455596 0.044612 0.108273
0 0.115295 0.685523 0.042874 0.103406
0 0.514774 0.455596 0.044612 0.105839
0 0.707995 0.571168 0.045191 0.103406
0 0.404693 0.455596 0.044612 0.105839
0 0.500579 0.607664 1.000000 0.787105
0 0.266802 0.570560 0.043453 0.102190
0 0.638760 0.802311 0.044612 0.100973
