0 0.477500 0.490556 0.028750 0.054444
0 0.601562 0.287222 0.068125 0.054444
0 0.467813 0.286111 0.030625 0.054444
0 0.543750 0.285556 0.028750 0.053333
0 0.402187 0.490556 0.030625 0.056667
0 0.120938 0.284444 0.028125 0.053333
0 0.198125 0.285556 0.028750 0.053333
0 0.344687 0.422778 0.028125 0.056667
0 0.134063 0.490000 0.028125 0.055556
0 0.257812 0.354444 0.028125 0.055556
0 0.230313 0.422778 0.028125 0.058889
0 0.180938 0.354444 0.028125 0.055556
0 0.314688 0.285556 0.028125 0.055556
0 0.496875 0.423889 0.028750 0.056667
0 0.090625 0.492778 0.038750 0.054444
0 0.440312 0.490556 0.029375 0.056667
0 0.562813 0.355556 0.029375 0.055556
0 0.142187 0.353889 0.029375 0.054444
0 0.219375 0.354444 0.027500 0.055556
0 0.458437 0.422778 0.029375 0.056667
0 0.305937 0.422778 0.028125 0.056667
0 0.334062 0.353889 0.028125 0.054444
0 0.287500 0.490000 0.028750 0.055556
0 0.610000 0.390000 0.048750 0.128889
0 0.210938 0.490000 0.026875 0.055556
0 0.154062 0.422222 0.026875 0.057778
0 0.197500 0.558333 0.037500 0.058889
0 0.192188 0.422778 0.028125 0.056667
0 0.496875 0.408333 0.871250 0.536667
0 0.352812 0.285556 0.028125 0.055556
0 0.275938 0.286111 0.028125 0.054444
0 0.608750 0.558889 0.050000 0.057778
0 0.506250 0.286111 0.030000 0.054444
0 0.096875 0.423889 0.048750 0.058889
0 0.364063 0.490556 0.029375 0.056667
0 0.332188 0.558333 0.213125 0.061111
0 0.420938 0.423333 0.029375 0.057778
0 0.373125 0.355000 0.028750 0.054444
0 0.082187 0.286667 0.028125 0.053333
0 0.268437 0.422778 0.028125 0.056667
0 0.449062 0.356111 0.029375 0.054444
0 0.096562 0.560000 0.049375 0.057778
0 0.585625 0.491667 0.093750 0.056667
0 0.430000 0.286667 0.030000 0.055556
0 0.296563 0.355000 0.028125 0.054444
0 0.571562 0.423333 0.028125 0.057778
0 0.237813 0.286111 0.028125 0.054444
0 0.172813 0.490000 0.028125 0.055556
0 0.159375 0.285000 0.028750 0.052222
0 0.391250 0.286667 0.030000 0.055556
0 0.463438 0.557778 0.040625 0.057778
0 0.382812 0.422778 0.029375 0.056667
0 0.525000 0.356667 0.028750 0.055556
0 0.486875 0.356111 0.028750 0.054444
0 0.094375 0.355556 0.047500 0.055556
0 0.515312 0.490556 0.029375 0.056667
0 0.325625 0.490556 0.028750 0.056667
0 0.411562 0.355000 0.029375 0.054444
0 0.249375 0.490556 0.028750 0.056667
0 0.534062 0.423889 0.029375 0.056667
