0 0.086414 0.535606 0.039741 0.053030
0 0.454251 0.350758 0.030499 0.053030
0 0.426063 0.534091 0.029575 0.053030
0 0.267560 0.350758 0.030499 0.053030
0 0.436229 0.411364 0.029575 0.050000
0 0.294824 0.473485 0.029575 0.053030
0 0.182994 0.474242 0.029575 0.051515
0 0.585952 0.348485 0.066543 0.054545
0 0.360906 0.411364 0.030499 0.053030
0 0.332717 0.473485 0.029575 0.053030
0 0.079945 0.350758 0.030499 0.053030
0 0.500924 0.534091 0.029575 0.053030
0 0.153882 0.351515 0.030499 0.054545
0 0.134935 0.412121 0.031423 0.054545
0 0.379390 0.351515 0.030499 0.054545
0 0.547597 0.410606 0.030499 0.054545
0 0.314233 0.534091 0.029575 0.053030
0 0.089187 0.412879 0.048983 0.053030
0 0.286506 0.410606 0.029575 0.051515
0 0.229667 0.351515 0.030499 0.054545
0 0.238909 0.534091 0.030499 0.053030
0 0.342421 0.350000 0.030499 0.054545
0 0.459335 0.596212 0.040665 0.053030
0 0.467190 0.446212 0.932532 0.437879
0 0.388170 0.534848 0.031423 0.054545
0 0.126617 0.534091 0.029575 0.053030
0 0.417283 0.350758 0.030499 0.053030
0 0.398336 0.410606 0.029575 0.051515
0 0.529113 0.350000 0.028651 0.051515
0 0.445009 0.472727 0.028651 0.051515
0 0.191774 0.351515 0.030499 0.054545
0 0.463956 0.533333 0.029575 0.051515
0 0.145102 0.473485 0.029575 0.053030
0 0.482440 0.473485 0.029575 0.053030
0 0.305453 0.351515 0.030499 0.054545
0 0.248614 0.412121 0.029575 0.054545
0 0.473198 0.411364 0.029575 0.053030
0 0.351201 0.534848 0.031423 0.054545
0 0.520333 0.473485 0.029575 0.053030
0 0.407579 0.473485 0.029575 0.053030
0 0.276802 0.534091 0.030499 0.053030
0 0.571165 0.534091 0.092421 0.053030
0 0.599815 0.597727 0.042514 0.059091
0 0.557301 0.472727 0.029575 0.054545
0 0.323475 0.411364 0.029575 0.053030
0 0.317930 0.597727 0.227357 0.059091
0 0.177911 0.596970 0.041590 0.054545
0 0.510628 0.412121 0.030499 0.054545
0 0.173290 0.412879 0.030499 0.056061
0 0.085490 0.599242 0.043438 0.056061
0 0.201479 0.534091 0.029575 0.053030
0 0.257394 0.473485 0.028651 0.053030
0 0.210259 0.412121 0.030499 0.054545
0 0.595194 0.443939 0.048059 0.115152
0 0.490758 0.350758 0.029575 0.053030
0 0.164048 0.534848 0.028651 0.051515
0 0.116913 0.351515 0.030499 0.051515
0 0.090111 0.475000 0.050832 0.053030
0 0.220425 0.474242 0.028651 0.054545
0 0.370148 0.472727 0.030499 0.051515
