0 0.662354 0.375799 0.045410 0.088584
0 0.641357 0.707306 0.048340 0.097717
0 0.680176 0.480365 0.044922 0.085845
0 0.411133 0.587671 0.044922 0.088584
0 0.416748 0.700457 0.381348 0.098630
0 0.204102 0.477626 0.045898 0.087671
0 0.187256 0.700000 0.063965 0.101370
0 0.766846 0.707306 0.049316 0.099543
0 0.441650 0.478995 0.042480 0.086758
0 0.620361 0.480365 0.045410 0.089498
0 0.740723 0.480822 0.044922 0.084932
0 0.714600 0.589954 0.045410 0.089498
0 0.344971 0.277169 0.044434 0.084932
0 0.799072 0.589954 0.093262 0.091324
0 0.402100 0.277169 0.044434 0.084932
0 0.653809 0.590868 0.045898 0.091324
0 0.780029 0.378082 0.044434 0.080365
0 0.196289 0.373059 0.042969 0.083105
0 0.228760 0.587671 0.046387 0.094064
0 0.531250 0.591324 0.046875 0.094064
0 0.066406 0.482192 0.094727 0.087671
0 0.288330 0.589498 0.047363 0.095890
0 0.254150 0.374429 0.044434 0.082192
0 0.487305 0.376712 0.041992 0.083105
0 0.831299 0.276256 0.104980 0.083105
0 0.065918 0.376256 0.076172 0.085845
0 0.287598 0.276712 0.042969 0.084018
0 0.721191 0.375799 0.045898 0.086758
0 0.800049 0.481279 0.045410 0.085845
0 0.107422 0.589498 0.045898 0.088584
0 0.323242 0.477169 0.043945 0.086758
0 0.138428 0.376256 0.046387 0.085845
0 0.040039 0.586758 0.065430 0.092237
0 0.517334 0.278995 0.044434 0.084932
0 0.174561 0.278082 0.046387 0.083105
0 0.591797 0.590411 0.045898 0.092237
0 0.687744 0.278082 0.043457 0.083105
0 0.630859 0.277169 0.044922 0.084932
0 0.458984 0.278995 0.042969 0.084932
0 0.350830 0.588128 0.045410 0.093151
0 0.855225 0.430594 0.088379 0.194521
0 0.745850 0.275342 0.045410 0.083105
0 0.428711 0.375342 0.041992 0.082192
0 0.168457 0.589041 0.044922 0.091324
0 0.370605 0.373973 0.041992 0.081279
0 0.033447 0.699087 0.064941 0.097717
0 0.145996 0.478539 0.045898 0.085845
0 0.573486 0.278082 0.044434 0.084932
0 0.495850 0.524201 0.985840 0.633790
0 0.060547 0.280365 0.044922 0.076712
0 0.603760 0.378082 0.044434 0.087671
0 0.116455 0.274886 0.044434 0.082192
0 0.262695 0.477626 0.043945 0.087671
0 0.231689 0.277626 0.045410 0.084018
0 0.312500 0.373059 0.042969 0.081279
0 0.500732 0.479452 0.041504 0.085845
0 0.560059 0.479452 0.042969 0.085845
0 0.470947 0.589041 0.044434 0.089498
0 0.545654 0.374886 0.042480 0.081279
0 0.382568 0.478539 0.042480 0.087671
