0 0.400625 0.472500 0.031250 0.045000
0 0.292812 0.524167 0.029375 0.043333
0 0.117500 0.525833 0.051250 0.045000
0 0.112187 0.629167 0.043125 0.045000
0 0.244375 0.472500 0.030000 0.045000
0 0.618437 0.575833 0.099375 0.045000
0 0.283750 0.472500 0.031250 0.045000
0 0.641875 0.496667 0.051250 0.100000
0 0.107500 0.421250 0.028750 0.042500
0 0.545000 0.575000 0.031250 0.045000
0 0.535000 0.421667 0.031250 0.043333
0 0.382188 0.421250 0.031875 0.044167
0 0.214375 0.524583 0.030000 0.044167
0 0.525625 0.523750 0.031250 0.044167
0 0.264062 0.420833 0.030625 0.043333
0 0.234375 0.575833 0.031250 0.045000
0 0.342813 0.421250 0.031875 0.044167
0 0.371250 0.523750 0.030000 0.044167
0 0.505313 0.501667 0.968125 0.478333
0 0.516250 0.472500 0.031250 0.043333
0 0.564375 0.523750 0.031250 0.044167
0 0.165625 0.472500 0.030000 0.045000
0 0.647813 0.627917 0.043125 0.045833
0 0.273438 0.575833 0.031875 0.045000
0 0.146563 0.420833 0.029375 0.043333
0 0.351875 0.575833 0.032500 0.045000
0 0.303438 0.421250 0.031875 0.044167
0 0.449062 0.522917 0.030625 0.044167
0 0.554375 0.472500 0.031250 0.045000
0 0.254063 0.524583 0.030625 0.044167
0 0.204687 0.472500 0.030625 0.045000
0 0.573750 0.420833 0.031250 0.043333
0 0.603125 0.522917 0.031250 0.044167
0 0.332500 0.523750 0.031250 0.044167
0 0.439688 0.472500 0.030625 0.043333
0 0.478125 0.472500 0.031250 0.043333
0 0.355312 0.627500 0.239375 0.046667
0 0.312812 0.575000 0.031875 0.045000
0 0.175625 0.524583 0.030000 0.044167
0 0.117500 0.472917 0.050000 0.044167
0 0.195000 0.576250 0.030000 0.044167
0 0.185625 0.420833 0.030000 0.043333
0 0.631563 0.420000 0.070625 0.043333
0 0.501563 0.626667 0.041875 0.045000
0 0.208437 0.628333 0.040625 0.045000
0 0.468125 0.574583 0.031250 0.044167
0 0.410313 0.523750 0.030625 0.044167
0 0.224688 0.420417 0.030625 0.044167
0 0.487187 0.523333 0.030625 0.043333
0 0.459062 0.421667 0.031875 0.043333
0 0.506563 0.574167 0.030625 0.043333
0 0.420000 0.422083 0.031250 0.044167
0 0.390625 0.575000 0.032500 0.045000
0 0.322500 0.472083 0.030000 0.044167
0 0.361875 0.472500 0.031250 0.045000
0 0.156250 0.576667 0.030000 0.045000
0 0.593437 0.472083 0.031875 0.044167
0 0.113437 0.580833 0.043125 0.045000
0 0.497188 0.421250 0.031875 0.044167
0 0.429375 0.575000 0.032500 0.045000
