0 0.442005 0.622540 0.032110 0.048301
0 0.613041 0.459302 0.071429 0.049195
0 0.360747 0.620751 0.033421 0.048301
0 0.623198 0.541145 0.053735 0.105546
0 0.165465 0.676208 0.046527 0.051878
0 0.473460 0.457961 0.032110 0.050089
0 0.215924 0.563059 0.033421 0.049195
0 0.582896 0.568873 0.032110 0.048301
0 0.340760 0.564848 0.031455 0.047406
0 0.522280 0.622987 0.032765 0.049195
0 0.501638 0.529964 0.953473 0.419499
0 0.542923 0.567531 0.032110 0.049195
0 0.174312 0.563059 0.032765 0.049195
0 0.257864 0.563506 0.032110 0.048301
0 0.533093 0.513417 0.032110 0.048301
0 0.573067 0.514311 0.032110 0.048301
0 0.433159 0.457961 0.032765 0.050089
0 0.270642 0.454830 0.032765 0.049195
0 0.512779 0.459302 0.032110 0.049195
0 0.065531 0.450358 0.030144 0.047406
0 0.290301 0.509392 0.031455 0.047406
0 0.312582 0.455277 0.032765 0.050089
0 0.123853 0.506708 0.034076 0.049195
0 0.248689 0.508050 0.032110 0.048301
0 0.229358 0.453041 0.032765 0.049195
0 0.352883 0.457066 0.032110 0.050089
0 0.598952 0.623435 0.103539 0.050089
0 0.393185 0.457066 0.032765 0.050089
0 0.492792 0.512522 0.031455 0.046512
0 0.146789 0.452147 0.032765 0.049195
0 0.477064 0.678891 0.043250 0.051878
0 0.151376 0.619410 0.032765 0.049195
0 0.207077 0.508945 0.032765 0.050089
0 0.629751 0.679785 0.045872 0.051878
0 0.061599 0.675760 0.044561 0.050984
0 0.422346 0.566190 0.032110 0.048301
0 0.401376 0.621646 0.033421 0.050089
0 0.109436 0.618962 0.032765 0.050089
0 0.164810 0.507603 0.033421 0.049195
0 0.076671 0.561717 0.062910 0.048301
0 0.063565 0.617174 0.041940 0.048301
0 0.299476 0.563506 0.032765 0.048301
0 0.381389 0.565295 0.032765 0.048301
0 0.235583 0.619410 0.033421 0.049195
0 0.277851 0.619857 0.032765 0.050089
0 0.452818 0.511628 0.031455 0.046512
0 0.412516 0.510733 0.032110 0.046512
0 0.482634 0.622540 0.032110 0.048301
0 0.331586 0.509839 0.031455 0.048301
0 0.073067 0.505814 0.053080 0.047406
0 0.193316 0.619410 0.032765 0.049195
0 0.104849 0.451252 0.031455 0.049195
0 0.322084 0.677996 0.256225 0.051878
0 0.132372 0.562612 0.032765 0.048301
0 0.502949 0.567084 0.032110 0.048301
0 0.371232 0.510733 0.032110 0.048301
0 0.462647 0.566190 0.031455 0.048301
0 0.319135 0.620304 0.032765 0.049195
0 0.187418 0.452147 0.032765 0.049195
0 0.552752 0.459302 0.032110 0.047406
