0 0.572433 0.453906 0.143460 0.226562
0 0.342827 0.475781 0.101969 0.226562
0 0.430731 0.914844 0.106188 0.173437
0 0.130098 0.492969 0.104079 0.229687
0 0.520394 0.909375 0.066104 0.184375
0 0.028129 0.934375 0.054852 0.134375
0 0.345992 0.518750 0.690577 0.965625
0 0.486639 0.693750 0.064698 0.231250
0 0.399437 0.706250 0.104079 0.234375
0 0.321027 0.918750 0.106188 0.165625
0 0.073840 0.732812 0.106892 0.237500
0 0.211674 0.925000 0.105485 0.153125
0 0.037623 0.503125 0.073840 0.231250
0 0.020042 0.507031 0.038678 0.229687
0 0.590366 0.782813 0.138537 0.437500
0 0.449719 0.464844 0.100563 0.223438
0 0.028833 0.743750 0.056259 0.243750
0 0.182841 0.723437 0.106892 0.234375
0 0.099508 0.929688 0.109001 0.143750
0 0.291842 0.712500 0.104079 0.237500
0 0.235935 0.484375 0.103376 0.228125
