0 0.537924 0.127803 0.085828 0.061286
0 0.443613 0.299327 0.084830 0.063528
0 0.638224 0.338191 0.084830 0.063528
0 0.350798 0.795590 0.088822 0.063528
0 0.637725 0.114350 0.085828 0.061286
0 0.347305 0.643124 0.087824 0.063528
0 0.542914 0.507474 0.087824 0.062780
0 0.448104 0.677130 0.089820 0.065770
0 0.250499 0.769806 0.083832 0.064275
0 0.532435 0.017190 0.090818 0.032885
0 0.645709 0.788490 0.087824 0.062780
0 0.342814 0.337818 0.096806 0.065770
0 0.452595 0.896114 0.086826 0.049327
0 0.458084 0.500747 0.644711 1.000000
0 0.339820 0.183109 0.088822 0.065770
0 0.647705 0.859492 0.087824 0.062780
0 0.234032 0.023543 0.088822 0.045590
0 0.639222 0.409940 0.084830 0.063528
0 0.336826 0.109118 0.088822 0.065770
0 0.644711 0.713004 0.087824 0.062780
0 0.340818 0.411809 0.096806 0.065770
0 0.238024 0.223468 0.088822 0.065770
0 0.634731 0.189088 0.085828 0.061286
0 0.539421 0.205904 0.084830 0.063528
0 0.239521 0.420030 0.095808 0.306428
0 0.343313 0.488042 0.095808 0.067265
0 0.445110 0.526906 0.089820 0.067265
0 0.448104 0.600149 0.089820 0.067265
0 0.643713 0.638266 0.087824 0.062780
0 0.552395 0.871450 0.086826 0.049327
0 0.540419 0.279148 0.084830 0.063528
0 0.448104 0.752242 0.091816 0.068012
0 0.546906 0.656203 0.087824 0.062780
0 0.535429 0.055680 0.090818 0.066517
0 0.542415 0.357623 0.084830 0.063528
0 0.541417 0.433109 0.084830 0.063528
0 0.547405 0.732063 0.086826 0.062033
0 0.449601 0.828475 0.090818 0.065022
0 0.341816 0.263827 0.088822 0.065770
0 0.633234 0.037743 0.082834 0.060538
0 0.545908 0.582960 0.087824 0.062780
0 0.241517 0.616966 0.087824 0.068012
0 0.647705 0.940583 0.089820 0.087444
0 0.500499 0.949925 0.190619 0.095665
0 0.332834 0.034380 0.094810 0.067265
0 0.638224 0.263453 0.084830 0.063528
0 0.631737 0.011958 0.087824 0.022422
0 0.436627 0.022795 0.090818 0.044096
0 0.347804 0.720105 0.088822 0.063528
0 0.443114 0.374066 0.087824 0.065022
0 0.639222 0.487668 0.086826 0.062033
0 0.549401 0.807549 0.086826 0.062033
0 0.641218 0.559417 0.086826 0.062033
0 0.349301 0.871076 0.095808 0.066517
0 0.443613 0.449178 0.088822 0.064275
0 0.439122 0.148729 0.087824 0.065770
0 0.347305 0.566517 0.089820 0.067265
0 0.436627 0.069133 0.090818 0.060538
0 0.440120 0.221973 0.087824 0.065770
0 0.352295 0.955157 0.095808 0.089686
