0 0.205128 0.764658 0.063116 0.099349
0 0.030079 0.657980 0.058185 0.100977
0 0.419625 0.538274 0.064103 0.099349
0 0.626726 0.750000 0.066075 0.099349
0 0.719428 0.880293 0.070020 0.122150
0 0.699704 0.528502 0.064103 0.099349
0 0.017751 0.890065 0.033531 0.122150
0 0.447239 0.645765 0.064103 0.099349
0 0.237673 0.650651 0.065089 0.099349
0 0.345661 0.758958 0.064103 0.100977
0 0.799310 0.634365 0.066075 0.099349
0 0.210552 0.543160 0.066075 0.099349
0 0.492110 0.616450 0.982249 0.714984
0 0.423077 0.876221 0.358974 0.123779
0 0.560158 0.532573 0.063116 0.097720
0 0.556213 0.753257 0.065089 0.102606
0 0.768245 0.745928 0.067061 0.097720
0 0.069527 0.547231 0.066075 0.097720
0 0.488659 0.535016 0.064103 0.099349
0 0.275148 0.759772 0.065089 0.099349
0 0.167653 0.653909 0.065089 0.096091
0 0.402860 0.430782 0.064103 0.099349
0 0.139546 0.544788 0.064103 0.099349
0 0.920611 0.576547 0.079882 0.211726
0 0.541913 0.425896 0.064103 0.099349
0 0.821992 0.416938 0.064103 0.097720
0 0.729290 0.638436 0.066075 0.100977
0 0.629684 0.531759 0.066075 0.099349
0 0.640533 0.870521 0.070020 0.122150
0 0.193787 0.434853 0.066075 0.097720
0 0.588757 0.641694 0.065089 0.100977
0 0.486193 0.754886 0.065089 0.099349
0 0.750986 0.419381 0.064103 0.099349
0 0.378205 0.647394 0.064103 0.099349
0 0.681953 0.421824 0.064103 0.100977
0 0.611440 0.424267 0.063116 0.099349
0 0.020217 0.548860 0.038462 0.097720
0 0.697239 0.746743 0.065089 0.099349
0 0.133136 0.765472 0.065089 0.100977
0 0.062130 0.767915 0.065089 0.099349
0 0.518245 0.642508 0.064103 0.099349
0 0.473373 0.429153 0.063116 0.096091
0 0.416174 0.756515 0.065089 0.099349
0 0.332840 0.431596 0.064103 0.097720
0 0.885602 0.741857 0.159763 0.099349
0 0.307199 0.649023 0.064103 0.096091
0 0.019724 0.769544 0.037475 0.099349
0 0.053748 0.438111 0.064103 0.097720
0 0.840237 0.524430 0.065089 0.097720
0 0.264300 0.433225 0.063116 0.097720
0 0.016765 0.440554 0.031558 0.096091
0 0.203649 0.885179 0.068047 0.118893
0 0.350099 0.538274 0.063116 0.099349
0 0.097140 0.654723 0.064103 0.097720
0 0.768738 0.526873 0.064103 0.099349
0 0.280572 0.541531 0.064103 0.096091
0 0.124260 0.436482 0.065089 0.097720
0 0.908284 0.414495 0.094675 0.099349
0 0.870316 0.633550 0.064103 0.097720
0 0.658777 0.639251 0.063116 0.099349
