0 0.289500 0.247947 0.047000 0.046201
0 0.650000 0.245380 0.046000 0.045175
0 0.522000 0.194559 0.046000 0.046201
0 0.380500 0.350103 0.045000 0.045175
0 0.433000 0.405031 0.252000 0.054415
0 0.752500 0.244353 0.045000 0.045175
0 0.495500 0.286961 0.847000 0.331622
0 0.130500 0.299281 0.081000 0.046201
0 0.277500 0.351643 0.047000 0.046201
0 0.585500 0.348563 0.047000 0.044148
0 0.116500 0.407084 0.057000 0.054415
0 0.444000 0.246920 0.046000 0.046201
0 0.405500 0.299281 0.045000 0.046201
0 0.317500 0.196099 0.045000 0.045175
0 0.186500 0.248973 0.047000 0.046201
0 0.591000 0.404004 0.058000 0.054415
0 0.303000 0.299795 0.046000 0.045175
0 0.123500 0.248460 0.067000 0.047228
0 0.663000 0.297228 0.046000 0.046201
0 0.637000 0.348049 0.046000 0.045175
0 0.214500 0.197125 0.047000 0.045175
0 0.354000 0.299281 0.046000 0.046201
0 0.238000 0.247947 0.046000 0.046201
0 0.701500 0.244867 0.045000 0.046201
0 0.329000 0.351129 0.046000 0.045175
0 0.766000 0.295688 0.046000 0.045175
0 0.625500 0.193532 0.047000 0.046201
0 0.688500 0.348049 0.047000 0.045175
0 0.805000 0.191478 0.092000 0.046201
0 0.534000 0.349589 0.046000 0.046201
0 0.560000 0.297741 0.046000 0.045175
0 0.341500 0.248460 0.045000 0.045175
0 0.277500 0.407084 0.047000 0.052361
0 0.420000 0.195585 0.046000 0.046201
0 0.714500 0.296715 0.047000 0.045175
0 0.495000 0.246920 0.046000 0.046201
0 0.457500 0.298255 0.047000 0.046201
0 0.546500 0.246407 0.045000 0.045175
0 0.117000 0.352156 0.058000 0.047228
0 0.111000 0.197125 0.044000 0.045175
0 0.699000 0.404004 0.048000 0.054415
0 0.226500 0.351643 0.047000 0.046201
0 0.431000 0.350103 0.046000 0.045175
0 0.200000 0.299795 0.046000 0.045175
0 0.174000 0.351129 0.046000 0.047228
0 0.483000 0.350103 0.046000 0.045175
0 0.368000 0.195585 0.046000 0.044148
0 0.265500 0.196099 0.047000 0.045175
0 0.611000 0.297228 0.046000 0.046201
0 0.597500 0.245380 0.047000 0.045175
0 0.816500 0.270021 0.069000 0.098563
0 0.573500 0.194559 0.047000 0.046201
0 0.784500 0.347023 0.135000 0.045175
0 0.676500 0.193018 0.047000 0.045175
0 0.728500 0.191992 0.045000 0.045175
0 0.162500 0.197125 0.047000 0.045175
0 0.251000 0.300308 0.046000 0.044148
0 0.393000 0.247947 0.046000 0.046201
0 0.471500 0.195072 0.047000 0.045175
0 0.508000 0.298255 0.046000 0.046201
