0 0.197917 0.612069 0.150735 0.110345
0 0.698529 0.394828 0.063725 0.086207
0 0.886029 0.293103 0.063725 0.086207
0 0.838235 0.391379 0.063725 0.086207
0 0.033701 0.310345 0.064951 0.089655
0 0.395833 0.303448 0.063725 0.086207
0 0.214461 0.210345 0.066176 0.086207
0 0.921569 0.491379 0.159314 0.103448
0 0.708946 0.200862 0.064951 0.087931
0 0.026961 0.508621 0.051471 0.089655
0 0.285539 0.207759 0.063725 0.087931
0 0.017157 0.212931 0.031863 0.087931
0 0.093137 0.506897 0.066176 0.089655
0 0.735294 0.489655 0.063725 0.086207
0 0.627451 0.395690 0.063725 0.087931
0 0.768382 0.393103 0.063725 0.086207
0 0.675858 0.298276 0.064951 0.086207
0 0.381740 0.499138 0.064951 0.087931
0 0.357843 0.207759 0.066176 0.087931
0 0.046569 0.412069 0.090686 0.096552
0 0.779412 0.199138 0.063725 0.087931
0 0.942402 0.194828 0.110294 0.086207
0 0.962010 0.337931 0.078431 0.189655
0 0.568015 0.204310 0.064951 0.087931
0 0.069240 0.212069 0.064951 0.086207
0 0.907475 0.388793 0.062500 0.087931
0 0.605392 0.299138 0.063725 0.084483
0 0.166667 0.505172 0.066176 0.089655
0 0.557598 0.397414 0.063725 0.087931
0 0.535539 0.301724 0.063725 0.086207
0 0.309436 0.501724 0.064951 0.089655
0 0.250613 0.307759 0.064951 0.087931
0 0.428309 0.206897 0.064951 0.086207
0 0.416054 0.401724 0.064951 0.086207
0 0.128676 0.407759 0.066176 0.087931
0 0.849265 0.195690 0.061275 0.084483
0 0.593750 0.494828 0.064951 0.089655
0 0.465074 0.303448 0.064951 0.086207
0 0.501225 0.381034 1.000000 0.606897
0 0.106005 0.310345 0.067402 0.089655
0 0.679534 0.599138 0.094363 0.105172
0 0.498775 0.206034 0.063725 0.087931
0 0.141544 0.211207 0.064951 0.087931
0 0.816176 0.294828 0.063725 0.086207
0 0.664828 0.492241 0.064951 0.084483
0 0.272672 0.405172 0.064951 0.086207
0 0.239583 0.503448 0.064951 0.086207
0 0.486520 0.400000 0.063725 0.086207
0 0.322304 0.306034 0.063725 0.087931
0 0.060049 0.616379 0.117647 0.112069
0 0.344975 0.403448 0.064951 0.086207
0 0.523897 0.496552 0.064951 0.089655
0 0.452819 0.604310 0.346814 0.108621
0 0.746324 0.296552 0.063725 0.086207
0 0.804534 0.488793 0.064951 0.084483
0 0.763480 0.594828 0.066176 0.103448
0 0.639093 0.202586 0.064951 0.087931
0 0.179534 0.307759 0.064951 0.087931
0 0.201593 0.406897 0.064951 0.086207
0 0.453431 0.498276 0.066176 0.086207
