0 0.257065 0.326797 0.033696 0.049020
0 0.510870 0.437092 0.034783 0.050654
0 0.211957 0.327614 0.047826 0.047386
0 0.715761 0.353758 0.053261 0.102941
0 0.483152 0.326797 0.033696 0.049020
0 0.558696 0.325980 0.034783 0.047386
0 0.281522 0.437092 0.034783 0.050654
0 0.203261 0.437092 0.039130 0.050654
0 0.434783 0.495915 0.189130 0.060458
0 0.319565 0.436275 0.034783 0.049020
0 0.407065 0.326797 0.033696 0.049020
0 0.634239 0.326797 0.033696 0.049020
0 0.594022 0.496732 0.035870 0.058824
0 0.318478 0.497549 0.034783 0.060458
0 0.353261 0.272876 0.032609 0.045752
0 0.681522 0.380719 0.030435 0.049020
0 0.453804 0.380719 0.033696 0.049020
0 0.606522 0.380719 0.034783 0.049020
0 0.389674 0.272876 0.033696 0.045752
0 0.445109 0.326797 0.033696 0.049020
0 0.314674 0.273693 0.033696 0.047386
0 0.264130 0.380719 0.032609 0.049020
0 0.670109 0.326797 0.029348 0.049020
0 0.214674 0.381536 0.057609 0.050654
0 0.540761 0.273693 0.033696 0.047386
0 0.626087 0.435458 0.034783 0.047386
0 0.521196 0.326797 0.033696 0.049020
0 0.552717 0.496732 0.040217 0.058824
0 0.549457 0.436275 0.035870 0.049020
0 0.427174 0.272876 0.032609 0.045752
0 0.588043 0.436275 0.034783 0.049020
0 0.707609 0.273693 0.065217 0.047386
0 0.434239 0.437092 0.035870 0.050654
0 0.204348 0.500000 0.039130 0.058824
0 0.240217 0.274510 0.032609 0.045752
0 0.357609 0.436275 0.034783 0.049020
0 0.502717 0.273693 0.033696 0.047386
0 0.465217 0.273693 0.032609 0.047386
0 0.332065 0.326797 0.033696 0.049020
0 0.243478 0.437092 0.034783 0.050654
0 0.339674 0.380719 0.033696 0.049020
0 0.530435 0.380719 0.034783 0.049020
0 0.544022 0.368464 0.751087 0.367647
0 0.294022 0.326797 0.033696 0.049020
0 0.415761 0.380719 0.033696 0.049020
0 0.695652 0.437092 0.095652 0.050654
0 0.301630 0.380719 0.033696 0.049020
0 0.569022 0.380719 0.033696 0.049020
0 0.491848 0.380719 0.033696 0.049020
0 0.370109 0.326797 0.033696 0.049020
0 0.205435 0.274510 0.028261 0.045752
0 0.396196 0.437092 0.035870 0.050654
0 0.472826 0.436275 0.034783 0.049020
0 0.596739 0.325980 0.032609 0.047386
0 0.653261 0.274510 0.032609 0.045752
0 0.645652 0.380719 0.034783 0.049020
0 0.577717 0.272876 0.033696 0.045752
0 0.377717 0.381536 0.033696 0.047386
0 0.615761 0.272876 0.033696 0.045752
0 0.277717 0.273693 0.033696 0.047386
