0 0.527969 0.555614 0.052496 0.062500
0 0.161790 0.627648 0.051635 0.062500
0 0.574010 0.693326 0.053356 0.064619
0 0.086919 0.561970 0.051635 0.062500
0 0.368330 0.837924 0.294320 0.069915
0 0.690620 0.693326 0.055938 0.064619
0 0.552926 0.623411 0.054217 0.064619
0 0.459552 0.692797 0.053356 0.065678
0 0.604561 0.764831 0.055938 0.065678
0 0.289157 0.695445 0.053356 0.064619
0 0.091652 0.765890 0.054217 0.065678
0 0.217298 0.627119 0.052496 0.063559
0 0.641566 0.555085 0.054217 0.063559
0 0.025818 0.837394 0.049914 0.066737
0 0.604131 0.838983 0.056799 0.067797
0 0.177711 0.695975 0.052496 0.063559
0 0.472461 0.556674 0.051635 0.062500
0 0.418244 0.557203 0.051635 0.063559
0 0.631239 0.693856 0.055938 0.065678
0 0.496988 0.623411 0.052496 0.064619
0 0.148021 0.766419 0.053356 0.064619
0 0.107143 0.628178 0.054217 0.063559
0 0.361876 0.557203 0.052496 0.063559
0 0.305077 0.557733 0.052496 0.062500
0 0.698795 0.554025 0.053356 0.063559
0 0.122633 0.695975 0.052496 0.063559
0 0.746988 0.693856 0.049914 0.065678
0 0.727625 0.766419 0.064544 0.066737
0 0.402324 0.693856 0.052496 0.063559
0 0.032272 0.765890 0.062823 0.065678
0 0.034854 0.562500 0.047332 0.061441
0 0.316265 0.765360 0.054217 0.066737
0 0.327883 0.625530 0.051635 0.062500
0 0.668675 0.623941 0.055077 0.065678
0 0.271945 0.626059 0.051635 0.063559
0 0.384682 0.625000 0.053356 0.063559
0 0.373064 0.765360 0.054217 0.066737
0 0.723752 0.623411 0.049914 0.064619
0 0.233219 0.695445 0.051635 0.064619
0 0.663511 0.765360 0.056799 0.064619
0 0.545181 0.838453 0.055938 0.068856
0 0.493546 0.683263 0.985370 0.419492
0 0.439759 0.623941 0.051635 0.065678
0 0.768933 0.554555 0.078313 0.064619
0 0.546041 0.764831 0.055938 0.067797
0 0.141566 0.560911 0.052496 0.062500
0 0.345095 0.694915 0.053356 0.065678
0 0.783133 0.657839 0.061962 0.133475
0 0.259897 0.765890 0.053356 0.065678
0 0.609725 0.623411 0.054217 0.064619
0 0.488812 0.765890 0.055077 0.067797
0 0.251291 0.558792 0.049914 0.062500
0 0.516781 0.693326 0.054217 0.066737
0 0.430723 0.764831 0.054217 0.067797
0 0.584337 0.556144 0.053356 0.063559
0 0.203528 0.766419 0.052496 0.064619
0 0.196213 0.559852 0.053356 0.062500
0 0.191910 0.837924 0.055077 0.067797
0 0.049484 0.697034 0.090361 0.063559
0 0.043029 0.629237 0.070568 0.063559
