0 0.169780 0.332781 0.034066 0.049669
0 0.426374 0.444536 0.035165 0.051325
0 0.124176 0.333609 0.048352 0.048013
0 0.633516 0.360099 0.053846 0.104305
0 0.398352 0.332781 0.034066 0.049669
0 0.474725 0.331954 0.035165 0.048013
0 0.194505 0.444536 0.035165 0.051325
0 0.115385 0.444536 0.039560 0.051325
0 0.349451 0.504139 0.191209 0.061258
0 0.232967 0.443709 0.035165 0.049669
0 0.321429 0.332781 0.034066 0.049669
0 0.551099 0.332781 0.034066 0.049669
0 0.510440 0.504967 0.036264 0.059603
0 0.231868 0.505795 0.035165 0.061258
0 0.267033 0.278146 0.032967 0.046358
0 0.598901 0.387417 0.030769 0.049669
0 0.368681 0.387417 0.034066 0.049669
0 0.523077 0.387417 0.035165 0.049669
0 0.303846 0.278146 0.034066 0.046358
0 0.359890 0.332781 0.034066 0.049669
0 0.228022 0.278974 0.034066 0.048013
0 0.176923 0.387417 0.032967 0.049669
0 0.587363 0.332781 0.029670 0.049669
0 0.126923 0.388245 0.058242 0.051325
0 0.456593 0.278974 0.034066 0.048013
0 0.542857 0.442881 0.035165 0.048013
0 0.436813 0.332781 0.034066 0.049669
0 0.468681 0.504967 0.040659 0.059603
0 0.465385 0.443709 0.036264 0.049669
0 0.341758 0.278146 0.032967 0.046358
0 0.504396 0.443709 0.035165 0.049669
0 0.625275 0.278974 0.065934 0.048013
0 0.348901 0.444536 0.036264 0.051325
0 0.116484 0.508278 0.039560 0.059603
0 0.152747 0.279801 0.032967 0.046358
0 0.271429 0.443709 0.035165 0.049669
0 0.418132 0.278974 0.034066 0.048013
0 0.380220 0.278974 0.032967 0.048013
0 0.245604 0.332781 0.034066 0.049669
0 0.156044 0.444536 0.035165 0.051325
0 0.253297 0.387417 0.034066 0.049669
0 0.446154 0.387417 0.035165 0.049669
0 0.459890 0.375000 0.759341 0.372517
0 0.207143 0.332781 0.034066 0.049669
0 0.330220 0.387417 0.034066 0.049669
0 0.613187 0.444536 0.096703 0.051325
0 0.214835 0.387417 0.034066 0.049669
0 0.485165 0.387417 0.034066 0.049669
0 0.407143 0.387417 0.034066 0.049669
0 0.284066 0.332781 0.034066 0.049669
0 0.117582 0.279801 0.028571 0.046358
0 0.310440 0.444536 0.036264 0.051325
0 0.387912 0.443709 0.035165 0.049669
0 0.513187 0.331954 0.032967 0.048013
0 0.570330 0.279801 0.032967 0.046358
0 0.562637 0.387417 0.035165 0.049669
0 0.493956 0.278146 0.034066 0.046358
0 0.291758 0.388245 0.034066 0.048013
0 0.532418 0.278146 0.034066 0.046358
0 0.190659 0.278974 0.034066 0.048013
