0 0.532917 0.560625 0.114167 0.080000
0 0.596667 0.526875 0.801667 0.692500
0 0.326667 0.743125 0.180000 0.087500
0 0.580417 0.380000 0.114167 0.077500
0 0.963333 0.678750 0.068333 0.082500
0 0.764583 0.480000 0.117500 0.080000
0 0.361250 0.553125 0.202500 0.083750
0 0.790000 0.574063 0.120000 0.084375
0 0.355417 0.460938 0.169167 0.080625
0 0.334583 0.370312 0.099167 0.075625
0 0.455000 0.375000 0.108333 0.076250
0 0.589167 0.659062 0.116667 0.084375
0 0.952917 0.395313 0.089167 0.080625
0 0.777083 0.768750 0.184167 0.088750
0 0.634167 0.473125 0.116667 0.080000
0 0.851250 0.674063 0.122500 0.085625
0 0.507917 0.468438 0.115833 0.080625
0 0.388333 0.648750 0.271667 0.088750
0 0.922917 0.580937 0.119167 0.085625
0 0.836250 0.390000 0.117500 0.080000
0 0.895000 0.484375 0.118333 0.082500
0 0.660000 0.567813 0.116667 0.081875
0 0.706250 0.385313 0.117500 0.078125
0 0.719583 0.666562 0.119167 0.084375
