0 0.168993 0.378871 0.057646 0.063752
0 0.460255 0.313297 0.045510 0.061931
0 0.587379 0.124317 0.042476 0.057377
0 0.600728 0.313297 0.044903 0.061931
0 0.176881 0.122495 0.039442 0.057377
0 0.462682 0.379326 0.239684 0.062842
0 0.267294 0.122495 0.043083 0.057377
0 0.762743 0.249089 0.043689 0.059199
0 0.554005 0.314208 0.044903 0.061931
0 0.514867 0.186248 0.043083 0.061020
0 0.606493 0.379326 0.045510 0.062842
0 0.366201 0.313752 0.045510 0.062842
0 0.699636 0.187158 0.043689 0.061020
0 0.317354 0.379781 0.046117 0.063752
0 0.507282 0.314208 0.044903 0.061931
0 0.745146 0.186248 0.043689 0.059199
0 0.654126 0.379781 0.046117 0.063752
0 0.552184 0.234517 0.837379 0.385246
0 0.297027 0.248179 0.044296 0.061020
0 0.632585 0.124317 0.041869 0.057377
0 0.376820 0.185792 0.043689 0.060109
0 0.484223 0.249545 0.043689 0.060109
0 0.653519 0.186248 0.043689 0.059199
0 0.344053 0.248634 0.044903 0.061931
0 0.695085 0.314208 0.045510 0.060109
0 0.450850 0.123862 0.042476 0.058288
0 0.183859 0.183971 0.059466 0.060109
0 0.773968 0.313752 0.107403 0.061020
0 0.391383 0.248634 0.043689 0.060109
0 0.250910 0.248179 0.044296 0.061020
0 0.272451 0.313752 0.046117 0.062842
0 0.607100 0.186703 0.044296 0.060109
0 0.541566 0.123862 0.041869 0.058288
0 0.224211 0.312386 0.045510 0.063752
0 0.221177 0.122040 0.043083 0.058288
0 0.437500 0.249545 0.043689 0.060109
0 0.723604 0.123406 0.041869 0.057377
0 0.405036 0.123862 0.043083 0.058288
0 0.188410 0.247268 0.074636 0.061020
0 0.797027 0.217668 0.052791 0.122040
0 0.530947 0.249545 0.043689 0.060109
0 0.716930 0.250455 0.044296 0.060109
0 0.577670 0.250000 0.043689 0.061020
0 0.647755 0.313297 0.044296 0.060109
0 0.237561 0.184882 0.046723 0.060109
0 0.413228 0.313752 0.044903 0.062842
0 0.284284 0.184882 0.044296 0.060109
0 0.359223 0.122951 0.042476 0.058288
0 0.330400 0.184882 0.044296 0.060109
0 0.678095 0.124317 0.041869 0.055556
0 0.670206 0.250455 0.044296 0.060109
0 0.496663 0.123862 0.041869 0.058288
0 0.783981 0.124317 0.069175 0.059199
0 0.319175 0.313752 0.044903 0.062842
0 0.561286 0.185792 0.043689 0.060109
0 0.623786 0.249545 0.043689 0.060109
0 0.172633 0.312386 0.055218 0.063752
0 0.469053 0.185792 0.043689 0.060109
0 0.422633 0.185337 0.043083 0.059199
0 0.313107 0.122040 0.043689 0.058288
