0 0.563090 0.566071 0.045991 0.082143
0 0.298349 0.488393 0.044811 0.066071
0 0.488797 0.258036 0.045991 0.066071
0 0.527712 0.407143 0.043632 0.067857
0 0.425118 0.408929 0.043632 0.067857
0 0.272995 0.413393 0.043632 0.066071
0 0.578420 0.405357 0.045991 0.067857
0 0.235259 0.263393 0.043632 0.066071
0 0.664505 0.327679 0.041274 0.066071
0 0.641509 0.252679 0.044811 0.066071
0 0.260024 0.338393 0.043632 0.066071
0 0.462854 0.331250 0.043632 0.066071
0 0.093750 0.493750 0.048349 0.069643
0 0.514151 0.331250 0.044811 0.066071
0 0.209316 0.339286 0.045991 0.067857
0 0.083726 0.266964 0.044811 0.066071
0 0.399764 0.486607 0.044811 0.066071
0 0.310142 0.336607 0.044811 0.066071
0 0.412146 0.333929 0.043632 0.067857
0 0.039505 0.495536 0.053066 0.066071
0 0.158019 0.339286 0.044811 0.067857
0 0.323113 0.412500 0.044811 0.067857
0 0.507665 0.566964 0.053066 0.080357
0 0.564858 0.329464 0.044811 0.066071
0 0.196934 0.574107 0.047170 0.080357
0 0.698703 0.479464 0.130896 0.069643
0 0.053066 0.417857 0.077830 0.067857
0 0.604953 0.481250 0.047170 0.066071
0 0.483491 0.385714 0.964623 0.507143
0 0.438090 0.258036 0.043632 0.066071
0 0.196934 0.491071 0.044811 0.067857
0 0.170991 0.416071 0.044811 0.067857
0 0.451651 0.485714 0.047170 0.067857
0 0.339623 0.264286 0.044811 0.064286
0 0.476415 0.407143 0.044811 0.067857
0 0.554245 0.482143 0.047170 0.067857
0 0.715802 0.251786 0.089623 0.067857
0 0.045401 0.341964 0.064858 0.069643
0 0.360849 0.334821 0.044811 0.066071
0 0.034788 0.268750 0.041274 0.066071
0 0.387972 0.259821 0.044811 0.066071
0 0.351415 0.569643 0.252358 0.082143
0 0.247642 0.490179 0.044811 0.066071
0 0.589623 0.253571 0.044811 0.067857
0 0.145637 0.492857 0.045991 0.067857
0 0.133844 0.265179 0.045991 0.066071
0 0.349646 0.487500 0.045991 0.067857
0 0.502948 0.483929 0.045991 0.067857
0 0.678656 0.403571 0.041274 0.067857
0 0.038325 0.577679 0.053066 0.080357
0 0.615566 0.329464 0.044811 0.066071
0 0.539505 0.255357 0.045991 0.067857
0 0.106722 0.341071 0.048349 0.067857
0 0.374410 0.409821 0.043632 0.066071
0 0.285377 0.261607 0.044811 0.066071
0 0.185142 0.263393 0.044811 0.066071
0 0.630307 0.404464 0.045991 0.066071
0 0.222288 0.415179 0.043632 0.066071
0 0.725825 0.365179 0.071934 0.144643
0 0.120283 0.416964 0.044811 0.066071
