0 0.121908 0.531341 0.060071 0.091837
0 0.381184 0.356414 0.046820 0.068513
0 0.733216 0.427843 0.051237 0.071429
0 0.315813 0.278426 0.046820 0.069971
0 0.488074 0.354227 0.046820 0.069971
0 0.605124 0.195335 0.045936 0.067055
0 0.434629 0.354956 0.047703 0.068513
0 0.397527 0.200437 0.045936 0.065598
0 0.761484 0.191691 0.045936 0.065598
0 0.501767 0.198251 0.045936 0.067055
0 0.835247 0.190233 0.089223 0.062682
0 0.568905 0.432216 0.047703 0.074344
0 0.540636 0.352041 0.045936 0.071429
0 0.273852 0.358601 0.047703 0.069971
0 0.449647 0.199708 0.045936 0.067055
0 0.147968 0.360058 0.082155 0.069971
0 0.262809 0.279155 0.046820 0.068513
0 0.678445 0.428571 0.049470 0.072886
0 0.515459 0.433673 0.048587 0.071429
0 0.526060 0.274781 0.046820 0.068513
0 0.243375 0.440233 0.048587 0.072886
0 0.296378 0.527697 0.050353 0.087464
0 0.407686 0.436589 0.048587 0.071429
0 0.553004 0.196793 0.045936 0.067055
0 0.465106 0.525510 0.272968 0.094752
0 0.209806 0.280612 0.048587 0.068513
0 0.352915 0.436589 0.048587 0.071429
0 0.327297 0.357143 0.046820 0.069971
0 0.756184 0.346210 0.049470 0.068513
0 0.657244 0.194606 0.047703 0.068513
0 0.138251 0.204082 0.041519 0.064140
0 0.631625 0.271866 0.047703 0.068513
0 0.579505 0.272595 0.045936 0.067055
0 0.420936 0.276239 0.045053 0.068513
0 0.737191 0.268222 0.048587 0.067055
0 0.690371 0.517493 0.052120 0.090379
0 0.631184 0.518950 0.057420 0.087464
0 0.505300 0.341108 0.851590 0.539359
0 0.293728 0.202624 0.046820 0.067055
0 0.684629 0.269679 0.047703 0.067055
0 0.345848 0.201166 0.045053 0.067055
0 0.623675 0.430758 0.049470 0.071429
0 0.701855 0.348397 0.048587 0.069971
0 0.298145 0.438776 0.048587 0.072886
0 0.474382 0.275510 0.045936 0.069971
0 0.790194 0.266764 0.048587 0.069971
0 0.594523 0.351312 0.047703 0.069971
0 0.241608 0.202624 0.046820 0.067055
0 0.219081 0.358601 0.047703 0.069971
0 0.145318 0.280612 0.068021 0.068513
0 0.187721 0.440962 0.048587 0.074344
0 0.128534 0.441691 0.057420 0.072886
0 0.461572 0.435131 0.048587 0.071429
0 0.648410 0.349125 0.047703 0.071429
0 0.188163 0.204082 0.045936 0.067055
0 0.859099 0.303207 0.076855 0.148688
0 0.368816 0.278426 0.046820 0.067055
0 0.810071 0.344023 0.049470 0.069971
0 0.708481 0.192420 0.045936 0.067055
0 0.833481 0.424198 0.142226 0.072886
