0 0.047705 0.275174 0.078502 0.078125
0 0.716787 0.189236 0.054348 0.076389
0 0.515097 0.362847 0.054348 0.076389
0 0.437802 0.276042 0.054348 0.076389
0 0.656401 0.189236 0.054348 0.076389
0 0.107488 0.452257 0.057971 0.078125
0 0.039855 0.452257 0.065217 0.078125
0 0.577899 0.362847 0.054348 0.076389
0 0.808575 0.275174 0.054348 0.074653
0 0.235507 0.549479 0.057971 0.092014
0 0.312802 0.276042 0.055556 0.076389
0 0.250000 0.276910 0.057971 0.078125
0 0.779589 0.188368 0.054348 0.074653
0 0.328502 0.363715 0.055556 0.074653
0 0.423309 0.546875 0.307971 0.093750
0 0.475242 0.332465 0.948068 0.592014
0 0.471014 0.190104 0.055556 0.078125
0 0.762681 0.362847 0.054348 0.076389
0 0.094203 0.188368 0.055556 0.078125
0 0.139493 0.364583 0.056763 0.076389
0 0.845411 0.447917 0.159420 0.076389
0 0.408213 0.189236 0.055556 0.076389
0 0.390700 0.364583 0.054348 0.076389
0 0.746981 0.276042 0.054348 0.076389
0 0.220411 0.189236 0.056763 0.076389
0 0.484903 0.451389 0.056763 0.076389
0 0.202295 0.364583 0.056763 0.076389
0 0.732488 0.448785 0.056763 0.074653
0 0.671498 0.450521 0.055556 0.074653
0 0.422705 0.451389 0.057971 0.076389
0 0.283816 0.188368 0.055556 0.078125
0 0.824275 0.362847 0.054348 0.076389
0 0.158213 0.187500 0.057971 0.076389
0 0.623188 0.276042 0.055556 0.076389
0 0.297705 0.451389 0.056763 0.076389
0 0.562198 0.276042 0.054348 0.076389
0 0.034420 0.187500 0.049517 0.076389
0 0.185990 0.276042 0.055556 0.076389
0 0.546498 0.450521 0.056763 0.078125
0 0.679348 0.546007 0.056763 0.092014
0 0.056763 0.363715 0.096618 0.078125
0 0.614130 0.545139 0.064010 0.090278
0 0.265700 0.364583 0.055556 0.076389
0 0.234300 0.452257 0.055556 0.078125
0 0.170894 0.452257 0.056763 0.078125
0 0.608696 0.451389 0.055556 0.076389
0 0.375000 0.276042 0.054348 0.076389
0 0.452899 0.364583 0.055556 0.076389
0 0.685386 0.276042 0.054348 0.076389
0 0.499396 0.276042 0.054348 0.076389
0 0.881643 0.317708 0.077295 0.163194
0 0.867754 0.188368 0.105072 0.078125
0 0.038043 0.546875 0.066425 0.093750
0 0.359903 0.451389 0.055556 0.076389
0 0.533213 0.189236 0.054348 0.076389
0 0.345411 0.189236 0.055556 0.076389
0 0.594807 0.189236 0.054348 0.076389
0 0.700483 0.362847 0.055556 0.076389
0 0.123188 0.276042 0.057971 0.076389
0 0.639493 0.362847 0.054348 0.076389
