0 0.680469 0.424706 0.048438 0.065882
0 0.523047 0.421765 0.047656 0.067059
0 0.433984 0.272941 0.046094 0.063529
0 0.225781 0.266471 0.048438 0.064706
0 0.513281 0.205294 0.045312 0.062353
0 0.839453 0.214118 0.086719 0.061176
0 0.157031 0.191765 0.042188 0.063529
0 0.733203 0.426471 0.049219 0.064706
0 0.287891 0.340588 0.047656 0.064706
0 0.632812 0.505882 0.054688 0.080000
0 0.600781 0.350000 0.046875 0.064706
0 0.626953 0.423529 0.047656 0.065882
0 0.206250 0.193529 0.046875 0.062353
0 0.536719 0.276471 0.045312 0.063529
0 0.614844 0.207647 0.045312 0.062353
0 0.638281 0.278824 0.046875 0.063529
0 0.417578 0.418235 0.047656 0.067059
0 0.469531 0.501765 0.262500 0.083529
0 0.689453 0.280588 0.046094 0.062353
0 0.330469 0.268824 0.048438 0.064706
0 0.309375 0.198235 0.046875 0.062353
0 0.563672 0.206471 0.044531 0.062353
0 0.164453 0.263529 0.066406 0.065882
0 0.574609 0.422941 0.047656 0.067059
0 0.340625 0.342353 0.046875 0.065882
0 0.485547 0.275294 0.046094 0.063529
0 0.497266 0.347647 0.046094 0.064706
0 0.360938 0.199412 0.045312 0.062353
0 0.257422 0.414118 0.049219 0.068235
0 0.587500 0.277647 0.045312 0.063529
0 0.664844 0.209412 0.045312 0.061176
0 0.470313 0.420588 0.048438 0.067059
0 0.382812 0.271765 0.046875 0.063529
0 0.311328 0.414706 0.047656 0.067059
0 0.505859 0.334706 0.822656 0.502353
0 0.652734 0.351176 0.046094 0.064706
0 0.688672 0.507647 0.049219 0.081176
0 0.715625 0.210000 0.045312 0.062353
0 0.741406 0.282353 0.046875 0.063529
0 0.165625 0.335882 0.081250 0.067059
0 0.146094 0.410588 0.056250 0.068235
0 0.828516 0.429412 0.133594 0.068235
0 0.234766 0.338824 0.047656 0.065882
0 0.792578 0.281765 0.046094 0.062353
0 0.856250 0.321176 0.068750 0.136471
0 0.308203 0.498235 0.050781 0.081176
0 0.548828 0.348235 0.046094 0.065882
0 0.257812 0.195882 0.046875 0.062353
0 0.411328 0.201765 0.046094 0.062353
0 0.203125 0.410588 0.050000 0.068235
0 0.808984 0.354118 0.046094 0.063529
0 0.139453 0.492353 0.060156 0.083529
0 0.278516 0.267647 0.047656 0.064706
0 0.393359 0.344118 0.046094 0.064706
0 0.766797 0.211765 0.044531 0.061176
0 0.444922 0.345882 0.046094 0.065882
0 0.757422 0.353529 0.047656 0.064706
0 0.704688 0.352353 0.046875 0.064706
0 0.463281 0.203529 0.045312 0.061176
0 0.364844 0.417059 0.048438 0.067059
