0 0.437158 0.529167 0.069217 0.100000
0 0.414390 0.211806 0.067395 0.095833
0 0.589253 0.309028 0.067395 0.095833
0 0.342441 0.214583 0.067395 0.095833
0 0.509563 0.526389 0.068306 0.100000
0 0.732240 0.302083 0.069217 0.098611
0 0.302368 0.320833 0.067395 0.097222
0 0.220856 0.537500 0.068306 0.100000
0 0.057832 0.226389 0.066485 0.097222
0 0.688069 0.411806 0.068306 0.098611
0 0.660291 0.305556 0.069217 0.097222
0 0.445811 0.314583 0.068306 0.098611
0 0.293260 0.535417 0.069217 0.098611
0 0.431239 0.638889 0.372495 0.105556
0 0.948543 0.346528 0.084699 0.206944
0 0.209927 0.647222 0.068306 0.100000
0 0.653916 0.629167 0.069217 0.100000
0 0.760929 0.406944 0.070128 0.100000
0 0.800546 0.513889 0.071038 0.097222
0 0.471311 0.419444 0.068306 0.097222
0 0.020947 0.548611 0.040073 0.100000
0 0.025046 0.334028 0.048270 0.098611
0 0.231330 0.325000 0.069217 0.097222
0 0.271858 0.217361 0.066485 0.095833
0 0.880692 0.512500 0.081967 0.100000
0 0.516849 0.311111 0.066485 0.100000
0 0.728142 0.515972 0.070128 0.098611
0 0.901184 0.401389 0.059199 0.100000
0 0.654372 0.519444 0.070128 0.100000
0 0.015483 0.229861 0.029144 0.095833
0 0.872951 0.295833 0.057377 0.097222
0 0.255920 0.429167 0.067395 0.097222
0 0.087887 0.331250 0.070128 0.098611
0 0.076503 0.544444 0.069217 0.100000
0 0.111566 0.435417 0.068306 0.098611
0 0.616120 0.413194 0.068306 0.098611
0 0.556011 0.206944 0.066485 0.094444
0 0.727231 0.626389 0.070128 0.100000
0 0.148907 0.540972 0.068306 0.098611
0 0.037796 0.438889 0.073770 0.100000
0 0.485883 0.209028 0.066485 0.095833
0 0.805556 0.298611 0.070128 0.100000
0 0.128871 0.223611 0.068306 0.097222
0 0.018215 0.656944 0.034608 0.100000
0 0.326958 0.426389 0.067395 0.097222
0 0.159381 0.327083 0.067395 0.098611
0 0.500911 0.402083 1.000000 0.668056
0 0.183515 0.432639 0.068306 0.095833
0 0.543260 0.415972 0.068306 0.098611
0 0.373862 0.317361 0.066485 0.095833
0 0.770947 0.195139 0.070128 0.098611
0 0.833789 0.404861 0.070128 0.098611
0 0.627505 0.202778 0.067395 0.097222
0 0.365209 0.531944 0.069217 0.100000
0 0.398907 0.421528 0.067395 0.098611
0 0.842896 0.190972 0.066485 0.098611
0 0.581967 0.522917 0.069217 0.101389
0 0.930783 0.188889 0.098361 0.100000
0 0.199909 0.219444 0.068306 0.097222
0 0.698998 0.199306 0.068306 0.098611
