0 0.207995 0.416065 0.050136 0.063177
0 0.312331 0.416065 0.050136 0.063177
0 0.067073 0.280686 0.044715 0.063177
0 0.441734 0.484657 0.048780 0.063177
0 0.635501 0.281588 0.048780 0.064982
0 0.601626 0.553249 0.048780 0.063177
0 0.071816 0.552347 0.062331 0.064982
0 0.116531 0.280686 0.048780 0.063177
0 0.757453 0.280686 0.081301 0.066787
0 0.156504 0.416065 0.050136 0.063177
0 0.726287 0.416968 0.048780 0.064982
0 0.531843 0.282491 0.047425 0.063177
0 0.221545 0.280686 0.050136 0.063177
0 0.295393 0.350181 0.051491 0.064982
0 0.168699 0.280686 0.050136 0.063177
0 0.191057 0.348375 0.051491 0.064982
0 0.234417 0.483755 0.048780 0.064982
0 0.494580 0.396209 0.924119 0.409747
0 0.182927 0.483755 0.051491 0.064982
0 0.450542 0.350181 0.047425 0.064982
0 0.543360 0.483755 0.048780 0.064982
0 0.338753 0.484657 0.048780 0.063177
0 0.363821 0.416968 0.050136 0.064982
0 0.138889 0.348375 0.052846 0.064982
0 0.077913 0.348375 0.066396 0.064982
0 0.622629 0.418773 0.050136 0.064982
0 0.501355 0.350181 0.048780 0.064982
0 0.415989 0.417870 0.048780 0.063177
0 0.583333 0.281588 0.047425 0.064982
0 0.399729 0.350181 0.048780 0.064982
0 0.390244 0.483755 0.048780 0.064982
0 0.260163 0.416968 0.051491 0.064982
0 0.605014 0.350181 0.050136 0.064982
0 0.072493 0.483755 0.060976 0.064982
0 0.429539 0.282491 0.048780 0.063177
0 0.491870 0.485560 0.048780 0.064982
0 0.273713 0.280686 0.048780 0.063177
0 0.287263 0.483755 0.051491 0.064982
0 0.480352 0.282491 0.047425 0.063177
0 0.570461 0.416968 0.048780 0.064982
0 0.736450 0.484657 0.120596 0.063177
0 0.324526 0.281588 0.050136 0.064982
0 0.235095 0.553249 0.050136 0.063177
0 0.709350 0.348375 0.050136 0.064982
0 0.347561 0.350181 0.050136 0.064982
0 0.087398 0.416065 0.085366 0.063177
0 0.767615 0.384477 0.058266 0.133574
0 0.466802 0.416968 0.047425 0.064982
0 0.675474 0.416968 0.050136 0.064982
0 0.376694 0.281588 0.048780 0.064982
0 0.243225 0.348375 0.050136 0.064982
0 0.657182 0.349278 0.051491 0.066787
0 0.392276 0.551444 0.261518 0.063177
0 0.550136 0.551444 0.048780 0.063177
0 0.647696 0.484657 0.051491 0.063177
0 0.518970 0.416968 0.048780 0.064982
0 0.129404 0.483755 0.050136 0.064982
0 0.553523 0.350181 0.050136 0.064982
0 0.595528 0.484657 0.050136 0.063177
0 0.688347 0.280686 0.048780 0.063177
