0 0.644129 0.368190 0.041557 0.052724
0 0.166887 0.542619 0.051451 0.057118
0 0.542216 0.485062 0.042216 0.054482
0 0.369723 0.367750 0.041557 0.051845
0 0.702507 0.426186 0.042216 0.052724
0 0.451187 0.544376 0.228232 0.055360
0 0.288259 0.425747 0.042216 0.053603
0 0.278034 0.367311 0.041557 0.052724
0 0.449538 0.484622 0.042876 0.053603
0 0.212731 0.310633 0.040237 0.051845
0 0.712731 0.310633 0.040237 0.051845
0 0.311016 0.484622 0.041557 0.053603
0 0.734499 0.367750 0.041557 0.051845
0 0.348945 0.309754 0.040897 0.051845
0 0.485158 0.413445 0.706464 0.352373
0 0.461412 0.368190 0.041557 0.052724
0 0.531332 0.310633 0.041557 0.051845
0 0.643799 0.543937 0.043536 0.056239
0 0.242744 0.425308 0.040897 0.052724
0 0.168536 0.482865 0.050792 0.053603
0 0.679420 0.483743 0.042216 0.051845
0 0.576847 0.310633 0.041557 0.051845
0 0.564974 0.425747 0.041557 0.053603
0 0.323879 0.367750 0.042216 0.051845
0 0.763522 0.483743 0.118074 0.053603
0 0.518799 0.425747 0.041557 0.053603
0 0.181398 0.424429 0.072559 0.052724
0 0.593668 0.544376 0.051451 0.055360
0 0.426451 0.426186 0.041557 0.052724
0 0.403694 0.484622 0.042216 0.053603
0 0.790567 0.397188 0.062665 0.110721
0 0.265501 0.484622 0.041557 0.053603
0 0.356860 0.484622 0.042216 0.053603
0 0.667216 0.310633 0.040237 0.051845
0 0.472625 0.426186 0.041557 0.052724
0 0.439974 0.310633 0.040897 0.051845
0 0.334103 0.425747 0.041557 0.053603
0 0.506926 0.368190 0.041557 0.052724
0 0.587731 0.484183 0.042216 0.052724
0 0.218997 0.483743 0.042216 0.053603
0 0.415237 0.367750 0.041557 0.051845
0 0.167546 0.309315 0.038259 0.050967
0 0.622361 0.310193 0.041557 0.052724
0 0.380607 0.426186 0.042216 0.052724
0 0.232190 0.367750 0.042216 0.051845
0 0.177111 0.366432 0.060026 0.052724
0 0.310356 0.544376 0.042876 0.055360
0 0.656003 0.426186 0.041557 0.052724
0 0.610818 0.425747 0.040897 0.053603
0 0.779354 0.310633 0.081135 0.051845
0 0.633905 0.483743 0.042216 0.051845
0 0.496042 0.484622 0.042216 0.053603
0 0.747361 0.425308 0.040897 0.052724
0 0.303100 0.310633 0.041557 0.051845
0 0.486478 0.311072 0.041557 0.052724
0 0.394129 0.310633 0.041557 0.051845
0 0.258245 0.310193 0.041557 0.050967
0 0.552770 0.367750 0.040897 0.051845
0 0.597955 0.368190 0.041557 0.052724
0 0.689974 0.368190 0.040897 0.052724
