0 0.288642 0.232582 0.052693 0.075820
0 0.610656 0.312500 0.055035 0.075820
0 0.298595 0.486680 0.056206 0.079918
0 0.346604 0.232582 0.053864 0.075820
0 0.748244 0.394467 0.053864 0.079918
0 0.433841 0.314549 0.052693 0.075820
0 0.064988 0.314549 0.076112 0.079918
0 0.467799 0.390369 0.930913 0.543033
0 0.069672 0.400615 0.092506 0.079918
0 0.136417 0.315574 0.055035 0.077869
0 0.861241 0.351434 0.083138 0.161885
0 0.509368 0.398566 0.053864 0.079918
0 0.629391 0.396516 0.052693 0.079918
0 0.195550 0.314549 0.053864 0.079918
0 0.374122 0.315574 0.052693 0.077869
0 0.787471 0.309426 0.055035 0.077869
0 0.610070 0.578893 0.063232 0.096311
0 0.581967 0.230533 0.053864 0.075820
0 0.255855 0.315574 0.055035 0.077869
0 0.831382 0.481557 0.156909 0.081967
0 0.405738 0.232582 0.052693 0.075820
0 0.755269 0.229508 0.051522 0.073770
0 0.111827 0.232582 0.052693 0.075820
0 0.838407 0.229508 0.100703 0.073770
0 0.662178 0.482582 0.055035 0.079918
0 0.049180 0.488730 0.063232 0.084016
0 0.170960 0.232582 0.053864 0.075820
0 0.669789 0.311475 0.053864 0.077869
0 0.465457 0.232582 0.052693 0.075820
0 0.045082 0.586066 0.066745 0.098361
0 0.449649 0.399590 0.053864 0.077869
0 0.679157 0.582992 0.063232 0.096311
0 0.689110 0.395492 0.055035 0.077869
0 0.176230 0.487705 0.055035 0.081967
0 0.728337 0.310451 0.053864 0.075820
0 0.552108 0.314549 0.052693 0.075820
0 0.569087 0.396516 0.053864 0.079918
0 0.541569 0.484631 0.055035 0.084016
0 0.329625 0.399590 0.052693 0.077869
0 0.522834 0.231557 0.052693 0.077869
0 0.114169 0.487705 0.057377 0.081967
0 0.315574 0.315574 0.052693 0.077869
0 0.807377 0.393443 0.055035 0.077869
0 0.269321 0.400615 0.053864 0.079918
0 0.638759 0.230533 0.052693 0.075820
0 0.230094 0.232582 0.055035 0.075820
0 0.148126 0.400615 0.055035 0.079918
0 0.359485 0.485656 0.053864 0.081967
0 0.697307 0.229508 0.052693 0.073770
0 0.420960 0.581967 0.305621 0.102459
0 0.209016 0.399590 0.055035 0.077869
0 0.480679 0.484631 0.055035 0.079918
0 0.388759 0.399590 0.053864 0.077869
0 0.493560 0.313525 0.052693 0.077869
0 0.722482 0.481557 0.056206 0.081967
0 0.601874 0.483607 0.056206 0.081967
0 0.055621 0.232582 0.045667 0.075820
0 0.238290 0.487705 0.055035 0.081967
0 0.420375 0.485656 0.056206 0.081967
0 0.235948 0.582992 0.057377 0.096311
