0 0.558564 0.122796 0.036524 0.036524
0 0.311713 0.736776 0.039043 0.037783
0 0.306045 0.616499 0.037783 0.036524
0 0.616499 0.780856 0.049118 0.037783
0 0.704660 0.163728 0.039043 0.037783
0 0.377834 0.202771 0.037783 0.037783
0 0.390428 0.121537 0.037783 0.036524
0 0.225441 0.738035 0.047859 0.037783
0 0.662469 0.163728 0.037783 0.037783
0 0.399244 0.243073 0.037783 0.037783
0 0.578086 0.163098 0.037783 0.036524
0 0.663098 0.779597 0.039043 0.037783
0 0.483627 0.243703 0.037783 0.036524
0 0.536524 0.163728 0.037783 0.037783
0 0.590680 0.205919 0.037783 0.036524
0 0.672544 0.203401 0.037783 0.036524
0 0.730479 0.615869 0.037783 0.037783
0 0.452141 0.163098 0.037783 0.036524
0 0.603904 0.616499 0.039043 0.036524
0 0.774559 0.244332 0.110831 0.037783
0 0.357053 0.284635 0.039043 0.037783
0 0.486146 0.288413 0.206549 0.037783
0 0.515113 0.192695 0.657431 0.249370
0 0.630353 0.203401 0.036524 0.036524
0 0.481738 0.736776 0.039043 0.037783
0 0.418136 0.695844 0.037783 0.036524
0 0.397355 0.736146 0.039043 0.039043
0 0.306675 0.121537 0.039043 0.036524
0 0.642317 0.122166 0.037783 0.037783
0 0.271411 0.243073 0.039043 0.037783
0 0.354534 0.778338 0.039043 0.037783
0 0.792191 0.616499 0.078086 0.036524
0 0.348237 0.121537 0.039043 0.036524
0 0.462217 0.203401 0.037783 0.036524
0 0.622796 0.658690 0.039043 0.037783
0 0.751259 0.657431 0.039043 0.037783
0 0.482368 0.777708 0.209068 0.039043
0 0.494962 0.163728 0.037783 0.037783
0 0.613980 0.284635 0.046599 0.037783
0 0.442695 0.739295 0.039043 0.037783
0 0.561083 0.617758 0.039043 0.036524
0 0.515743 0.683879 0.663728 0.256927
0 0.263224 0.121537 0.037783 0.036524
0 0.220403 0.120277 0.037783 0.036524
0 0.335642 0.697733 0.039043 0.037783
0 0.292821 0.697733 0.039043 0.037783
0 0.284005 0.657431 0.039043 0.037783
0 0.433249 0.616499 0.037783 0.036524
0 0.282746 0.162469 0.039043 0.037783
0 0.367128 0.657431 0.039043 0.037783
0 0.694584 0.736146 0.039043 0.036524
0 0.673174 0.695214 0.039043 0.037783
0 0.774559 0.737406 0.110831 0.041562
0 0.336272 0.202771 0.037783 0.037783
0 0.633501 0.697733 0.037783 0.037783
0 0.367758 0.162469 0.037783 0.037783
0 0.761965 0.696474 0.040302 0.037783
0 0.517003 0.122796 0.036524 0.036524
0 0.590680 0.697733 0.037783 0.037783
0 0.519521 0.616499 0.039043 0.036524
0 0.727960 0.122796 0.037783 0.036524
0 0.547859 0.698992 0.037783 0.037783
0 0.442065 0.243703 0.037783 0.036524
0 0.410579 0.163098 0.037783 0.036524
0 0.663098 0.654912 0.039043 0.037783
0 0.474811 0.122796 0.037783 0.036524
0 0.609572 0.735516 0.037783 0.037783
0 0.708438 0.656171 0.039043 0.037783
0 0.538413 0.658690 0.039043 0.037783
0 0.689547 0.615869 0.039043 0.037783
0 0.495592 0.657431 0.039043 0.037783
0 0.716625 0.695214 0.040302 0.037783
0 0.390428 0.616499 0.037783 0.036524
0 0.646725 0.615869 0.039043 0.037783
0 0.263224 0.616499 0.037783 0.036524
0 0.357683 0.243073 0.037783 0.037783
0 0.452771 0.657431 0.039043 0.037783
0 0.693955 0.243703 0.037783 0.036524
0 0.524559 0.736776 0.039043 0.037783
0 0.354534 0.736146 0.039043 0.039043
0 0.235516 0.697103 0.068010 0.039043
0 0.460957 0.695214 0.037783 0.037783
0 0.758186 0.203401 0.037783 0.036524
0 0.375315 0.695214 0.037783 0.037783
0 0.580605 0.658690 0.037783 0.037783
0 0.476700 0.617758 0.039043 0.036524
0 0.292821 0.202141 0.039043 0.036524
0 0.792191 0.122166 0.075567 0.035264
0 0.324937 0.161839 0.037783 0.036524
0 0.226071 0.286524 0.044081 0.036524
0 0.349496 0.616499 0.039043 0.036524
0 0.619647 0.163098 0.037783 0.036524
0 0.567380 0.244332 0.036524 0.037783
0 0.326196 0.656171 0.037783 0.037783
0 0.231108 0.656171 0.056675 0.037783
0 0.505668 0.205919 0.036524 0.036524
0 0.609572 0.243703 0.037783 0.036524
0 0.408690 0.656171 0.039043 0.037783
0 0.525189 0.243703 0.037783 0.036524
0 0.566121 0.736776 0.039043 0.037783
0 0.802897 0.183879 0.059194 0.080605
0 0.314861 0.243703 0.037783 0.036524
0 0.803526 0.677582 0.057935 0.080605
0 0.423174 0.204660 0.037783 0.036524
0 0.219773 0.778338 0.049118 0.040302
0 0.685139 0.122796 0.037783 0.036524
0 0.663098 0.288413 0.036524 0.037783
0 0.234887 0.202141 0.066751 0.036524
0 0.221662 0.243073 0.050378 0.037783
0 0.432620 0.122166 0.036524 0.035264
0 0.221662 0.616499 0.035264 0.036524
0 0.653023 0.735516 0.039043 0.037783
0 0.750000 0.166247 0.039043 0.037783
0 0.715995 0.204030 0.039043 0.037783
0 0.268892 0.735516 0.039043 0.037783
0 0.600756 0.122796 0.037783 0.036524
0 0.506297 0.697733 0.037783 0.037783
0 0.549748 0.204660 0.036524 0.036524
0 0.229849 0.160579 0.056675 0.036524
0 0.651763 0.243703 0.039043 0.036524
