0 0.408750 0.598125 0.056250 0.047500
0 0.281562 0.598125 0.058125 0.048750
0 0.632812 0.654687 0.059375 0.048125
0 0.330000 0.544063 0.057500 0.048125
0 0.715000 0.715313 0.060000 0.059375
0 0.729688 0.601250 0.059375 0.048750
0 0.647500 0.545625 0.058750 0.048750
0 0.201250 0.543125 0.057500 0.047500
0 0.907813 0.491250 0.114375 0.050000
0 0.618437 0.491250 0.058125 0.048750
0 0.299687 0.489375 0.056875 0.047500
0 0.713125 0.545625 0.058750 0.048750
0 0.553750 0.491563 0.057500 0.048125
0 0.505000 0.653438 0.057500 0.048125
0 0.393437 0.544063 0.055625 0.048125
0 0.456875 0.544375 0.056250 0.048750
0 0.764062 0.655937 0.060625 0.048125
0 0.814375 0.490625 0.057500 0.048750
0 0.153750 0.596875 0.056250 0.047500
0 0.472187 0.598750 0.056875 0.047500
0 0.490938 0.490938 0.056875 0.048125
0 0.455937 0.712187 0.314375 0.059375
0 0.440937 0.652500 0.058125 0.048750
0 0.494688 0.579375 0.983125 0.391250
0 0.109063 0.488750 0.055625 0.047500
0 0.313750 0.652188 0.058750 0.048125
0 0.055313 0.650312 0.065625 0.049375
0 0.049063 0.488125 0.049375 0.046250
0 0.260000 0.710625 0.063750 0.058750
0 0.249688 0.651875 0.056875 0.048750
0 0.138125 0.543438 0.058750 0.048125
0 0.664687 0.600625 0.058125 0.048750
0 0.698125 0.655312 0.058750 0.048125
0 0.172813 0.489375 0.058125 0.047500
0 0.600313 0.599688 0.056875 0.049375
0 0.377500 0.652500 0.057500 0.048750
0 0.427187 0.490312 0.056875 0.048125
0 0.683125 0.490938 0.058750 0.049375
0 0.584063 0.545000 0.056875 0.047500
0 0.778750 0.546562 0.060000 0.049375
0 0.568438 0.654375 0.058125 0.048750
0 0.519687 0.545000 0.056875 0.048750
0 0.862500 0.601875 0.060000 0.050000
0 0.053750 0.708750 0.063750 0.058750
0 0.796250 0.601250 0.060000 0.048750
0 0.063437 0.541875 0.079375 0.047500
0 0.185625 0.651563 0.057500 0.048125
0 0.535937 0.599375 0.055625 0.048750
0 0.265937 0.544063 0.059375 0.048125
0 0.924687 0.574688 0.083125 0.106875
0 0.345625 0.598125 0.056250 0.047500
0 0.121875 0.651250 0.058750 0.048750
0 0.845313 0.546562 0.059375 0.049375
0 0.362812 0.490312 0.056875 0.048125
0 0.748125 0.490938 0.060000 0.050625
0 0.235625 0.489375 0.058750 0.047500
0 0.883750 0.657188 0.168750 0.050625
0 0.217500 0.597500 0.057500 0.047500
0 0.071563 0.595938 0.096875 0.048125
