0 0.733437 0.641667 0.056875 0.056667
0 0.372812 0.692917 0.185625 0.062500
0 0.215625 0.618333 0.043750 0.056667
0 0.599063 0.569167 0.044375 0.056667
0 0.420312 0.626667 0.044375 0.056667
0 0.595313 0.702083 0.045625 0.057500
0 0.663750 0.442083 0.043750 0.054167
0 0.267188 0.620417 0.044375 0.055833
0 0.613750 0.440833 0.043750 0.055000
0 0.521563 0.631667 0.044375 0.056667
0 0.548750 0.566667 0.043750 0.056667
0 0.364687 0.428333 0.044375 0.055000
0 0.487500 0.497917 0.042500 0.054167
0 0.645938 0.571250 0.035625 0.055833
0 0.061875 0.412917 0.038750 0.054167
0 0.415312 0.430833 0.044375 0.055000
0 0.313437 0.425417 0.044375 0.055833
0 0.687813 0.573333 0.035625 0.056667
0 0.110312 0.415000 0.043125 0.055000
0 0.564375 0.437917 0.045000 0.055833
0 0.498125 0.563750 0.043750 0.057500
0 0.572812 0.633750 0.044375 0.055833
0 0.492500 0.697917 0.045000 0.057500
0 0.192812 0.551250 0.043125 0.055833
0 0.634062 0.505833 0.035625 0.056667
0 0.537188 0.501250 0.044375 0.055833
0 0.624062 0.636250 0.044375 0.055833
0 0.234063 0.487083 0.044375 0.055833
0 0.318750 0.623333 0.043750 0.056667
0 0.465000 0.433333 0.043750 0.055000
0 0.244062 0.553333 0.043125 0.056667
0 0.726562 0.445000 0.066875 0.055000
0 0.730313 0.542500 0.056875 0.125000
0 0.262813 0.422500 0.043125 0.055000
0 0.470938 0.629167 0.045625 0.058333
0 0.587500 0.503333 0.045000 0.055000
0 0.163438 0.615833 0.043125 0.055000
0 0.083125 0.612500 0.105000 0.058333
0 0.141563 0.547917 0.043125 0.055833
0 0.447813 0.561250 0.043125 0.057500
0 0.131875 0.482083 0.045000 0.055833
0 0.069687 0.478750 0.065625 0.055833
0 0.675312 0.507083 0.035625 0.057500
0 0.211875 0.420417 0.045000 0.055833
0 0.346562 0.557083 0.043125 0.055833
0 0.387500 0.494167 0.043750 0.056667
0 0.514375 0.435833 0.045000 0.055000
0 0.397813 0.560000 0.044375 0.056667
0 0.285000 0.489583 0.043750 0.055833
0 0.183125 0.484167 0.043750 0.056667
0 0.160625 0.417500 0.045000 0.055000
0 0.369688 0.624167 0.045625 0.056667
0 0.295625 0.555000 0.043750 0.056667
0 0.238125 0.687500 0.070000 0.058333
0 0.673438 0.638750 0.041875 0.057500
0 0.072813 0.545417 0.078125 0.055833
0 0.336250 0.491250 0.042500 0.055833
0 0.478750 0.531667 0.935000 0.506667
0 0.059062 0.678750 0.069375 0.059167
0 0.437500 0.496667 0.043750 0.056667
