0 0.637911 0.272727 0.069249 0.084639
0 0.430164 0.524295 0.066901 0.083072
0 0.639085 0.521160 0.071596 0.083072
0 0.567488 0.275862 0.069249 0.084639
0 0.870892 0.268025 0.110329 0.084639
0 0.461854 0.442006 0.066901 0.081505
0 0.373239 0.362853 0.068075 0.083072
0 0.153169 0.530564 0.066901 0.083072
0 0.304577 0.363636 0.066901 0.081505
0 0.325704 0.443574 0.066901 0.081505
0 0.650822 0.355799 0.069249 0.084639
0 0.177817 0.616771 0.073944 0.092476
0 0.025822 0.531348 0.049296 0.084639
0 0.580399 0.610502 0.073944 0.095611
0 0.033451 0.367555 0.064554 0.083072
0 0.394366 0.443574 0.068075 0.081505
0 0.579812 0.357367 0.070423 0.084639
0 0.532277 0.441223 0.069249 0.083072
0 0.018779 0.532132 0.035211 0.083072
0 0.602113 0.440439 0.070423 0.084639
0 0.779930 0.268809 0.069249 0.083072
0 0.511150 0.358150 0.066901 0.083072
0 0.842136 0.518809 0.184272 0.084639
0 0.744131 0.437304 0.072770 0.084639
0 0.187207 0.447492 0.069249 0.083072
0 0.022300 0.618339 0.042254 0.092476
0 0.117958 0.448276 0.066901 0.081505
0 0.362089 0.280564 0.069249 0.084639
0 0.711854 0.520376 0.071596 0.084639
0 0.498826 0.522727 0.068075 0.083072
0 0.223005 0.528213 0.070423 0.084639
0 0.379108 0.613636 0.328638 0.095611
0 0.430164 0.279781 0.066901 0.083072
0 0.257629 0.446708 0.066901 0.081505
0 0.723592 0.357367 0.069249 0.084639
0 0.672535 0.438088 0.070423 0.086207
0 0.498239 0.277429 0.066901 0.084639
0 0.156103 0.282915 0.065728 0.083072
0 0.051643 0.449060 0.065728 0.083072
0 0.293427 0.527429 0.070423 0.083072
0 0.224765 0.282132 0.066901 0.081505
0 0.471244 0.420846 0.940141 0.525078
0 0.021127 0.369122 0.039906 0.083072
0 0.292840 0.281348 0.069249 0.083072
0 0.236502 0.365204 0.069249 0.081505
0 0.098005 0.365987 0.066901 0.083072
0 0.659038 0.612069 0.080986 0.095611
0 0.360915 0.525862 0.069249 0.083072
0 0.168427 0.365987 0.071596 0.083072
0 0.025822 0.449060 0.049296 0.083072
0 0.027582 0.286050 0.052817 0.083072
0 0.880282 0.394984 0.096244 0.169279
0 0.440728 0.360502 0.066901 0.084639
0 0.568075 0.521160 0.070423 0.083072
0 0.085094 0.530564 0.066901 0.083072
0 0.088615 0.285266 0.066901 0.081505
