0 0.580330 0.210064 0.061562 0.126198
0 0.310811 0.200479 0.066066 0.129393
0 0.644144 0.210064 0.061562 0.126198
0 0.362613 0.349840 0.066066 0.127796
0 0.530405 0.495208 0.065315 0.124601
0 0.644895 0.639776 0.063063 0.129393
0 0.380631 0.203674 0.067568 0.129393
0 0.816817 0.349840 0.060060 0.121406
0 0.564189 0.349840 0.062312 0.124601
0 0.725601 0.491214 0.060811 0.119808
0 0.933934 0.626997 0.133634 0.126198
0 0.028153 0.195687 0.054805 0.132588
0 0.787913 0.490415 0.062312 0.121406
0 0.054805 0.348243 0.108108 0.140575
0 0.227102 0.826677 0.075826 0.170927
0 0.512012 0.642971 0.067568 0.129393
0 0.218844 0.347444 0.068318 0.132588
0 0.168544 0.198882 0.068318 0.129393
0 0.448574 0.205272 0.065315 0.129393
0 0.755255 0.349042 0.060060 0.119808
0 0.521396 0.807508 0.337087 0.167732
0 0.302928 0.653355 0.069820 0.134185
0 0.707958 0.213259 0.061562 0.126198
0 0.105105 0.662141 0.175676 0.145367
0 0.498123 0.349840 0.063814 0.124601
0 0.373874 0.650160 0.070571 0.134185
0 0.251502 0.503195 0.070571 0.140575
0 0.444069 0.646965 0.066817 0.130990
0 0.393393 0.498403 0.067568 0.127796
0 0.835210 0.630990 0.062312 0.124601
0 0.239489 0.200479 0.067568 0.129393
0 0.291291 0.350639 0.069069 0.132588
0 0.692943 0.349840 0.063063 0.121406
0 0.431306 0.349840 0.063814 0.124601
0 0.094595 0.196486 0.069069 0.130990
0 0.515766 0.208466 0.063063 0.126198
0 0.829580 0.213259 0.058559 0.119808
0 0.500751 0.501597 1.000000 1.000000
0 0.152027 0.833866 0.077327 0.172524
0 0.596847 0.492812 0.063063 0.126198
0 0.178303 0.503195 0.071321 0.140575
0 0.936562 0.350639 0.059309 0.123003
0 0.800676 0.787540 0.065315 0.153355
0 0.462838 0.496006 0.066817 0.129393
0 0.579580 0.640575 0.064565 0.127796
0 0.145270 0.351438 0.072823 0.137380
0 0.773273 0.632588 0.063063 0.121406
0 0.661787 0.491214 0.062312 0.123003
0 0.877252 0.350639 0.060811 0.123003
0 0.709835 0.635783 0.063814 0.127796
0 0.071697 0.507188 0.134384 0.145367
0 0.903153 0.214058 0.087087 0.121406
0 0.323574 0.500000 0.070571 0.134185
0 0.230105 0.656550 0.069820 0.134185
0 0.629505 0.349840 0.060811 0.121406
0 0.848348 0.488019 0.061562 0.119808
0 0.768769 0.214058 0.060060 0.124601
0 0.931682 0.487220 0.106607 0.121406
