0 0.462012 0.434805 0.303901 0.056468
0 0.536448 0.255133 0.054415 0.054415
0 0.306468 0.315708 0.054415 0.052361
0 0.102669 0.316735 0.094456 0.052361
0 0.291581 0.256674 0.055441 0.053388
0 0.263347 0.198665 0.054415 0.052361
0 0.900411 0.196099 0.106776 0.051335
0 0.706879 0.371663 0.054415 0.051335
0 0.719199 0.432752 0.056468 0.054415
0 0.460472 0.374230 0.056468 0.054415
0 0.659138 0.254620 0.055441 0.053388
0 0.086242 0.375770 0.065708 0.051335
0 0.475873 0.256160 0.054415 0.054415
0 0.691992 0.196612 0.055441 0.052361
0 0.719713 0.255133 0.053388 0.052361
0 0.202772 0.198665 0.054415 0.052361
0 0.780801 0.254107 0.054415 0.052361
0 0.368070 0.315708 0.054415 0.052361
0 0.429671 0.315195 0.054415 0.053388
0 0.447125 0.197639 0.054415 0.052361
0 0.215092 0.375257 0.054415 0.052361
0 0.812628 0.195585 0.052361 0.052361
0 0.797228 0.312628 0.054415 0.052361
0 0.614476 0.314168 0.054415 0.053388
0 0.414784 0.255647 0.055441 0.053388
0 0.583676 0.374230 0.056468 0.054415
0 0.277207 0.436345 0.055441 0.053388
0 0.569815 0.197125 0.053388 0.051335
0 0.552875 0.314682 0.054415 0.052361
0 0.751540 0.195585 0.053388 0.052361
0 0.229979 0.256674 0.053388 0.053388
0 0.598563 0.255133 0.053388 0.052361
0 0.276181 0.374743 0.055441 0.053388
0 0.509754 0.197639 0.054415 0.052361
0 0.324435 0.197639 0.053388 0.052361
0 0.491273 0.315195 0.054415 0.053388
0 0.916324 0.283881 0.079055 0.111910
0 0.644764 0.372177 0.055441 0.052361
0 0.169405 0.257700 0.055441 0.053388
0 0.736140 0.313655 0.053388 0.052361
0 0.385524 0.197639 0.054415 0.052361
0 0.767454 0.371663 0.054415 0.051335
0 0.675565 0.313655 0.053388 0.052361
0 0.337782 0.374743 0.055441 0.053388
0 0.840862 0.253593 0.053388 0.051335
0 0.630903 0.196612 0.054415 0.052361
0 0.878850 0.371150 0.156057 0.052361
0 0.244867 0.315708 0.054415 0.052361
0 0.094969 0.257700 0.079055 0.053388
0 0.085729 0.435832 0.068789 0.054415
0 0.153491 0.374743 0.054415 0.053388
0 0.183778 0.316222 0.053388 0.051335
0 0.506674 0.299795 0.939425 0.357290
0 0.652464 0.433265 0.066735 0.053388
0 0.141170 0.199179 0.052361 0.051335
0 0.081622 0.199179 0.050308 0.051335
0 0.353183 0.256674 0.055441 0.053388
0 0.399384 0.374743 0.055441 0.053388
0 0.856776 0.312628 0.052361 0.052361
0 0.522587 0.373717 0.055441 0.053388
