0 0.027505 0.505900 0.053045 0.081121
0 0.635069 0.835546 0.120825 0.089971
0 0.649312 0.630162 0.119843 0.086283
0 0.142927 0.813791 0.283890 0.102507
0 0.817780 0.440265 0.112967 0.081121
0 0.029470 0.604720 0.056974 0.085546
0 0.225933 0.516224 0.117878 0.084071
0 0.958743 0.743363 0.084479 0.089971
0 0.579568 0.728245 0.119843 0.086283
0 0.429764 0.428466 0.116896 0.081121
0 0.302063 0.424041 0.114931 0.081121
0 0.442043 0.724926 0.119843 0.087021
0 0.773576 0.633850 0.093320 0.086283
0 0.739194 0.533555 0.095285 0.084808
0 0.383104 0.620575 0.117878 0.087758
0 0.116405 0.610619 0.118861 0.085546
0 0.359037 0.825959 0.120825 0.088496
0 0.357073 0.519174 0.114931 0.082596
0 0.558448 0.432153 0.116896 0.082596
0 0.172888 0.419248 0.115914 0.081858
0 0.849705 0.537242 0.094303 0.084808
0 0.249018 0.614676 0.116896 0.086283
0 0.945972 0.447271 0.110020 0.084808
0 0.051081 0.415560 0.100196 0.081858
0 0.095776 0.512168 0.114931 0.083333
0 0.516699 0.625369 0.117878 0.087021
0 0.050098 0.707227 0.098232 0.087021
0 0.618861 0.528761 0.117878 0.084071
0 0.845285 0.738938 0.112967 0.089971
0 0.957269 0.592183 0.087426 0.188791
0 0.170432 0.713864 0.118861 0.088496
0 0.305010 0.719027 0.122790 0.088496
0 0.687132 0.436947 0.116896 0.081858
0 0.487230 0.525074 0.119843 0.084071
0 0.882613 0.637906 0.095285 0.087021
0 0.714637 0.733776 0.118861 0.087021
