0 0.474375 0.379583 0.055000 0.070833
0 0.069375 0.527500 0.070000 0.073333
0 0.815625 0.307500 0.053750 0.070000
0 0.394062 0.536667 0.055625 0.073333
0 0.569375 0.304583 0.055000 0.070833
0 0.064062 0.618750 0.073125 0.090833
0 0.735625 0.465833 0.056250 0.071667
0 0.077188 0.286250 0.053125 0.069167
0 0.364375 0.455417 0.056250 0.070833
0 0.288750 0.374167 0.056250 0.071667
0 0.087188 0.366250 0.081875 0.070833
0 0.264062 0.622917 0.058125 0.087500
0 0.412813 0.378750 0.054375 0.070833
0 0.163750 0.371250 0.057500 0.070833
0 0.201250 0.291667 0.056250 0.070000
0 0.239063 0.452083 0.055625 0.070833
0 0.691562 0.306250 0.055625 0.070833
0 0.920625 0.431250 0.083750 0.154167
0 0.226250 0.371667 0.056250 0.071667
0 0.753125 0.307500 0.055000 0.070000
0 0.267500 0.533333 0.056250 0.073333
0 0.767500 0.546667 0.057500 0.071667
0 0.262813 0.294167 0.056875 0.070000
0 0.630938 0.305833 0.055625 0.070000
0 0.579063 0.541667 0.055625 0.073333
0 0.641563 0.543750 0.055625 0.072500
0 0.204063 0.532083 0.058125 0.072500
0 0.549375 0.460000 0.055000 0.071667
0 0.611563 0.462917 0.055625 0.070833
0 0.508750 0.302917 0.055000 0.070833
0 0.861875 0.468750 0.055000 0.070833
0 0.331250 0.535417 0.056250 0.072500
0 0.138437 0.290000 0.055625 0.070000
0 0.517500 0.540417 0.056250 0.072500
0 0.455625 0.538750 0.057500 0.074167
0 0.447813 0.300417 0.054375 0.070833
0 0.657813 0.384583 0.055625 0.070833
0 0.140000 0.530000 0.057500 0.073333
0 0.453125 0.627083 0.310000 0.090833
0 0.500938 0.430833 0.989375 0.588333
0 0.705000 0.545000 0.056250 0.071667
0 0.385937 0.298333 0.055625 0.070000
0 0.844688 0.388333 0.055625 0.070000
0 0.426563 0.457500 0.054375 0.071667
0 0.884062 0.550000 0.164375 0.075000
0 0.782500 0.387500 0.056250 0.071667
0 0.720000 0.385833 0.056250 0.071667
0 0.799063 0.467500 0.055625 0.071667
0 0.647500 0.632500 0.070000 0.088333
0 0.351562 0.376250 0.055625 0.069167
0 0.487812 0.459583 0.055625 0.070833
0 0.716250 0.634583 0.058750 0.089167
0 0.535000 0.381667 0.055000 0.071667
0 0.091875 0.448750 0.102500 0.074167
0 0.301563 0.454167 0.055625 0.071667
0 0.904375 0.311250 0.108750 0.070833
0 0.596562 0.383333 0.054375 0.070000
0 0.175625 0.450000 0.056250 0.071667
0 0.673438 0.463750 0.055625 0.070833
0 0.325313 0.295417 0.054375 0.069167
