0 0.762153 0.646751 0.046528 0.069182
0 0.205556 0.401992 0.047222 0.068134
0 0.677778 0.726939 0.050000 0.072327
0 0.115625 0.559748 0.082639 0.069182
0 0.110764 0.479036 0.068750 0.067086
0 0.693056 0.404612 0.047222 0.067086
0 0.652431 0.644654 0.047917 0.067086
0 0.567014 0.724843 0.047917 0.072327
0 0.106597 0.721174 0.075694 0.069182
0 0.817361 0.404088 0.073611 0.070231
0 0.530556 0.404612 0.045833 0.067086
0 0.707986 0.645702 0.049306 0.069182
0 0.716319 0.484277 0.038194 0.069182
0 0.625000 0.563417 0.045833 0.068134
0 0.556944 0.483229 0.045833 0.067086
0 0.189583 0.560273 0.045833 0.068134
0 0.394444 0.482180 0.045833 0.069182
0 0.407292 0.561321 0.046528 0.068134
0 0.827083 0.648323 0.063889 0.070231
0 0.762153 0.484277 0.038194 0.069182
0 0.340278 0.482704 0.047222 0.070231
0 0.584375 0.404612 0.046528 0.067086
0 0.259722 0.403040 0.047222 0.070231
0 0.449306 0.483229 0.045833 0.069182
0 0.776736 0.565514 0.038194 0.070231
0 0.488889 0.642034 0.047222 0.068134
0 0.215972 0.641509 0.047222 0.069182
0 0.610764 0.483753 0.047917 0.068134
0 0.353125 0.560797 0.046528 0.069182
0 0.730556 0.564465 0.037500 0.068134
0 0.098264 0.400419 0.042361 0.067086
0 0.438889 0.722746 0.195833 0.072327
0 0.822917 0.525681 0.063889 0.154088
0 0.368056 0.403040 0.047222 0.068134
0 0.286111 0.482180 0.047222 0.071279
0 0.298611 0.561845 0.047222 0.071279
0 0.570486 0.563417 0.046528 0.068134
0 0.597569 0.643606 0.047917 0.069182
0 0.526042 0.527778 0.949306 0.604822
0 0.543056 0.644130 0.048611 0.070231
0 0.461806 0.561845 0.045833 0.067086
0 0.150347 0.400943 0.046528 0.068134
0 0.679167 0.564990 0.047222 0.069182
0 0.129861 0.640985 0.111111 0.070231
0 0.314236 0.402516 0.046528 0.069182
0 0.516667 0.562369 0.045833 0.068134
0 0.423264 0.404088 0.046528 0.068134
0 0.243750 0.560797 0.045833 0.069182
0 0.270833 0.640461 0.045833 0.069182
0 0.638194 0.405136 0.047222 0.068134
0 0.297917 0.722222 0.073611 0.071279
0 0.503125 0.484277 0.046528 0.069182
0 0.748611 0.404088 0.047222 0.068134
0 0.326042 0.641509 0.047917 0.069182
0 0.380208 0.640985 0.046528 0.068134
0 0.664931 0.483753 0.046528 0.068134
0 0.477083 0.404088 0.045833 0.068134
0 0.434722 0.641509 0.048611 0.069182
0 0.230903 0.480608 0.045139 0.070231
0 0.176736 0.481132 0.046528 0.069182
