0 0.578000 0.217730 0.054667 0.112057
0 0.338667 0.209220 0.058667 0.114894
0 0.634667 0.217730 0.054667 0.112057
0 0.384667 0.341844 0.058667 0.113475
0 0.533667 0.470922 0.058000 0.110638
0 0.635333 0.599291 0.056000 0.114894
0 0.400667 0.212057 0.060000 0.114894
0 0.788000 0.341844 0.053333 0.107801
0 0.563667 0.341844 0.055333 0.110638
0 0.707000 0.467376 0.054000 0.106383
0 0.893333 0.587943 0.121333 0.112057
0 0.080000 0.204965 0.064000 0.117730
0 0.762333 0.466667 0.055333 0.107801
0 0.108333 0.340426 0.102000 0.124823
0 0.264333 0.765248 0.067333 0.151773
0 0.517333 0.602128 0.060000 0.114894
0 0.257000 0.339716 0.060667 0.117730
0 0.212333 0.207801 0.060667 0.114894
0 0.461000 0.213475 0.058000 0.114894
0 0.733333 0.341135 0.053333 0.106383
0 0.525667 0.748227 0.299333 0.148936
0 0.331667 0.611348 0.062000 0.119149
0 0.691333 0.220567 0.054667 0.112057
0 0.156000 0.619149 0.156000 0.129078
0 0.505000 0.341844 0.056667 0.110638
0 0.394667 0.608511 0.062667 0.119149
0 0.286000 0.478014 0.062667 0.124823
0 0.457000 0.605674 0.059333 0.116312
0 0.412000 0.473759 0.060000 0.113475
0 0.804333 0.591489 0.055333 0.110638
0 0.275333 0.209220 0.060000 0.114894
0 0.321333 0.342553 0.061333 0.117730
0 0.678000 0.341844 0.056000 0.107801
0 0.445667 0.341844 0.056667 0.110638
0 0.146667 0.205674 0.061333 0.116312
0 0.520667 0.216312 0.056000 0.112057
0 0.799333 0.220567 0.052000 0.106383
0 0.500667 0.465957 0.985333 0.923404
0 0.197667 0.771631 0.068667 0.153191
0 0.592667 0.468794 0.056000 0.112057
0 0.221000 0.478014 0.063333 0.124823
0 0.894333 0.342553 0.052667 0.109220
0 0.773667 0.730496 0.058000 0.136170
0 0.473667 0.471631 0.059333 0.114894
0 0.577333 0.600000 0.057333 0.113475
0 0.191667 0.343262 0.064667 0.121986
0 0.749333 0.592908 0.056000 0.107801
0 0.650333 0.467376 0.055333 0.109220
0 0.841667 0.342553 0.054000 0.109220
0 0.693000 0.595745 0.056667 0.113475
0 0.126333 0.481560 0.119333 0.129078
0 0.864667 0.221277 0.077333 0.107801
0 0.350000 0.475177 0.062667 0.119149
0 0.267000 0.614184 0.062000 0.119149
0 0.621667 0.341844 0.054000 0.107801
0 0.816000 0.464539 0.054667 0.106383
0 0.745333 0.221277 0.053333 0.110638
0 0.890000 0.463830 0.094667 0.107801
