0 0.120907 0.532222 0.080605 0.082222
0 0.650504 0.336667 0.049118 0.077778
0 0.761335 0.332222 0.049118 0.077778
0 0.239295 0.435556 0.047859 0.080000
0 0.757557 0.517778 0.051637 0.084444
0 0.326196 0.344444 0.045340 0.075556
0 0.492443 0.508889 0.906801 0.662222
0 0.864610 0.468889 0.081864 0.182222
0 0.329345 0.623333 0.049118 0.086667
0 0.403652 0.431111 0.046599 0.080000
0 0.443325 0.620000 0.050378 0.088889
0 0.387280 0.621111 0.049118 0.086667
0 0.838791 0.328889 0.095718 0.080000
0 0.617128 0.616667 0.052897 0.086667
0 0.559194 0.618889 0.050378 0.091111
0 0.596348 0.337778 0.049118 0.075556
0 0.294081 0.434444 0.049118 0.082222
0 0.513854 0.431111 0.047859 0.080000
0 0.192695 0.530000 0.047859 0.082222
0 0.099496 0.628889 0.057935 0.088889
0 0.733627 0.614444 0.054156 0.086667
0 0.272040 0.623333 0.047859 0.086667
0 0.166877 0.351111 0.046599 0.075556
0 0.415617 0.523333 0.047859 0.082222
0 0.457179 0.731111 0.287154 0.115556
0 0.248111 0.528889 0.047859 0.084444
0 0.379723 0.344444 0.046599 0.075556
0 0.115239 0.353333 0.041562 0.075556
0 0.624685 0.426667 0.050378 0.080000
0 0.737406 0.423333 0.051637 0.082222
0 0.121537 0.438889 0.069270 0.082222
0 0.348866 0.433333 0.047859 0.080000
0 0.814861 0.515556 0.052897 0.084444
0 0.569899 0.428889 0.049118 0.080000
0 0.272670 0.346667 0.046599 0.075556
0 0.089421 0.737778 0.055416 0.111111
0 0.501259 0.620000 0.050378 0.088889
0 0.528967 0.521111 0.050378 0.082222
0 0.681360 0.424444 0.050378 0.080000
0 0.303526 0.527778 0.047859 0.082222
0 0.434509 0.342222 0.047859 0.075556
0 0.541562 0.338889 0.047859 0.077778
0 0.700252 0.517778 0.052897 0.084444
0 0.675693 0.614444 0.051637 0.086667
0 0.792821 0.421111 0.051637 0.082222
0 0.459698 0.431111 0.047859 0.080000
0 0.472922 0.523333 0.049118 0.082222
0 0.585642 0.520000 0.050378 0.084444
0 0.840680 0.612222 0.149874 0.091111
0 0.695844 0.726667 0.054156 0.111111
0 0.277078 0.732222 0.055416 0.108889
0 0.219773 0.347778 0.046599 0.073333
0 0.358942 0.525556 0.047859 0.082222
0 0.214736 0.625556 0.049118 0.086667
0 0.158060 0.626667 0.051637 0.088889
0 0.705919 0.333333 0.049118 0.075556
0 0.184509 0.438889 0.049118 0.082222
0 0.488665 0.341111 0.047859 0.077778
0 0.642947 0.520000 0.049118 0.084444
