0 0.342500 0.212042 0.045000 0.064572
0 0.617500 0.280105 0.047000 0.064572
0 0.351000 0.428447 0.048000 0.068063
0 0.392000 0.212042 0.046000 0.064572
0 0.735000 0.349913 0.046000 0.068063
0 0.466500 0.281850 0.045000 0.064572
0 0.151500 0.281850 0.065000 0.068063
0 0.495500 0.346422 0.795000 0.462478
0 0.155500 0.355148 0.079000 0.068063
0 0.212500 0.282723 0.047000 0.066318
0 0.831500 0.313264 0.071000 0.137871
0 0.531000 0.353403 0.046000 0.068063
0 0.633500 0.351658 0.045000 0.068063
0 0.263000 0.281850 0.046000 0.068063
0 0.415500 0.282723 0.045000 0.066318
0 0.768500 0.277487 0.047000 0.066318
0 0.617000 0.506981 0.054000 0.082024
0 0.593000 0.210297 0.046000 0.064572
0 0.314500 0.282723 0.047000 0.066318
0 0.806000 0.424084 0.134000 0.069808
0 0.442500 0.212042 0.045000 0.064572
0 0.741000 0.209424 0.044000 0.062827
0 0.191500 0.212042 0.045000 0.064572
0 0.812000 0.209424 0.086000 0.062827
0 0.661500 0.424956 0.047000 0.068063
0 0.138000 0.430192 0.054000 0.071553
0 0.242000 0.212042 0.046000 0.064572
0 0.668000 0.279232 0.046000 0.066318
0 0.493500 0.212042 0.045000 0.064572
0 0.134500 0.513089 0.057000 0.083770
0 0.480000 0.354276 0.046000 0.066318
0 0.676000 0.510471 0.054000 0.082024
0 0.684500 0.350785 0.047000 0.066318
0 0.246500 0.429319 0.047000 0.069808
0 0.718000 0.278360 0.046000 0.064572
0 0.567500 0.281850 0.045000 0.064572
0 0.582000 0.351658 0.046000 0.068063
0 0.558500 0.426702 0.047000 0.071553
0 0.377500 0.354276 0.045000 0.066318
0 0.542500 0.211169 0.045000 0.066318
0 0.193500 0.429319 0.049000 0.069808
0 0.365500 0.282723 0.045000 0.066318
0 0.785500 0.349040 0.047000 0.066318
0 0.326000 0.355148 0.046000 0.068063
0 0.641500 0.210297 0.045000 0.064572
0 0.292500 0.212042 0.047000 0.064572
0 0.222500 0.355148 0.047000 0.068063
0 0.403000 0.427574 0.046000 0.069808
0 0.691500 0.209424 0.045000 0.062827
0 0.455500 0.509599 0.261000 0.087260
0 0.274500 0.354276 0.047000 0.066318
0 0.506500 0.426702 0.047000 0.068063
0 0.428000 0.354276 0.046000 0.066318
0 0.517500 0.280977 0.045000 0.066318
0 0.713000 0.424084 0.048000 0.069808
0 0.610000 0.425829 0.048000 0.069808
0 0.143500 0.212042 0.039000 0.064572
0 0.299500 0.429319 0.047000 0.069808
0 0.455000 0.427574 0.048000 0.069808
0 0.297500 0.510471 0.049000 0.082024
