0 0.884271 0.206204 0.083120 0.072993
0 0.745524 0.211679 0.053708 0.072993
0 0.292839 0.309307 0.053708 0.074818
0 0.473785 0.303832 0.052430 0.071168
0 0.496803 0.370438 0.911765 0.543796
0 0.187980 0.395073 0.051151 0.071168
0 0.381714 0.223540 0.052430 0.071168
0 0.173274 0.313869 0.052430 0.072993
0 0.769182 0.462591 0.054987 0.071168
0 0.521739 0.468978 0.053708 0.072993
0 0.122762 0.479015 0.125320 0.074818
0 0.624041 0.215328 0.053708 0.072993
0 0.308824 0.392336 0.052430 0.072993
0 0.655371 0.297445 0.054987 0.072993
0 0.279412 0.477190 0.052430 0.071168
0 0.429028 0.388686 0.052430 0.072993
0 0.550512 0.383212 0.052430 0.072993
0 0.807545 0.208942 0.052430 0.071168
0 0.097187 0.565693 0.084399 0.072993
0 0.611893 0.552920 0.054987 0.072993
0 0.368926 0.389599 0.052430 0.071168
0 0.352302 0.307482 0.052430 0.071168
0 0.737212 0.550182 0.054987 0.074818
0 0.735294 0.380474 0.053708 0.071168
0 0.308824 0.560219 0.080563 0.072993
0 0.611893 0.383212 0.052430 0.072993
0 0.413043 0.304745 0.051151 0.072993
0 0.442455 0.221715 0.053708 0.071168
0 0.400256 0.472628 0.051151 0.072993
0 0.503197 0.219891 0.052430 0.074818
0 0.232097 0.310219 0.052430 0.072993
0 0.644501 0.467153 0.053708 0.072993
0 0.824808 0.291058 0.043478 0.074818
0 0.595269 0.298358 0.052430 0.071168
0 0.262148 0.227190 0.053708 0.071168
0 0.707161 0.464416 0.053708 0.071168
0 0.791560 0.376825 0.043478 0.071168
0 0.583120 0.468066 0.053708 0.074818
0 0.902813 0.464416 0.071611 0.074818
0 0.099105 0.312044 0.078005 0.072993
0 0.218670 0.479015 0.051151 0.071168
0 0.106777 0.395985 0.093350 0.072993
0 0.829923 0.462591 0.051151 0.074818
0 0.773657 0.293796 0.043478 0.072993
0 0.562660 0.217153 0.053708 0.072993
0 0.673913 0.381387 0.053708 0.072993
0 0.084399 0.231752 0.046036 0.069343
0 0.684783 0.213504 0.054987 0.072993
0 0.460997 0.471715 0.054987 0.074818
0 0.533887 0.301095 0.052430 0.072993
0 0.322251 0.225365 0.051151 0.071168
0 0.717391 0.295620 0.053708 0.072993
0 0.248082 0.394161 0.051151 0.072993
0 0.893223 0.333029 0.075448 0.158759
0 0.489770 0.386861 0.053708 0.072993
0 0.143223 0.230839 0.051151 0.071168
0 0.339514 0.475365 0.052430 0.074818
0 0.202685 0.228102 0.052430 0.072993
0 0.467391 0.558394 0.218670 0.076642
0 0.843350 0.375000 0.042199 0.074818
