0 0.206589 0.391667 0.042636 0.064286
0 0.187984 0.616667 0.044186 0.064286
0 0.415891 0.465476 0.042636 0.064286
0 0.316279 0.465476 0.041860 0.064286
0 0.217054 0.466071 0.041860 0.063095
0 0.453876 0.391667 0.042636 0.061905
0 0.117054 0.464286 0.041860 0.061905
0 0.190310 0.540476 0.042636 0.064286
0 0.290310 0.540476 0.042636 0.064286
0 0.663953 0.539881 0.081395 0.065476
0 0.156977 0.391071 0.042636 0.063095
0 0.712016 0.427381 0.068992 0.140476
0 0.603101 0.391667 0.043411 0.061905
0 0.541473 0.540476 0.044186 0.064286
0 0.381783 0.318452 0.041085 0.063095
0 0.051550 0.464286 0.073643 0.064286
0 0.529070 0.317857 0.042636 0.061905
0 0.440310 0.541071 0.043411 0.065476
0 0.403876 0.392262 0.041860 0.063095
0 0.592636 0.539881 0.044186 0.063095
0 0.267054 0.466071 0.042636 0.063095
0 0.502713 0.391667 0.042636 0.061905
0 0.701550 0.316071 0.085271 0.060714
0 0.234884 0.317857 0.040310 0.061905
0 0.617442 0.465476 0.042636 0.061905
0 0.430233 0.319048 0.041860 0.061905
0 0.239922 0.540476 0.042636 0.064286
0 0.185271 0.318452 0.043411 0.063095
0 0.566667 0.465476 0.043411 0.064286
0 0.255814 0.392262 0.041860 0.063095
0 0.282946 0.317857 0.041860 0.061905
0 0.048450 0.390476 0.061240 0.064286
0 0.039922 0.317857 0.036434 0.059524
0 0.305426 0.392262 0.041860 0.063095
0 0.515891 0.466071 0.042636 0.063095
0 0.034109 0.538690 0.049612 0.065476
0 0.479070 0.439286 0.956589 0.490476
0 0.167442 0.465476 0.041860 0.064286
0 0.650775 0.391071 0.037984 0.063095
0 0.031395 0.615476 0.050388 0.066667
0 0.139922 0.540476 0.042636 0.064286
0 0.490698 0.540476 0.043411 0.064286
0 0.339535 0.540476 0.043411 0.064286
0 0.491085 0.616667 0.044186 0.064286
0 0.339147 0.616667 0.245736 0.066667
0 0.578682 0.317857 0.042636 0.061905
0 0.136047 0.317857 0.042636 0.061905
0 0.088760 0.539286 0.045736 0.066667
0 0.553101 0.391667 0.042636 0.061905
0 0.390310 0.541071 0.044186 0.065476
0 0.628295 0.317262 0.041085 0.060714
0 0.664341 0.463690 0.037209 0.063095
0 0.106589 0.391667 0.045736 0.064286
0 0.332171 0.317857 0.041085 0.061905
0 0.466279 0.465476 0.042636 0.064286
0 0.355426 0.392262 0.041085 0.063095
0 0.479457 0.317857 0.042636 0.061905
0 0.594186 0.617262 0.044186 0.065476
0 0.366279 0.466071 0.042636 0.063095
0 0.086047 0.317857 0.041860 0.061905
