0 0.839355 0.519363 0.120000 0.155766
0 0.400323 0.890706 0.125806 0.154905
0 0.572258 0.521945 0.122581 0.155766
0 0.035161 0.526248 0.069032 0.148881
0 0.294194 0.524957 0.126452 0.161790
0 0.801613 0.873064 0.094839 0.150602
0 0.765484 0.695353 0.094839 0.153184
0 0.541613 0.885112 0.123226 0.155766
0 0.874194 0.694923 0.094194 0.152324
0 0.502581 0.703528 0.123871 0.159208
0 0.220000 0.709122 0.126452 0.166954
0 0.256774 0.893718 0.129032 0.157487
0 0.362581 0.706110 0.126452 0.160929
0 0.910968 0.867040 0.091613 0.147160
0 0.707742 0.521945 0.120000 0.155766
0 0.640968 0.697935 0.120645 0.158348
0 0.150645 0.525387 0.127097 0.160929
0 0.683548 0.881239 0.120645 0.158348
0 0.080645 0.709983 0.126452 0.166954
0 0.435806 0.522806 0.124516 0.157487
0 0.956129 0.520224 0.089032 0.155766
0 0.112258 0.897160 0.125161 0.157487
0 0.965484 0.773236 0.070323 0.315835
