0 0.386499 0.494224 0.044510 0.094059
0 0.560460 0.391089 0.042285 0.089109
0 0.536350 0.293729 0.041543 0.089109
0 0.231454 0.396040 0.045994 0.095710
0 0.724036 0.288779 0.057864 0.089109
0 0.110163 0.608086 0.055638 0.100660
0 0.313056 0.599835 0.045994 0.097360
0 0.258160 0.709571 0.054896 0.102310
0 0.446217 0.294554 0.042285 0.090759
0 0.280415 0.396040 0.045994 0.095710
0 0.434718 0.493399 0.044510 0.092409
0 0.375742 0.394389 0.043769 0.092409
0 0.505193 0.592409 0.044510 0.099010
0 0.702522 0.482673 0.026706 0.094059
0 0.619065 0.488449 0.042285 0.092409
0 0.605712 0.390264 0.042285 0.090759
0 0.469585 0.393564 0.043027 0.090759
0 0.328264 0.395215 0.043769 0.094059
0 0.212166 0.298680 0.045994 0.092409
0 0.163947 0.605611 0.048961 0.099010
0 0.191395 0.500000 0.047478 0.095710
0 0.515208 0.391089 0.042285 0.089109
0 0.338650 0.495875 0.045252 0.094059
0 0.650964 0.388614 0.042285 0.090759
0 0.125371 0.500825 0.078635 0.100660
0 0.665430 0.486799 0.043027 0.092409
0 0.353116 0.296205 0.044510 0.090759
0 0.410237 0.596535 0.045994 0.097360
0 0.481454 0.490924 0.043027 0.094059
0 0.581231 0.293729 0.042285 0.089109
0 0.687685 0.385314 0.026706 0.090759
0 0.731825 0.432343 0.052671 0.191419
0 0.290430 0.496700 0.045252 0.095710
0 0.259644 0.297030 0.044510 0.092409
0 0.263353 0.601485 0.047478 0.097360
0 0.099407 0.716997 0.059347 0.103960
0 0.408383 0.702970 0.239614 0.105611
0 0.605712 0.691419 0.043769 0.099010
0 0.555638 0.693069 0.051929 0.102310
0 0.423220 0.466172 0.718843 0.704620
0 0.491469 0.294554 0.042285 0.090759
0 0.716988 0.581683 0.094214 0.094059
0 0.423220 0.394389 0.043769 0.092409
0 0.643175 0.584983 0.043027 0.094059
0 0.241098 0.499175 0.045994 0.094059
0 0.528190 0.490099 0.043027 0.092409
0 0.625742 0.293729 0.040801 0.085809
0 0.305638 0.295380 0.043027 0.092409
0 0.123516 0.396865 0.067507 0.100660
0 0.400223 0.296205 0.042285 0.090759
0 0.670994 0.290429 0.040801 0.089109
0 0.116098 0.300330 0.042285 0.092409
0 0.573813 0.488449 0.042285 0.092409
0 0.458086 0.595710 0.043769 0.095710
0 0.362389 0.598185 0.045252 0.097360
0 0.551558 0.588284 0.043769 0.097360
0 0.597552 0.586634 0.043769 0.094059
0 0.214021 0.603960 0.046736 0.099010
0 0.182122 0.398515 0.048220 0.097360
0 0.162092 0.297030 0.046736 0.095710
