0 0.644516 0.232108 0.051613 0.077369
0 0.320645 0.224855 0.050323 0.078337
0 0.696774 0.231141 0.050323 0.077369
0 0.132581 0.299323 0.052258 0.076402
0 0.820323 0.233075 0.079355 0.077369
0 0.768710 0.468085 0.050968 0.079304
0 0.185806 0.300290 0.054194 0.080271
0 0.480968 0.375725 0.787742 0.500000
0 0.590000 0.231141 0.050968 0.077369
0 0.415161 0.382495 0.049677 0.076402
0 0.774516 0.309961 0.038065 0.078337
0 0.602581 0.464700 0.052903 0.080271
0 0.198065 0.379110 0.051613 0.075435
0 0.361613 0.381528 0.052258 0.078337
0 0.714516 0.466634 0.052258 0.078337
0 0.437742 0.462766 0.054839 0.080271
0 0.583871 0.545455 0.054194 0.081238
0 0.382903 0.460832 0.052258 0.078337
0 0.658710 0.465667 0.054194 0.080271
0 0.743548 0.388781 0.050968 0.077369
0 0.832258 0.470019 0.065806 0.079304
0 0.524516 0.385397 0.051613 0.078337
0 0.469032 0.383946 0.051613 0.077369
0 0.830000 0.351547 0.062581 0.159574
0 0.294194 0.302708 0.054194 0.079304
0 0.330000 0.459865 0.053548 0.078337
0 0.136129 0.377660 0.067097 0.078337
0 0.193871 0.539652 0.084516 0.081238
0 0.427742 0.227273 0.051613 0.077369
0 0.145484 0.456480 0.090968 0.081238
0 0.275161 0.459865 0.052258 0.078337
0 0.688387 0.388298 0.052903 0.080271
0 0.319677 0.544487 0.049677 0.075435
0 0.252258 0.379594 0.051613 0.076402
0 0.455484 0.305609 0.052903 0.077369
0 0.536129 0.229691 0.051613 0.076402
0 0.262903 0.541103 0.053548 0.080271
0 0.159032 0.221470 0.049677 0.075435
0 0.618387 0.308027 0.053548 0.078337
0 0.695161 0.548839 0.053548 0.082205
0 0.306452 0.380561 0.052903 0.078337
0 0.451613 0.544004 0.209032 0.082205
0 0.580000 0.386364 0.051613 0.078337
0 0.482903 0.228723 0.050968 0.078337
0 0.727419 0.309961 0.050968 0.078337
0 0.634839 0.386364 0.050323 0.078337
0 0.220645 0.459381 0.052903 0.079304
0 0.492258 0.463733 0.051613 0.078337
0 0.239355 0.300774 0.051613 0.079304
0 0.348065 0.304159 0.053548 0.078337
0 0.564516 0.307060 0.051613 0.078337
0 0.547742 0.465184 0.054194 0.081238
0 0.790645 0.388781 0.038065 0.079304
0 0.509677 0.306576 0.052903 0.079304
0 0.401290 0.305126 0.051613 0.076402
0 0.266452 0.222921 0.052903 0.078337
0 0.212581 0.222437 0.053548 0.077369
0 0.673226 0.308027 0.050968 0.078337
0 0.751290 0.232108 0.049677 0.077369
0 0.373548 0.225338 0.051613 0.077369
