0 0.494167 0.398750 0.042778 0.060833
0 0.725833 0.330000 0.042778 0.061667
0 0.551944 0.262917 0.042778 0.059167
0 0.306389 0.262917 0.042778 0.060833
0 0.676389 0.330000 0.042778 0.060000
0 0.269444 0.468333 0.043333 0.061667
0 0.743611 0.398333 0.043889 0.061667
0 0.162778 0.263333 0.036667 0.061667
0 0.355833 0.262917 0.042778 0.059167
0 0.543889 0.398750 0.042222 0.062500
0 0.469167 0.467500 0.043889 0.061667
0 0.318056 0.538750 0.043889 0.062500
0 0.172222 0.330417 0.062222 0.060833
0 0.593889 0.398333 0.043333 0.061667
0 0.680556 0.538750 0.064444 0.064167
0 0.246111 0.399167 0.043333 0.061667
0 0.454167 0.262917 0.042778 0.059167
0 0.163889 0.468333 0.054444 0.063333
0 0.699722 0.262083 0.042778 0.059167
0 0.419444 0.467500 0.043333 0.061667
0 0.428889 0.330417 0.042222 0.060833
0 0.626667 0.330417 0.043333 0.060833
0 0.178889 0.398750 0.078889 0.062500
0 0.161944 0.537917 0.056111 0.064167
0 0.330000 0.330417 0.043333 0.060833
0 0.444722 0.398750 0.042778 0.060833
0 0.619167 0.467500 0.042778 0.061667
0 0.501111 0.381250 0.758889 0.412500
0 0.669167 0.467500 0.043889 0.060000
0 0.693611 0.398750 0.042778 0.060833
0 0.405000 0.262917 0.043333 0.059167
0 0.817222 0.261667 0.077778 0.060000
0 0.219444 0.467917 0.042222 0.062500
0 0.345278 0.399167 0.042778 0.061667
0 0.601111 0.262500 0.043333 0.060000
0 0.650556 0.262500 0.043333 0.060000
0 0.749444 0.261250 0.042222 0.059167
0 0.775278 0.329583 0.042778 0.060833
0 0.804722 0.467917 0.112778 0.062500
0 0.620000 0.538333 0.044444 0.061667
0 0.468889 0.539583 0.245556 0.062500
0 0.208889 0.263333 0.042222 0.060000
0 0.719444 0.467500 0.044444 0.060000
0 0.257500 0.262917 0.042778 0.059167
0 0.369167 0.467917 0.043889 0.062500
0 0.576944 0.329583 0.042778 0.060833
0 0.280833 0.330417 0.042778 0.062500
0 0.379167 0.330417 0.042778 0.060833
0 0.394722 0.398750 0.042778 0.060833
0 0.793333 0.397917 0.043333 0.060833
0 0.527778 0.330417 0.043333 0.060833
0 0.643611 0.398750 0.042778 0.060833
0 0.231389 0.330417 0.042778 0.060833
0 0.831389 0.364583 0.055000 0.130833
0 0.503056 0.262917 0.042778 0.059167
0 0.478056 0.330417 0.042778 0.060833
0 0.568889 0.467917 0.044444 0.062500
0 0.295556 0.399583 0.043333 0.060833
0 0.319722 0.468333 0.042778 0.061667
0 0.519167 0.467500 0.043889 0.061667
