0 0.446354 0.341667 0.034375 0.061111
0 0.681250 0.275000 0.077083 0.061111
0 0.302604 0.410185 0.036458 0.061111
0 0.641146 0.343519 0.034375 0.061111
0 0.575521 0.411111 0.034375 0.059259
0 0.290625 0.341667 0.035417 0.061111
0 0.380208 0.410185 0.035417 0.061111
0 0.519271 0.548148 0.036458 0.062963
0 0.323437 0.477778 0.036458 0.062963
0 0.426042 0.273148 0.035417 0.061111
0 0.690625 0.377778 0.056250 0.133333
0 0.614062 0.412037 0.034375 0.061111
0 0.362500 0.478704 0.035417 0.061111
0 0.163542 0.340741 0.054167 0.062963
0 0.246875 0.478704 0.035417 0.061111
0 0.159896 0.476852 0.051042 0.061111
0 0.231250 0.274074 0.035417 0.059259
0 0.518750 0.478704 0.035417 0.061111
0 0.610417 0.548148 0.064583 0.062963
0 0.485417 0.341667 0.035417 0.061111
0 0.504687 0.391667 0.763542 0.424074
0 0.386979 0.273148 0.036458 0.061111
0 0.497917 0.410185 0.035417 0.061111
0 0.284896 0.547222 0.036458 0.061111
0 0.557813 0.479630 0.036458 0.059259
0 0.465104 0.275000 0.034375 0.061111
0 0.542708 0.275926 0.035417 0.059259
0 0.263021 0.410185 0.034375 0.061111
0 0.192188 0.274074 0.034375 0.059259
0 0.479167 0.479630 0.035417 0.062963
0 0.596875 0.479630 0.035417 0.059259
0 0.621354 0.276852 0.034375 0.061111
0 0.504167 0.275000 0.035417 0.061111
0 0.309375 0.274074 0.035417 0.059259
0 0.329167 0.340741 0.035417 0.062963
0 0.368750 0.340741 0.035417 0.059259
0 0.207292 0.477778 0.035417 0.062963
0 0.536979 0.410185 0.034375 0.061111
0 0.653125 0.411111 0.035417 0.062963
0 0.419792 0.410185 0.035417 0.057407
0 0.347917 0.274074 0.035417 0.059259
0 0.581250 0.275000 0.035417 0.061111
0 0.285417 0.478704 0.035417 0.061111
0 0.213021 0.342593 0.036458 0.062963
0 0.225000 0.410185 0.035417 0.061111
0 0.602083 0.343519 0.035417 0.061111
0 0.251563 0.340741 0.036458 0.062963
0 0.458854 0.410185 0.034375 0.061111
0 0.269792 0.273148 0.035417 0.061111
0 0.407292 0.341667 0.035417 0.061111
0 0.648958 0.479630 0.062500 0.062963
0 0.402083 0.549074 0.189583 0.064815
0 0.401562 0.478704 0.036458 0.061111
0 0.341146 0.410185 0.034375 0.061111
0 0.524479 0.342593 0.034375 0.059259
0 0.169792 0.410185 0.066667 0.061111
0 0.159896 0.546296 0.053125 0.062963
0 0.153125 0.273148 0.035417 0.061111
0 0.441146 0.478704 0.036458 0.061111
0 0.563542 0.341667 0.035417 0.061111
