0 0.450397 0.639137 0.170635 0.126488
0 0.115079 0.294643 0.091270 0.101190
0 0.103175 0.781250 0.105159 0.136905
0 0.352679 0.775298 0.185516 0.133929
0 0.058532 0.404762 0.095238 0.110119
0 0.364583 0.517113 0.094246 0.114583
0 0.550595 0.453125 0.138889 0.230655
0 0.214286 0.644345 0.099206 0.122024
0 0.386905 0.287202 0.083333 0.101190
0 0.267857 0.518601 0.095238 0.114583
0 0.035218 0.294643 0.068452 0.101190
0 0.522321 0.286458 0.173611 0.099702
0 0.246032 0.401042 0.093254 0.105655
0 0.152282 0.403274 0.094246 0.107143
0 0.314980 0.642857 0.096230 0.122024
0 0.433036 0.397321 0.088294 0.104167
0 0.340278 0.398810 0.091270 0.107143
0 0.032242 0.647321 0.060516 0.125000
0 0.170635 0.520833 0.095238 0.116071
0 0.387897 0.514137 0.769841 0.727679
0 0.115079 0.645833 0.101190 0.122024
0 0.072917 0.522321 0.098214 0.116071
0 0.297123 0.290923 0.086310 0.099702
0 0.460317 0.513393 0.093254 0.116071
0 0.206845 0.290923 0.090278 0.102679
