0 0.074776 0.596077 0.111665 0.137633
0 0.352443 0.320146 0.103689 0.124335
0 0.822283 0.407580 0.138086 0.271277
0 0.582253 0.330452 0.101695 0.125000
0 0.637338 0.200133 0.094217 0.114362
0 0.043121 0.446809 0.085244 0.130319
0 0.415753 0.191822 0.097707 0.115027
0 0.239531 0.315160 0.102193 0.122340
0 0.032901 0.306848 0.064806 0.120346
0 0.526421 0.196809 0.096710 0.114362
0 0.195912 0.184176 0.099701 0.115691
0 0.619641 0.472739 0.102692 0.132979
0 0.308824 0.770944 0.110169 0.150931
0 0.467099 0.324801 0.101695 0.124335
0 0.315803 0.606715 0.110169 0.137633
0 0.194167 0.601064 0.110169 0.140957
0 0.762712 0.624335 0.278166 0.142287
0 0.120140 0.756649 0.239282 0.154255
0 0.501994 0.468085 0.104686 0.132979
0 0.438185 0.613032 0.108674 0.138298
0 0.560070 0.618684 0.108175 0.137633
0 0.785394 0.208112 0.176969 0.117021
0 0.149302 0.451130 0.106181 0.130984
0 0.383848 0.462766 0.105683 0.132979
0 0.266201 0.456117 0.107677 0.132979
0 0.479312 0.466755 0.957627 0.932181
0 0.456132 0.775598 0.165503 0.150931
0 0.737288 0.474734 0.105683 0.132979
0 0.126371 0.312500 0.104187 0.123670
0 0.695663 0.334109 0.101196 0.123005
0 0.305583 0.188165 0.099701 0.114362
0 0.085992 0.181184 0.100199 0.113697
