0 0.553838 0.632637 0.047974 0.069132
0 0.745736 0.399518 0.045842 0.065916
0 0.720682 0.476688 0.046908 0.069132
0 0.607676 0.709807 0.046908 0.069132
0 0.458422 0.477492 0.044776 0.067524
0 0.446695 0.712219 0.260128 0.070740
0 0.246802 0.478296 0.045842 0.069132
0 0.500000 0.632637 0.046908 0.069132
0 0.667910 0.477492 0.045842 0.067524
0 0.485608 0.403537 0.045842 0.067524
0 0.631663 0.553055 0.045842 0.067524
0 0.234009 0.635048 0.045842 0.070740
0 0.194563 0.479100 0.045842 0.067524
0 0.405117 0.478296 0.044776 0.065916
0 0.713753 0.631029 0.047974 0.069132
0 0.327292 0.402733 0.044776 0.065916
0 0.420043 0.554662 0.044776 0.067524
0 0.738273 0.552251 0.045842 0.069132
0 0.589552 0.401929 0.046908 0.067524
0 0.208422 0.555466 0.045842 0.065916
0 0.179638 0.633441 0.047974 0.070740
0 0.733475 0.709807 0.087420 0.069132
0 0.772921 0.474277 0.046908 0.067524
0 0.340085 0.632637 0.046908 0.069132
0 0.367271 0.554662 0.045842 0.067524
0 0.353412 0.478296 0.045842 0.065916
0 0.526119 0.553859 0.045842 0.069132
0 0.684968 0.553055 0.045842 0.067524
0 0.615672 0.477492 0.045842 0.067524
0 0.313966 0.555466 0.045842 0.069132
0 0.511727 0.536977 0.880597 0.469453
0 0.511194 0.479100 0.045842 0.067524
0 0.275053 0.402733 0.046908 0.065916
0 0.839552 0.511254 0.075693 0.147910
0 0.285181 0.713023 0.047974 0.069132
0 0.606610 0.631029 0.046908 0.069132
0 0.393923 0.632637 0.045842 0.069132
0 0.261727 0.555466 0.045842 0.069132
0 0.116205 0.633441 0.063966 0.070740
0 0.170043 0.403537 0.045842 0.067524
0 0.379531 0.402733 0.046908 0.065916
0 0.791045 0.552251 0.046908 0.069132
0 0.446695 0.632637 0.046908 0.069132
0 0.116738 0.401929 0.045842 0.067524
0 0.133795 0.554662 0.090618 0.067524
0 0.300107 0.479100 0.045842 0.067524
0 0.113539 0.713826 0.067164 0.070740
0 0.287313 0.633441 0.045842 0.070740
0 0.536780 0.402733 0.045842 0.065916
0 0.692431 0.400322 0.045842 0.067524
0 0.825160 0.397106 0.098081 0.067524
0 0.432303 0.402733 0.045842 0.065916
0 0.222814 0.402733 0.046908 0.065916
0 0.127932 0.477492 0.072495 0.067524
0 0.472814 0.554662 0.045842 0.067524
0 0.785181 0.629421 0.084222 0.069132
0 0.660448 0.631029 0.047974 0.069132
0 0.563966 0.478296 0.046908 0.065916
0 0.641258 0.401929 0.045842 0.067524
0 0.579957 0.553859 0.046908 0.069132
