0 0.143750 0.211806 0.050000 0.062500
0 0.381771 0.444444 0.048958 0.066667
0 0.790104 0.309028 0.048958 0.065278
0 0.168229 0.286806 0.051042 0.065278
0 0.608333 0.527083 0.050000 0.065278
0 0.206771 0.438889 0.051042 0.066667
0 0.761458 0.235417 0.047917 0.062500
0 0.705729 0.233333 0.048958 0.063889
0 0.239063 0.363889 0.051042 0.066667
0 0.181250 0.361806 0.050000 0.065278
0 0.595313 0.230556 0.048958 0.063889
0 0.751563 0.381944 0.048958 0.063889
0 0.694792 0.380556 0.050000 0.066667
0 0.256250 0.215972 0.050000 0.062500
0 0.282813 0.291667 0.051042 0.066667
0 0.438542 0.446528 0.050000 0.065278
0 0.666667 0.453472 0.050000 0.065278
0 0.483854 0.226389 0.048958 0.063889
0 0.723437 0.455556 0.051042 0.066667
0 0.265625 0.440278 0.050000 0.066667
0 0.621875 0.304861 0.050000 0.065278
0 0.678125 0.305556 0.050000 0.063889
0 0.453646 0.297917 0.048958 0.065278
0 0.339583 0.293750 0.050000 0.065278
0 0.323437 0.441667 0.051042 0.066667
0 0.539583 0.229167 0.050000 0.063889
0 0.225521 0.288889 0.048958 0.066667
0 0.313542 0.218056 0.047917 0.063889
0 0.844792 0.237500 0.104167 0.063889
0 0.498958 0.356944 0.952083 0.483333
0 0.800521 0.456944 0.088542 0.066667
0 0.651563 0.232639 0.048958 0.065278
0 0.148438 0.436111 0.051042 0.069444
0 0.099479 0.358333 0.098958 0.066667
0 0.077083 0.511111 0.068750 0.069444
0 0.411979 0.370139 0.048958 0.065278
0 0.733333 0.307639 0.050000 0.065278
0 0.369792 0.220833 0.050000 0.063889
0 0.639062 0.378472 0.048958 0.065278
0 0.436458 0.522917 0.283333 0.070833
0 0.552083 0.450694 0.050000 0.065278
0 0.509896 0.301389 0.048958 0.066667
0 0.743229 0.532639 0.094792 0.065278
0 0.860417 0.348611 0.079167 0.138889
0 0.581771 0.377083 0.048958 0.065278
0 0.525521 0.375000 0.048958 0.066667
0 0.261458 0.517361 0.052083 0.065278
0 0.354687 0.368750 0.048958 0.065278
0 0.396875 0.295833 0.047917 0.063889
0 0.567187 0.303472 0.048958 0.065278
0 0.080208 0.434028 0.070833 0.068056
0 0.807292 0.383333 0.047917 0.063889
0 0.085417 0.209028 0.052083 0.065278
0 0.200521 0.213194 0.048958 0.062500
0 0.095312 0.282639 0.080208 0.065278
0 0.468750 0.372917 0.050000 0.065278
0 0.608854 0.452083 0.048958 0.065278
0 0.296875 0.366667 0.050000 0.066667
0 0.426563 0.223611 0.048958 0.063889
0 0.495312 0.447917 0.048958 0.065278
