0 0.198381 0.508993 0.040486 0.050360
0 0.620783 0.342626 0.037787 0.048561
0 0.122807 0.397032 0.059379 0.049460
0 0.602564 0.396133 0.039136 0.049460
0 0.118758 0.345773 0.040486 0.049460
0 0.172740 0.398381 0.041835 0.046763
0 0.535088 0.342176 0.037787 0.049460
0 0.530364 0.450989 0.040486 0.049460
0 0.097166 0.566996 0.062078 0.054856
0 0.464575 0.508543 0.041161 0.051259
0 0.223347 0.451888 0.039136 0.049460
0 0.122807 0.451439 0.074224 0.052158
0 0.573887 0.450989 0.039811 0.049460
0 0.309042 0.450540 0.039136 0.048561
0 0.559717 0.396583 0.039811 0.048561
0 0.241903 0.508543 0.041161 0.051259
0 0.428812 0.395683 0.039811 0.048561
0 0.555668 0.508543 0.041161 0.051259
0 0.365385 0.343076 0.038462 0.045863
0 0.702429 0.423112 0.067476 0.103417
0 0.450067 0.343076 0.037787 0.047662
0 0.440958 0.450090 0.039811 0.051259
0 0.599528 0.508543 0.041161 0.051259
0 0.618084 0.450989 0.040486 0.049460
0 0.645074 0.395683 0.037787 0.048561
0 0.374494 0.508094 0.041835 0.052158
0 0.213900 0.396133 0.040486 0.049460
0 0.104926 0.508543 0.057355 0.051259
0 0.180499 0.451888 0.039811 0.049460
0 0.510459 0.568345 0.042510 0.053957
0 0.485830 0.450989 0.040486 0.049460
0 0.492915 0.342176 0.038462 0.047662
0 0.618421 0.567446 0.076248 0.053957
0 0.662281 0.450540 0.039811 0.048561
0 0.396761 0.450540 0.040486 0.048561
0 0.385290 0.395683 0.039136 0.048561
0 0.156208 0.508993 0.041161 0.052158
0 0.198381 0.345773 0.039136 0.045863
0 0.472672 0.395683 0.039811 0.048561
0 0.500000 0.446942 0.878543 0.341727
0 0.352564 0.450540 0.039811 0.048561
0 0.515857 0.395683 0.039811 0.048561
0 0.686235 0.341727 0.085020 0.046763
0 0.266194 0.451439 0.039811 0.048561
0 0.281039 0.343076 0.039811 0.047662
0 0.660256 0.507194 0.072200 0.052158
0 0.373819 0.568345 0.224022 0.053957
0 0.237179 0.567896 0.042510 0.053058
0 0.256748 0.395683 0.039811 0.050360
0 0.322874 0.343975 0.038462 0.045863
0 0.510459 0.508993 0.041161 0.052158
0 0.285762 0.508094 0.041161 0.052158
0 0.158232 0.346223 0.038462 0.046763
0 0.419703 0.508543 0.041835 0.051259
0 0.330297 0.508543 0.041161 0.051259
0 0.341768 0.396133 0.038462 0.047662
0 0.577260 0.342176 0.038462 0.047662
0 0.407220 0.342626 0.038462 0.048561
0 0.298920 0.396583 0.039136 0.048561
0 0.239204 0.344424 0.038462 0.046763
