0 0.063136 0.601562 0.114053 0.140625
0 0.346741 0.319633 0.105906 0.127038
0 0.826629 0.408967 0.141039 0.277174
0 0.581466 0.330163 0.103870 0.127717
0 0.637729 0.197011 0.096232 0.116848
0 0.037424 0.449049 0.073829 0.133152
0 0.411405 0.188519 0.099796 0.117527
0 0.231415 0.314538 0.104379 0.125000
0 0.026986 0.306046 0.052953 0.122962
0 0.524440 0.193614 0.098778 0.116848
0 0.186864 0.180707 0.101833 0.118207
0 0.619654 0.475543 0.104888 0.135870
0 0.302189 0.780231 0.112525 0.154212
0 0.463849 0.324389 0.103870 0.127038
0 0.309318 0.612432 0.112525 0.140625
0 0.185081 0.606658 0.112525 0.144022
0 0.765784 0.630435 0.284114 0.145380
0 0.116090 0.765625 0.231161 0.157609
0 0.499491 0.470788 0.106925 0.135870
0 0.434318 0.618886 0.110998 0.141304
0 0.558809 0.624660 0.110489 0.140625
0 0.788951 0.205163 0.180754 0.119565
0 0.139257 0.453465 0.108452 0.133832
0 0.378819 0.465353 0.107943 0.135870
0 0.258656 0.458560 0.109980 0.135870
0 0.482943 0.473166 0.964868 0.944973
0 0.452648 0.784986 0.169043 0.154212
0 0.739817 0.477582 0.107943 0.135870
0 0.115835 0.311821 0.106415 0.126359
0 0.697301 0.333899 0.103360 0.125679
0 0.298880 0.184783 0.101833 0.116848
0 0.074593 0.177649 0.102342 0.116168
