0 0.026128 0.488562 0.049881 0.062092
0 0.469121 0.637255 0.047506 0.065359
0 0.166271 0.417484 0.045131 0.063725
0 0.544537 0.342320 0.046318 0.063725
0 0.159145 0.637255 0.047506 0.065359
0 0.104513 0.561275 0.045131 0.063725
0 0.114608 0.417484 0.046318 0.063725
0 0.596200 0.341503 0.042755 0.062092
0 0.310570 0.633170 0.252969 0.066993
0 0.017221 0.561275 0.032067 0.063725
0 0.140143 0.347222 0.045131 0.063725
0 0.231591 0.486928 0.045131 0.065359
0 0.129454 0.489379 0.045131 0.063725
0 0.640143 0.483660 0.045131 0.065359
0 0.368765 0.414216 0.046318 0.063725
0 0.206651 0.559641 0.047506 0.063725
0 0.393112 0.345588 0.045131 0.063725
0 0.018409 0.642157 0.034442 0.065359
0 0.342637 0.344771 0.046318 0.062092
0 0.013064 0.348039 0.023753 0.062092
0 0.064727 0.419935 0.046318 0.062092
0 0.419834 0.414216 0.043943 0.063725
0 0.190618 0.346405 0.043943 0.062092
0 0.412708 0.558824 0.046318 0.065359
0 0.180523 0.487745 0.045131 0.063725
0 0.538599 0.484477 0.046318 0.063725
0 0.521378 0.413399 0.045131 0.065359
0 0.624109 0.412582 0.046318 0.063725
0 0.333729 0.486111 0.045131 0.063725
0 0.053444 0.562092 0.047506 0.065359
0 0.637173 0.554739 0.081948 0.063725
0 0.216152 0.416667 0.045131 0.062092
0 0.514846 0.557190 0.046318 0.062092
0 0.690024 0.446078 0.076010 0.140523
0 0.565914 0.556373 0.046318 0.063725
0 0.444181 0.343954 0.045131 0.063725
0 0.589667 0.484477 0.046318 0.063725
0 0.572447 0.413399 0.045131 0.065359
0 0.487530 0.485294 0.043943 0.062092
0 0.675178 0.339052 0.100950 0.063725
0 0.463777 0.558824 0.046318 0.065359
0 0.318290 0.415033 0.045131 0.065359
0 0.591449 0.636438 0.085511 0.063725
0 0.384798 0.486111 0.045131 0.063725
0 0.078979 0.489379 0.046318 0.063725
0 0.470903 0.414216 0.046318 0.063725
0 0.090261 0.348856 0.045131 0.063725
0 0.240499 0.346405 0.046318 0.062092
0 0.267221 0.415033 0.045131 0.062092
0 0.291568 0.344771 0.043943 0.062092
0 0.282067 0.486111 0.046318 0.063725
0 0.156176 0.559641 0.046318 0.063725
0 0.018409 0.417484 0.034442 0.063725
0 0.309976 0.558007 0.047506 0.063725
0 0.038599 0.348039 0.046318 0.062092
0 0.361045 0.559641 0.045131 0.063725
0 0.436461 0.486111 0.043943 0.063725
0 0.494062 0.343137 0.045131 0.062092
0 0.258907 0.559641 0.045131 0.063725
0 0.477435 0.468137 0.952494 0.446078
