0 0.400587 0.298261 0.038462 0.040000
0 0.490548 0.296522 0.038462 0.040000
0 0.579857 0.294783 0.038462 0.040000
0 0.158735 0.393478 0.041069 0.042609
0 0.458279 0.342609 0.039113 0.041739
0 0.161017 0.260435 0.037810 0.039130
0 0.595176 0.340435 0.040417 0.040870
0 0.709583 0.250000 0.081486 0.039130
0 0.122881 0.303043 0.061930 0.042609
0 0.435463 0.389565 0.040417 0.043478
0 0.379726 0.256087 0.038462 0.037391
0 0.292047 0.256957 0.037810 0.039130
0 0.512060 0.253043 0.038462 0.040000
0 0.620274 0.386522 0.041069 0.040870
0 0.412973 0.343043 0.039765 0.040870
0 0.231095 0.346522 0.039765 0.040870
0 0.668840 0.293478 0.039113 0.040870
0 0.204694 0.393913 0.040417 0.040000
0 0.549544 0.341304 0.039113 0.040870
0 0.367666 0.344348 0.039113 0.041739
0 0.248044 0.257391 0.038462 0.040000
0 0.296610 0.391304 0.040417 0.041739
0 0.481095 0.387826 0.040417 0.043478
0 0.556063 0.252609 0.039113 0.039130
0 0.424055 0.254348 0.037158 0.039130
0 0.221643 0.301739 0.039113 0.041739
0 0.624511 0.294348 0.039113 0.040870
0 0.535202 0.296522 0.039113 0.040000
0 0.177640 0.303043 0.039765 0.040870
0 0.123533 0.348261 0.074967 0.042609
0 0.641460 0.433478 0.074316 0.042609
0 0.336050 0.256522 0.038462 0.038261
0 0.204368 0.259565 0.038462 0.037391
0 0.388201 0.438261 0.232725 0.043478
0 0.445241 0.297391 0.039113 0.041739
0 0.640482 0.338696 0.039765 0.040870
0 0.491851 0.335652 0.865059 0.300870
0 0.266623 0.300435 0.039113 0.040870
0 0.276402 0.346087 0.039113 0.040000
0 0.600391 0.250870 0.037810 0.039130
0 0.685789 0.337391 0.040417 0.041739
0 0.528683 0.435217 0.041721 0.044348
0 0.527705 0.387391 0.039765 0.042609
0 0.117340 0.260870 0.037810 0.038261
0 0.322034 0.345217 0.039113 0.041739
0 0.342894 0.390870 0.040417 0.042609
0 0.355932 0.298696 0.037810 0.039130
0 0.503911 0.342174 0.040417 0.040870
0 0.682203 0.385217 0.073664 0.041739
0 0.644394 0.250435 0.037158 0.038261
0 0.186115 0.346957 0.039765 0.041739
0 0.727510 0.316087 0.065189 0.087826
0 0.100065 0.442609 0.058018 0.046957
0 0.311278 0.300000 0.038462 0.040000
0 0.389179 0.390000 0.040417 0.042609
0 0.246415 0.440000 0.041721 0.045217
0 0.468057 0.253913 0.037810 0.040000
0 0.250326 0.392174 0.040417 0.041739
0 0.105280 0.394348 0.055411 0.046087
0 0.573990 0.386957 0.039765 0.040000
