0 0.104737 0.449275 0.078947 0.055072
0 0.514737 0.581159 0.042105 0.057971
0 0.246316 0.386232 0.040000 0.056522
0 0.581579 0.319565 0.041053 0.056522
0 0.240000 0.581159 0.042105 0.057971
0 0.191579 0.513768 0.040000 0.056522
0 0.200526 0.386232 0.041053 0.056522
0 0.627368 0.318841 0.037895 0.055072
0 0.374211 0.577536 0.224211 0.059420
0 0.092105 0.513768 0.057895 0.056522
0 0.223158 0.323913 0.040000 0.056522
0 0.304211 0.447826 0.040000 0.057971
0 0.213684 0.450000 0.040000 0.056522
0 0.666316 0.444928 0.040000 0.057971
0 0.425789 0.383333 0.041053 0.056522
0 0.282105 0.512319 0.042105 0.056522
0 0.447368 0.322464 0.040000 0.056522
0 0.094737 0.585507 0.061053 0.057971
0 0.402632 0.321739 0.041053 0.055072
0 0.088421 0.324638 0.042105 0.055072
0 0.156316 0.388406 0.041053 0.055072
0 0.471053 0.383333 0.038947 0.056522
0 0.267895 0.323188 0.038947 0.055072
0 0.464737 0.511594 0.041053 0.057971
0 0.258947 0.448551 0.040000 0.056522
0 0.576316 0.445652 0.041053 0.056522
0 0.561053 0.382609 0.040000 0.057971
0 0.652105 0.381884 0.041053 0.056522
0 0.394737 0.447101 0.040000 0.056522
0 0.146316 0.514493 0.042105 0.057971
0 0.663684 0.507971 0.072632 0.056522
0 0.290526 0.385507 0.040000 0.055072
0 0.555263 0.510145 0.041053 0.055072
0 0.710526 0.411594 0.067368 0.124638
0 0.600526 0.509420 0.041053 0.056522
0 0.492632 0.321014 0.040000 0.056522
0 0.621579 0.445652 0.041053 0.056522
0 0.606316 0.382609 0.040000 0.057971
0 0.531053 0.446377 0.038947 0.055072
0 0.697368 0.316667 0.089474 0.056522
0 0.510000 0.511594 0.041053 0.057971
0 0.381053 0.384058 0.040000 0.057971
0 0.623158 0.580435 0.075789 0.056522
0 0.440000 0.447101 0.040000 0.056522
0 0.168947 0.450000 0.041053 0.056522
0 0.516316 0.383333 0.041053 0.056522
0 0.178947 0.325362 0.040000 0.056522
0 0.312105 0.323188 0.041053 0.055072
0 0.335789 0.384058 0.040000 0.055072
0 0.357368 0.321739 0.038947 0.055072
0 0.348947 0.447101 0.041053 0.056522
0 0.237368 0.512319 0.041053 0.056522
0 0.098947 0.386232 0.061053 0.056522
0 0.373684 0.510870 0.042105 0.056522
0 0.133158 0.324638 0.041053 0.055072
0 0.418947 0.512319 0.040000 0.056522
0 0.485789 0.447101 0.038947 0.056522
0 0.536842 0.320290 0.040000 0.055072
0 0.328421 0.512319 0.040000 0.056522
0 0.496316 0.431159 0.895789 0.395652
