0 0.349200 0.219512 0.040800 0.065854
0 0.506000 0.340854 0.730400 0.393902
0 0.414400 0.285976 0.041600 0.064634
0 0.472000 0.354268 0.041600 0.064634
0 0.170800 0.218902 0.040800 0.064634
0 0.294400 0.355488 0.041600 0.064634
0 0.570800 0.220122 0.040800 0.067073
0 0.636400 0.285976 0.042400 0.064634
0 0.539200 0.422561 0.041600 0.067073
0 0.393200 0.219512 0.040800 0.065854
0 0.725600 0.286585 0.041600 0.063415
0 0.516400 0.354878 0.040800 0.065854
0 0.188400 0.355488 0.076000 0.064634
0 0.361600 0.421951 0.041600 0.065854
0 0.738400 0.354268 0.041600 0.064634
0 0.779200 0.321341 0.060800 0.132927
0 0.649600 0.354878 0.041600 0.063415
0 0.338800 0.354268 0.040800 0.064634
0 0.459600 0.286585 0.040800 0.063415
0 0.370800 0.287195 0.042400 0.064634
0 0.481600 0.219512 0.040000 0.065854
0 0.273200 0.422561 0.040800 0.064634
0 0.250000 0.354878 0.040800 0.063415
0 0.733200 0.423171 0.072800 0.065854
0 0.317600 0.421341 0.041600 0.064634
0 0.681200 0.287195 0.042400 0.067073
0 0.382800 0.354268 0.040800 0.064634
0 0.495200 0.421951 0.041600 0.065854
0 0.693600 0.354268 0.041600 0.064634
0 0.526400 0.220122 0.040000 0.067073
0 0.228400 0.421951 0.040800 0.065854
0 0.216000 0.219512 0.040000 0.065854
0 0.583200 0.421951 0.040000 0.065854
0 0.560800 0.354268 0.041600 0.064634
0 0.181200 0.285976 0.063200 0.064634
0 0.304000 0.219512 0.041600 0.065854
0 0.583200 0.489634 0.043200 0.064634
0 0.604800 0.354268 0.041600 0.064634
0 0.237200 0.287805 0.042400 0.065854
0 0.671600 0.421341 0.040800 0.064634
0 0.176400 0.423780 0.055200 0.064634
0 0.282000 0.286585 0.042400 0.065854
0 0.438000 0.219512 0.040800 0.065854
0 0.592400 0.286585 0.042400 0.063415
0 0.692800 0.496341 0.076800 0.063415
0 0.427200 0.354268 0.041600 0.064634
0 0.614400 0.219512 0.041600 0.065854
0 0.317600 0.489634 0.041600 0.064634
0 0.326400 0.287195 0.041600 0.064634
0 0.260000 0.219512 0.041600 0.065854
0 0.174800 0.491463 0.056800 0.065854
0 0.768800 0.219512 0.081600 0.063415
0 0.406400 0.421951 0.041600 0.065854
0 0.628000 0.421951 0.040000 0.063415
0 0.504000 0.287195 0.041600 0.064634
0 0.703600 0.218902 0.040800 0.064634
0 0.450400 0.421951 0.043200 0.065854
0 0.659200 0.219512 0.041600 0.065854
0 0.547600 0.285976 0.040800 0.062195
0 0.450400 0.491463 0.219200 0.065854
