0 0.303060 0.417105 0.034551 0.046053
0 0.541461 0.483882 0.036525 0.048026
0 0.397335 0.315132 0.033564 0.047368
0 0.622409 0.432895 0.035538 0.046053
0 0.614018 0.275329 0.035538 0.045395
0 0.247779 0.362829 0.034551 0.045395
0 0.326012 0.366118 0.035044 0.045395
0 0.673495 0.329605 0.035044 0.046053
0 0.300592 0.471711 0.035538 0.047368
0 0.286525 0.363816 0.035044 0.044737
0 0.653011 0.276974 0.033564 0.044737
0 0.318855 0.314145 0.035538 0.045395
0 0.594521 0.325000 0.035044 0.046053
0 0.682626 0.382237 0.035538 0.047368
0 0.225568 0.413816 0.035538 0.047368
0 0.280602 0.311513 0.035044 0.045395
0 0.380059 0.265461 0.034551 0.045395
0 0.462488 0.425000 0.035538 0.047368
0 0.536278 0.271711 0.035044 0.046053
0 0.241856 0.310197 0.035538 0.045395
0 0.341066 0.263158 0.034551 0.044737
0 0.554788 0.323355 0.035538 0.045395
0 0.404245 0.368421 0.034551 0.046053
0 0.365499 0.367434 0.034057 0.045395
0 0.603159 0.378618 0.035538 0.046711
0 0.195953 0.308882 0.049358 0.044079
0 0.183613 0.412829 0.039487 0.045395
0 0.342547 0.419408 0.035538 0.046711
0 0.436575 0.318421 0.034057 0.044737
0 0.531096 0.364803 0.764067 0.378289
0 0.419546 0.267434 0.034551 0.044079
0 0.523445 0.373684 0.035044 0.048684
0 0.542448 0.429276 0.035538 0.046711
0 0.563425 0.376316 0.035044 0.047368
0 0.197680 0.360197 0.058736 0.045395
0 0.444472 0.370395 0.035044 0.047368
0 0.264314 0.415789 0.035044 0.046053
0 0.483959 0.372368 0.034057 0.047368
0 0.502715 0.427632 0.036032 0.047368
0 0.707552 0.279605 0.061698 0.044737
0 0.226061 0.258553 0.033564 0.044737
0 0.643139 0.380263 0.035538 0.047368
0 0.476061 0.319737 0.035044 0.047368
0 0.515548 0.321053 0.035044 0.046053
0 0.358342 0.315132 0.034551 0.044737
0 0.180158 0.465461 0.041461 0.046711
0 0.303060 0.261842 0.034551 0.044737
0 0.264808 0.260197 0.035044 0.044079
0 0.458045 0.268421 0.034551 0.044737
0 0.716930 0.357895 0.042942 0.100000
0 0.496545 0.270395 0.034551 0.046053
0 0.632774 0.487829 0.057256 0.048026
0 0.421027 0.478618 0.195459 0.051974
0 0.190276 0.257566 0.030109 0.045395
0 0.575025 0.273684 0.035538 0.044737
0 0.382527 0.421053 0.035538 0.046053
0 0.672754 0.435526 0.055281 0.047368
0 0.422507 0.423026 0.035538 0.047368
0 0.582922 0.430921 0.035538 0.047368
0 0.633268 0.326974 0.035538 0.047368
