0 0.542530 0.336207 0.036243 0.079937
0 0.201183 0.336207 0.036982 0.079937
0 0.425666 0.156740 0.037722 0.081505
0 0.180473 0.427116 0.036982 0.079937
0 0.137574 0.427900 0.036982 0.078370
0 0.286612 0.336207 0.036243 0.079937
0 0.041420 0.155172 0.036982 0.078370
0 0.361686 0.246865 0.036982 0.079937
0 0.350962 0.427116 0.037722 0.079937
0 0.574704 0.245298 0.036982 0.079937
0 0.275888 0.246082 0.035503 0.078370
0 0.500000 0.336991 0.036982 0.078370
0 0.045858 0.427900 0.048817 0.078370
0 0.585059 0.336207 0.036982 0.079937
0 0.164201 0.518809 0.048817 0.081505
0 0.308062 0.426332 0.037722 0.078370
0 0.297707 0.155956 0.037722 0.079937
0 0.057322 0.336991 0.070266 0.081505
0 0.050666 0.246865 0.059911 0.079937
0 0.601701 0.425549 0.111686 0.079937
0 0.490754 0.303292 0.965237 0.603448
0 0.489275 0.246082 0.036243 0.078370
0 0.457101 0.335423 0.036982 0.078370
0 0.312870 0.517241 0.241124 0.081505
0 0.329512 0.336207 0.036243 0.079937
0 0.532175 0.246865 0.037722 0.079937
0 0.318787 0.246865 0.036982 0.079937
0 0.223003 0.427900 0.037722 0.078370
0 0.446746 0.246082 0.036982 0.078370
0 0.629438 0.517241 0.060651 0.081505
0 0.191198 0.246865 0.037722 0.079937
0 0.265533 0.427116 0.036982 0.079937
0 0.169379 0.156740 0.036982 0.081505
0 0.393121 0.427116 0.037722 0.079937
0 0.553994 0.155172 0.036982 0.078370
0 0.147929 0.246082 0.036982 0.078370
0 0.462648 0.518025 0.049556 0.079937
0 0.627959 0.291536 0.059172 0.172414
0 0.340237 0.157524 0.036982 0.079937
0 0.521080 0.426332 0.037722 0.078370
0 0.414571 0.336207 0.037722 0.079937
0 0.126479 0.155956 0.036982 0.079937
0 0.115754 0.336991 0.036243 0.078370
0 0.055473 0.523511 0.060651 0.081505
0 0.383136 0.157524 0.036982 0.079937
0 0.468565 0.155956 0.037722 0.079937
0 0.403846 0.245298 0.036982 0.076803
0 0.372041 0.336207 0.036982 0.079937
0 0.478550 0.426332 0.036982 0.078370
0 0.158654 0.336991 0.036243 0.078370
0 0.233358 0.246082 0.036243 0.078370
0 0.083580 0.154389 0.036982 0.079937
0 0.511464 0.155956 0.037722 0.079937
0 0.255547 0.155956 0.037722 0.079937
0 0.105399 0.246865 0.037722 0.079937
0 0.435651 0.426332 0.036982 0.078370
0 0.093935 0.427116 0.038462 0.079937
0 0.617604 0.154389 0.078402 0.079937
0 0.243713 0.336207 0.036243 0.079937
0 0.212278 0.155956 0.036982 0.079937
