0 0.228382 0.558206 0.039749 0.108779
0 0.217573 0.440840 0.040446 0.106870
0 0.349721 0.440840 0.039749 0.106870
0 0.118550 0.675573 0.040446 0.106870
0 0.557880 0.675573 0.040446 0.103053
0 0.063808 0.323473 0.039749 0.104962
0 0.316248 0.557252 0.039749 0.106870
0 0.536611 0.559160 0.039749 0.106870
0 0.594142 0.329198 0.039052 0.104962
0 0.130056 0.441794 0.041144 0.108779
0 0.503487 0.323473 0.040446 0.108779
0 0.360181 0.557252 0.039749 0.106870
0 0.294630 0.675573 0.039749 0.106870
0 0.070084 0.676527 0.055091 0.108779
0 0.250697 0.676527 0.039749 0.108779
0 0.437238 0.439885 0.039052 0.104962
0 0.652022 0.500000 0.051604 0.229008
0 0.359484 0.803435 0.261506 0.133588
0 0.272315 0.557252 0.038354 0.106870
0 0.525802 0.801527 0.062762 0.125954
0 0.195607 0.801527 0.063459 0.125954
0 0.080544 0.558206 0.073222 0.108779
0 0.195607 0.323473 0.041144 0.108779
0 0.580544 0.558206 0.039749 0.108779
0 0.646444 0.321565 0.061367 0.108779
0 0.525453 0.439885 0.039749 0.104962
0 0.184449 0.559160 0.039749 0.106870
0 0.618898 0.558206 0.028591 0.108779
0 0.607392 0.438931 0.027894 0.106870
0 0.074268 0.440840 0.062064 0.106870
0 0.173640 0.440840 0.039052 0.106870
0 0.327755 0.323473 0.040446 0.104962
0 0.514296 0.674618 0.039749 0.104962
0 0.629707 0.674618 0.093445 0.108779
0 0.415621 0.324427 0.040446 0.106870
0 0.239888 0.322519 0.039052 0.106870
0 0.459554 0.324427 0.040446 0.106870
0 0.448047 0.558206 0.039749 0.108779
0 0.371688 0.324427 0.040446 0.106870
0 0.140516 0.559160 0.039749 0.106870
0 0.470014 0.675573 0.040446 0.106870
0 0.338215 0.675573 0.040446 0.106870
0 0.647490 0.801527 0.064854 0.129771
0 0.162831 0.674618 0.039749 0.104962
0 0.481172 0.440840 0.040446 0.106870
0 0.283821 0.323473 0.040446 0.104962
0 0.261855 0.440840 0.039749 0.106870
0 0.512204 0.520038 0.976987 0.791985
0 0.404114 0.557252 0.038354 0.106870
0 0.491632 0.557252 0.039052 0.106870
0 0.152022 0.323473 0.040446 0.104962
0 0.073570 0.802481 0.066248 0.131679
0 0.549512 0.330153 0.040446 0.106870
0 0.382497 0.676527 0.041144 0.108779
0 0.207113 0.675573 0.039052 0.106870
0 0.107741 0.322519 0.039749 0.106870
0 0.305788 0.439885 0.038354 0.104962
0 0.569386 0.440840 0.039749 0.106870
0 0.426081 0.676527 0.041841 0.108779
0 0.393654 0.440840 0.039749 0.106870
