0 0.556920 0.329403 0.036458 0.080189
0 0.213542 0.329403 0.037202 0.080189
0 0.439360 0.149371 0.037946 0.081761
0 0.192708 0.420597 0.037202 0.080189
0 0.149554 0.421384 0.037202 0.078616
0 0.299479 0.329403 0.036458 0.080189
0 0.052827 0.147799 0.037202 0.078616
0 0.375000 0.239780 0.037202 0.080189
0 0.364211 0.420597 0.037946 0.080189
0 0.589286 0.238208 0.037202 0.080189
0 0.288690 0.238994 0.035714 0.078616
0 0.514137 0.330189 0.037202 0.078616
0 0.057292 0.421384 0.049107 0.078616
0 0.599702 0.329403 0.037202 0.080189
0 0.176339 0.512579 0.049107 0.081761
0 0.321057 0.419811 0.037946 0.078616
0 0.310640 0.148585 0.037946 0.080189
0 0.068824 0.330189 0.070685 0.081761
0 0.062128 0.239780 0.060268 0.080189
0 0.616443 0.419025 0.112351 0.080189
0 0.504836 0.300314 0.970982 0.597484
0 0.503348 0.238994 0.036458 0.078616
0 0.470982 0.328616 0.037202 0.078616
0 0.325893 0.511006 0.242560 0.081761
0 0.342634 0.329403 0.036458 0.080189
0 0.546503 0.239780 0.037946 0.080189
0 0.331845 0.239780 0.037202 0.080189
0 0.235491 0.421384 0.037946 0.078616
0 0.460565 0.238994 0.037202 0.078616
0 0.644345 0.511006 0.061012 0.081761
0 0.203497 0.239780 0.037946 0.080189
0 0.278274 0.420597 0.037202 0.080189
0 0.181548 0.149371 0.037202 0.081761
0 0.406622 0.420597 0.037946 0.080189
0 0.568452 0.147799 0.037202 0.078616
0 0.159970 0.238994 0.037202 0.078616
0 0.476562 0.511792 0.049851 0.080189
0 0.642857 0.284591 0.059524 0.172956
0 0.353423 0.150157 0.037202 0.080189
0 0.535342 0.419811 0.037946 0.078616
0 0.428199 0.329403 0.037946 0.080189
0 0.138393 0.148585 0.037202 0.080189
0 0.127604 0.330189 0.036458 0.078616
0 0.066964 0.517296 0.061012 0.081761
0 0.396577 0.150157 0.037202 0.080189
0 0.482515 0.148585 0.037946 0.080189
0 0.417411 0.238208 0.037202 0.077044
0 0.385417 0.329403 0.037202 0.080189
0 0.492560 0.419811 0.037202 0.078616
0 0.170759 0.330189 0.036458 0.078616
0 0.245908 0.238994 0.036458 0.078616
0 0.095238 0.147013 0.037202 0.080189
0 0.525670 0.148585 0.037946 0.080189
0 0.268229 0.148585 0.037946 0.080189
0 0.117188 0.239780 0.037946 0.080189
0 0.449405 0.419811 0.037202 0.078616
0 0.105655 0.420597 0.038690 0.080189
0 0.632440 0.147013 0.078869 0.080189
0 0.256324 0.329403 0.036458 0.080189
0 0.224702 0.148585 0.037202 0.080189
