0 0.412938 0.409241 0.035992 0.125413
0 0.325389 0.410891 0.035992 0.122112
0 0.358463 0.699670 0.037938 0.125413
0 0.172179 0.268977 0.036965 0.122112
0 0.237840 0.410891 0.035992 0.122112
0 0.489786 0.698020 0.037938 0.122112
0 0.292315 0.556106 0.035992 0.122112
0 0.401751 0.699670 0.038911 0.125413
0 0.473735 0.844884 0.050584 0.125413
0 0.260214 0.268977 0.037938 0.122112
0 0.044747 0.702970 0.048638 0.118812
0 0.369650 0.410891 0.036965 0.122112
0 0.379864 0.552805 0.035992 0.122112
0 0.533560 0.698020 0.037938 0.122112
0 0.149805 0.409241 0.036965 0.125413
0 0.644455 0.846535 0.061284 0.122112
0 0.056420 0.554455 0.071984 0.125413
0 0.511673 0.554455 0.036965 0.125413
0 0.304475 0.268977 0.036965 0.122112
0 0.457198 0.410891 0.036965 0.122112
0 0.435311 0.267327 0.037938 0.125413
0 0.348249 0.268977 0.036965 0.122112
0 0.446012 0.696370 0.037938 0.125413
0 0.160992 0.556106 0.037938 0.122112
0 0.642996 0.485149 0.058366 0.270627
0 0.467899 0.554455 0.036965 0.125413
0 0.523346 0.268977 0.036965 0.122112
0 0.204280 0.554455 0.036965 0.125413
0 0.040856 0.267327 0.036965 0.118812
0 0.216440 0.268977 0.035992 0.122112
0 0.194066 0.412541 0.037938 0.125413
0 0.281615 0.409241 0.035992 0.125413
0 0.501459 0.493399 0.989300 0.973597
0 0.094358 0.699670 0.038911 0.125413
0 0.555447 0.554455 0.036965 0.125413
0 0.566634 0.265677 0.037938 0.122112
0 0.183366 0.699670 0.037938 0.125413
0 0.139105 0.699670 0.036965 0.125413
0 0.116732 0.556106 0.036965 0.122112
0 0.588521 0.409241 0.036965 0.125413
0 0.423638 0.554455 0.037938 0.125413
0 0.227140 0.699670 0.037938 0.125413
0 0.314689 0.698020 0.037938 0.122112
0 0.106031 0.412541 0.038911 0.125413
0 0.050097 0.848185 0.063230 0.125413
0 0.599222 0.551155 0.036965 0.125413
0 0.500486 0.410891 0.035992 0.122112
0 0.336089 0.554455 0.037938 0.125413
0 0.084144 0.265677 0.035992 0.122112
0 0.391537 0.268977 0.037938 0.122112
0 0.544261 0.409241 0.037938 0.125413
0 0.633268 0.267327 0.079767 0.118812
0 0.479572 0.268977 0.036965 0.122112
0 0.270914 0.698020 0.037938 0.122112
0 0.320039 0.844884 0.249027 0.125413
0 0.167315 0.844884 0.050584 0.125413
0 0.616245 0.698020 0.113813 0.122112
0 0.050584 0.414191 0.060311 0.122112
0 0.248541 0.554455 0.035992 0.125413
0 0.128405 0.267327 0.036965 0.118812
