0 0.481481 0.229624 0.050370 0.105016
0 0.234074 0.117555 0.048889 0.103448
0 0.750370 0.288401 0.063704 0.219436
0 0.550000 0.344044 0.049630 0.105016
0 0.384815 0.344044 0.051111 0.105016
0 0.247407 0.458464 0.051852 0.105016
0 0.467037 0.457680 0.052593 0.106583
0 0.192593 0.457680 0.050370 0.103448
0 0.708519 0.344044 0.036296 0.105016
0 0.354074 0.579937 0.265185 0.125392
0 0.040370 0.344044 0.079259 0.105016
0 0.302593 0.457680 0.051111 0.106583
0 0.371481 0.231191 0.051111 0.105016
0 0.205556 0.231975 0.051111 0.106583
0 0.357407 0.457680 0.052593 0.103448
0 0.564444 0.118339 0.051852 0.105016
0 0.523333 0.579154 0.064444 0.123824
0 0.646296 0.230408 0.051111 0.106583
0 0.261111 0.231191 0.051111 0.105016
0 0.019630 0.579154 0.037778 0.123824
0 0.081852 0.456897 0.051111 0.105016
0 0.535926 0.231191 0.051111 0.105016
0 0.722222 0.457680 0.120000 0.106583
0 0.743333 0.117555 0.077778 0.106583
0 0.577407 0.456897 0.051111 0.101881
0 0.033333 0.230408 0.065185 0.106583
0 0.329630 0.345611 0.050370 0.105016
0 0.150370 0.230408 0.050370 0.106583
0 0.178519 0.118339 0.051852 0.105016
0 0.500741 0.337774 1.000000 0.672414
0 0.585556 0.579154 0.051111 0.123824
0 0.095556 0.231975 0.051852 0.106583
0 0.274444 0.344044 0.049630 0.105016
0 0.184815 0.579154 0.064444 0.123824
0 0.591481 0.230408 0.049630 0.103448
0 0.694444 0.231191 0.036296 0.105016
0 0.137037 0.457680 0.051852 0.103448
0 0.605185 0.344828 0.050370 0.103448
0 0.632593 0.457680 0.051852 0.103448
0 0.344444 0.118339 0.051852 0.105016
0 0.619259 0.118339 0.050370 0.105016
0 0.164074 0.345611 0.051111 0.105016
0 0.315926 0.229624 0.049630 0.105016
0 0.412222 0.458464 0.051111 0.105016
0 0.508889 0.118339 0.051852 0.105016
0 0.109259 0.344044 0.049630 0.105016
0 0.494815 0.344828 0.050370 0.106583
0 0.399259 0.118339 0.050370 0.105016
0 0.454074 0.118339 0.051852 0.105016
0 0.660000 0.344828 0.050370 0.106583
0 0.522222 0.456897 0.050370 0.105016
0 0.288889 0.119122 0.050370 0.103448
0 0.439630 0.344828 0.049630 0.106583
0 0.123333 0.117555 0.051111 0.103448
0 0.674444 0.117555 0.049630 0.103448
0 0.219259 0.345611 0.050370 0.105016
0 0.425926 0.231191 0.050370 0.105016
0 0.026296 0.458464 0.051111 0.105016
0 0.068148 0.117555 0.050370 0.103448
0 0.018889 0.117555 0.036296 0.103448
