0 0.489418 0.470657 0.034392 0.063380
0 0.576058 0.544601 0.027778 0.065728
0 0.307540 0.692488 0.205026 0.075117
0 0.506614 0.397887 0.037037 0.063380
0 0.193122 0.464789 0.037037 0.065728
0 0.052910 0.462441 0.060847 0.061033
0 0.044312 0.680751 0.038360 0.065728
0 0.320106 0.465962 0.037037 0.063380
0 0.210317 0.390845 0.034392 0.063380
0 0.097222 0.609155 0.035714 0.063380
0 0.083995 0.388498 0.035714 0.063380
0 0.294974 0.393192 0.037037 0.063380
0 0.234127 0.465962 0.037037 0.063380
0 0.047619 0.609155 0.047619 0.063380
0 0.548280 0.396714 0.035714 0.065728
0 0.285714 0.538732 0.037037 0.063380
0 0.264550 0.612676 0.037037 0.065728
0 0.181217 0.611502 0.034392 0.063380
0 0.587302 0.617371 0.089947 0.065728
0 0.337963 0.393192 0.035714 0.063380
0 0.277778 0.464789 0.037037 0.061033
0 0.422619 0.395540 0.035714 0.063380
0 0.434524 0.613850 0.035714 0.063380
0 0.604497 0.399061 0.060847 0.065728
0 0.594577 0.692488 0.080688 0.065728
0 0.126323 0.388498 0.035714 0.063380
0 0.531085 0.470657 0.035714 0.063380
0 0.464947 0.396714 0.035714 0.065728
0 0.243386 0.538732 0.034392 0.063380
0 0.118386 0.536385 0.035714 0.063380
0 0.167989 0.389671 0.037037 0.061033
0 0.349868 0.613850 0.035714 0.063380
0 0.476190 0.615023 0.037037 0.065728
0 0.391534 0.613850 0.037037 0.063380
0 0.371032 0.541080 0.035714 0.063380
0 0.439815 0.687793 0.051587 0.065728
0 0.150794 0.463615 0.037037 0.063380
0 0.447090 0.469484 0.037037 0.065728
0 0.455688 0.541080 0.035714 0.063380
0 0.413360 0.539906 0.035714 0.065728
0 0.568122 0.470657 0.027778 0.068075
0 0.539021 0.543427 0.035714 0.063380
0 0.041667 0.387324 0.035714 0.061033
0 0.201720 0.538732 0.035714 0.063380
0 0.252646 0.393192 0.037037 0.063380
0 0.307540 0.613850 0.038360 0.063380
0 0.175265 0.685446 0.048942 0.065728
0 0.405423 0.467136 0.035714 0.061033
0 0.139550 0.610329 0.035714 0.061033
0 0.380291 0.395540 0.038360 0.063380
0 0.362434 0.468310 0.037037 0.063380
0 0.222884 0.611502 0.035714 0.063380
0 0.109127 0.463615 0.038360 0.063380
0 0.058862 0.535211 0.070106 0.065728
0 0.500661 0.509390 0.980159 0.516432
0 0.517857 0.616197 0.035714 0.063380
0 0.611111 0.509390 0.044974 0.140845
0 0.497354 0.542254 0.034392 0.065728
0 0.160053 0.537559 0.037037 0.061033
0 0.328704 0.538732 0.038360 0.063380
