0 0.304333 0.191751 0.043333 0.111433
0 0.141333 0.177279 0.040000 0.105644
0 0.482333 0.205499 0.048667 0.118669
0 0.486333 0.499276 0.966000 0.992764
0 0.271000 0.308249 0.043333 0.109986
0 0.402000 0.451520 0.046667 0.118669
0 0.653000 0.219247 0.100667 0.125904
0 0.069000 0.285818 0.048667 0.102750
0 0.592000 0.346599 0.050667 0.120116
0 0.104333 0.172938 0.039333 0.102750
0 0.271000 0.433430 0.043333 0.111433
0 0.063000 0.401592 0.058000 0.105644
0 0.654333 0.354559 0.076667 0.127352
0 0.189667 0.298119 0.042000 0.109986
0 0.150333 0.293054 0.040667 0.108538
0 0.239000 0.549928 0.046000 0.112880
0 0.459667 0.592619 0.050000 0.117221
0 0.118667 0.527496 0.041333 0.108538
0 0.448000 0.459479 0.046667 0.120116
0 0.229333 0.424747 0.042667 0.111433
0 0.230000 0.304631 0.042667 0.111433
0 0.401333 0.322721 0.046667 0.115774
0 0.062000 0.517366 0.077333 0.111433
0 0.358000 0.445731 0.046667 0.118669
0 0.435333 0.201881 0.048000 0.117221
0 0.111333 0.290159 0.041333 0.108538
0 0.519000 0.748191 0.091333 0.133140
0 0.578000 0.616498 0.093333 0.133140
0 0.357667 0.319103 0.047333 0.114327
0 0.314000 0.313314 0.045333 0.114327
0 0.189333 0.420405 0.042667 0.111433
0 0.072000 0.175109 0.030667 0.098408
0 0.110667 0.406657 0.040000 0.107091
0 0.324333 0.566570 0.047333 0.117221
0 0.149000 0.413893 0.040667 0.107091
0 0.158000 0.534732 0.042667 0.108538
0 0.032667 0.634588 0.041333 0.108538
0 0.626667 0.487699 0.117333 0.133140
0 0.262333 0.188133 0.043333 0.112880
0 0.181000 0.179450 0.042000 0.107091
0 0.506667 0.601302 0.050667 0.123010
0 0.494000 0.335022 0.048000 0.120116
0 0.276000 0.695369 0.220000 0.169320
0 0.542333 0.340810 0.050000 0.120116
0 0.543333 0.473951 0.050667 0.123010
0 0.495333 0.468886 0.048000 0.118669
0 0.313667 0.438495 0.044667 0.112880
0 0.221000 0.184515 0.042000 0.105644
0 0.347333 0.193922 0.045333 0.115774
0 0.146000 0.657742 0.042667 0.117221
0 0.368000 0.575977 0.048000 0.121563
0 0.578667 0.212735 0.049333 0.118669
0 0.413000 0.583213 0.048667 0.118669
0 0.446667 0.330680 0.048000 0.117221
0 0.404333 0.717800 0.050000 0.127352
0 0.280667 0.557887 0.046667 0.114327
0 0.529333 0.210564 0.049333 0.120116
0 0.197667 0.542692 0.044667 0.109986
0 0.390333 0.199711 0.046000 0.115774
