0 0.235526 0.411243 0.037719 0.130178
0 0.523246 0.692308 0.039474 0.124260
0 0.471053 0.272189 0.038596 0.130178
0 0.321053 0.411243 0.038596 0.130178
0 0.300000 0.270710 0.038596 0.127219
0 0.545614 0.551775 0.038596 0.133136
0 0.160526 0.551775 0.038596 0.127219
0 0.331579 0.846154 0.252632 0.153846
0 0.214474 0.270710 0.037719 0.127219
0 0.203509 0.553254 0.038596 0.130178
0 0.353070 0.692308 0.039474 0.130178
0 0.428509 0.272189 0.039474 0.124260
0 0.513596 0.270710 0.039474 0.127219
0 0.225000 0.693787 0.039474 0.127219
0 0.085965 0.270710 0.038596 0.127219
0 0.364035 0.411243 0.038596 0.130178
0 0.593860 0.692308 0.091228 0.130178
0 0.501754 0.501479 0.992982 0.967456
0 0.331579 0.550296 0.038596 0.130178
0 0.406140 0.409763 0.038596 0.127219
0 0.450439 0.423077 0.039474 0.130178
0 0.051754 0.698225 0.049123 0.130178
0 0.502632 0.551775 0.038596 0.127219
0 0.107456 0.411243 0.039474 0.130178
0 0.610088 0.841716 0.062281 0.150888
0 0.171491 0.270710 0.039474 0.127219
0 0.461842 0.563609 0.037719 0.133136
0 0.139474 0.690828 0.038596 0.127219
0 0.182456 0.693787 0.038596 0.127219
0 0.171930 0.841716 0.061404 0.150888
0 0.416667 0.551775 0.038596 0.133136
0 0.395175 0.693787 0.039474 0.133136
0 0.192982 0.411243 0.038596 0.130178
0 0.441228 0.704142 0.038596 0.130178
0 0.310088 0.692308 0.039474 0.130178
0 0.246053 0.551775 0.037719 0.127219
0 0.374123 0.550296 0.037719 0.130178
0 0.150000 0.411243 0.038596 0.130178
0 0.481140 0.690828 0.039474 0.127219
0 0.257018 0.270710 0.038596 0.127219
0 0.491667 0.411243 0.037719 0.130178
0 0.118421 0.551775 0.038596 0.127219
0 0.061842 0.559172 0.071053 0.130178
0 0.042982 0.272189 0.038596 0.124260
0 0.053947 0.411243 0.060526 0.130178
0 0.615351 0.482249 0.050000 0.272189
0 0.096491 0.692308 0.040351 0.130178
0 0.342982 0.273669 0.038596 0.127219
0 0.053070 0.843195 0.062281 0.153846
0 0.278509 0.409763 0.037719 0.127219
0 0.571491 0.411243 0.027193 0.130178
0 0.267982 0.692308 0.039474 0.130178
0 0.534649 0.411243 0.037719 0.130178
0 0.492105 0.841716 0.061404 0.150888
0 0.385526 0.273669 0.039474 0.127219
0 0.582456 0.550296 0.028070 0.130178
0 0.288596 0.551775 0.038596 0.127219
0 0.556140 0.270710 0.038596 0.127219
0 0.128947 0.270710 0.038596 0.127219
0 0.609211 0.270710 0.060526 0.127219
