0 0.805417 0.580313 0.382500 0.104375
0 0.907500 0.210938 0.123333 0.076875
0 0.751250 0.380625 0.129167 0.086250
0 0.520000 0.208437 0.118333 0.071875
0 0.152083 0.205313 0.110833 0.069375
0 0.894167 0.383437 0.133333 0.088125
0 0.776667 0.209687 0.121667 0.075625
0 0.589583 0.290938 0.122500 0.080625
0 0.272500 0.205313 0.113333 0.069375
0 0.167083 0.283750 0.194167 0.077500
0 0.511250 0.571250 0.185833 0.105000
0 0.400000 0.466875 0.130000 0.090000
0 0.647083 0.208750 0.117500 0.071250
0 0.965417 0.294063 0.060833 0.079375
0 0.539167 0.469687 0.131667 0.091875
0 0.161667 0.368437 0.231667 0.083125
0 0.344167 0.372500 0.123333 0.083750
0 0.395000 0.206875 0.115000 0.072500
0 0.721667 0.291250 0.121667 0.080000
0 0.858333 0.292500 0.126667 0.080000
0 0.477500 0.375937 0.125000 0.083125
0 0.612500 0.378125 0.128333 0.085000
0 0.681667 0.474062 0.135000 0.093125
0 0.331250 0.287813 0.122500 0.079375
0 0.106250 0.458437 0.169167 0.088125
0 0.066250 0.555937 0.130833 0.098125
0 0.952917 0.479687 0.085833 0.096875
0 0.828750 0.477187 0.140833 0.095625
0 0.458750 0.287500 0.119167 0.078750
0 0.264167 0.463125 0.130000 0.088750
0 0.496250 0.388750 0.989167 0.633750
