0 0.473951 0.209356 0.049204 0.102761
0 0.232272 0.099693 0.047757 0.101227
0 0.736614 0.266871 0.062229 0.214724
0 0.540883 0.321319 0.048480 0.102761
0 0.379522 0.321319 0.049928 0.102761
0 0.245297 0.433282 0.050651 0.102761
0 0.459841 0.432515 0.051375 0.104294
0 0.191751 0.432515 0.049204 0.101227
0 0.695731 0.321319 0.035456 0.102761
0 0.349493 0.552147 0.259045 0.122699
0 0.041245 0.321319 0.081042 0.102761
0 0.299204 0.432515 0.049928 0.104294
0 0.366498 0.210890 0.049928 0.102761
0 0.204414 0.211656 0.049928 0.104294
0 0.352750 0.432515 0.051375 0.101227
0 0.554993 0.100460 0.050651 0.102761
0 0.514834 0.551380 0.062952 0.121166
0 0.634949 0.210123 0.049928 0.104294
0 0.258683 0.210890 0.049928 0.102761
0 0.020984 0.551380 0.040521 0.121166
0 0.083575 0.431748 0.049928 0.102761
0 0.527135 0.210890 0.049928 0.102761
0 0.709117 0.432515 0.117221 0.104294
0 0.729740 0.099693 0.075977 0.104294
0 0.567656 0.431748 0.049928 0.099693
0 0.034370 0.210123 0.067294 0.104294
0 0.325615 0.322853 0.049204 0.102761
0 0.150507 0.210123 0.049204 0.104294
0 0.178003 0.100460 0.050651 0.102761
0 0.500724 0.322853 1.000000 0.642638
0 0.575615 0.551380 0.049928 0.121166
0 0.096961 0.211656 0.050651 0.104294
0 0.271708 0.321319 0.048480 0.102761
0 0.184153 0.551380 0.062952 0.121166
0 0.581404 0.210123 0.048480 0.101227
0 0.681983 0.210890 0.035456 0.102761
0 0.137482 0.432515 0.050651 0.101227
0 0.594790 0.322086 0.049204 0.101227
0 0.621563 0.432515 0.050651 0.101227
0 0.340087 0.100460 0.050651 0.102761
0 0.608538 0.100460 0.049204 0.102761
0 0.163893 0.322853 0.049928 0.102761
0 0.312229 0.209356 0.048480 0.102761
0 0.406295 0.433282 0.049928 0.102761
0 0.500724 0.100460 0.050651 0.102761
0 0.110347 0.321319 0.048480 0.102761
0 0.486975 0.322086 0.049204 0.104294
0 0.393632 0.100460 0.049204 0.102761
0 0.447178 0.100460 0.050651 0.102761
0 0.648336 0.322086 0.049204 0.104294
0 0.513748 0.431748 0.049204 0.102761
0 0.285818 0.101227 0.049204 0.101227
0 0.433068 0.322086 0.048480 0.104294
0 0.124096 0.099693 0.049928 0.101227
0 0.662446 0.099693 0.048480 0.101227
0 0.217800 0.322853 0.049204 0.102761
0 0.419682 0.210890 0.049204 0.102761
0 0.027496 0.433282 0.053546 0.102761
0 0.070188 0.099693 0.049204 0.101227
0 0.020260 0.099693 0.039074 0.101227
