0 0.283228 0.491034 0.034810 0.034810
0 0.106013 0.448312 0.034810 0.035865
0 0.511076 0.532700 0.034810 0.033755
0 0.572785 0.489979 0.035865 0.034810
0 0.501055 0.407173 0.035865 0.035865
0 0.589135 0.531646 0.106540 0.033755
0 0.324895 0.491034 0.033755 0.034810
0 0.620781 0.574895 0.047468 0.035865
0 0.335443 0.407700 0.035865 0.034810
0 0.117089 0.491034 0.035865 0.036920
0 0.397679 0.448312 0.033755 0.033755
0 0.356013 0.448840 0.034810 0.034810
0 0.479958 0.448840 0.035865 0.034810
0 0.211498 0.406646 0.034810 0.034810
0 0.418249 0.406646 0.036920 0.034810
0 0.387131 0.533228 0.035865 0.036920
0 0.048523 0.532700 0.046414 0.033755
0 0.241561 0.490506 0.033755 0.035865
0 0.438819 0.448840 0.035865 0.034810
0 0.059599 0.491034 0.066456 0.034810
0 0.252637 0.406646 0.034810 0.034810
0 0.048523 0.574367 0.046414 0.034810
0 0.522152 0.448840 0.035865 0.034810
0 0.470992 0.532700 0.034810 0.033755
0 0.366561 0.491034 0.034810 0.034810
0 0.408228 0.491034 0.035865 0.034810
0 0.490506 0.491034 0.035865 0.034810
0 0.085970 0.406646 0.034810 0.034810
0 0.137131 0.531646 0.033755 0.033755
0 0.344937 0.532700 0.035865 0.035865
0 0.459388 0.406646 0.036920 0.034810
0 0.189873 0.448312 0.035865 0.033755
0 0.465717 0.575422 0.047468 0.036920
0 0.295359 0.407700 0.035865 0.034810
0 0.428270 0.532173 0.035865 0.034810
0 0.096519 0.532173 0.036920 0.036920
0 0.169831 0.407173 0.035865 0.035865
0 0.043776 0.407173 0.036920 0.035865
0 0.303797 0.532700 0.035865 0.035865
0 0.604430 0.407173 0.075949 0.033755
0 0.532173 0.490506 0.034810 0.035865
0 0.199895 0.489979 0.034810 0.034810
0 0.262131 0.531646 0.034810 0.033755
0 0.053797 0.447785 0.054852 0.034810
0 0.376582 0.407700 0.035865 0.034810
0 0.542722 0.407173 0.036920 0.035865
0 0.273207 0.448840 0.033755 0.034810
0 0.489979 0.460443 0.958861 0.315401
0 0.309072 0.575422 0.259494 0.039030
0 0.615506 0.470464 0.055907 0.078059
0 0.563291 0.449367 0.035865 0.035865
0 0.152954 0.574367 0.046414 0.036920
0 0.448840 0.490506 0.034810 0.033755
0 0.220992 0.532173 0.034810 0.034810
0 0.231540 0.448840 0.034810 0.034810
0 0.179325 0.531646 0.033755 0.033755
0 0.158755 0.490506 0.034810 0.035865
0 0.148207 0.448840 0.034810 0.034810
0 0.314346 0.448840 0.033755 0.034810
0 0.127637 0.406646 0.035865 0.034810
