0 0.342733 0.415198 0.032538 0.077093
0 0.650759 0.330396 0.032538 0.074890
0 0.208785 0.580396 0.031453 0.072687
0 0.282538 0.332599 0.033623 0.074890
0 0.363883 0.332599 0.033623 0.074890
0 0.230477 0.498899 0.031453 0.072687
0 0.558026 0.498899 0.031453 0.072687
0 0.610087 0.331498 0.033623 0.077093
0 0.722885 0.457048 0.053145 0.160793
0 0.446312 0.331498 0.033623 0.077093
0 0.548265 0.415198 0.033623 0.077093
0 0.671909 0.416300 0.033623 0.079295
0 0.241323 0.332599 0.033623 0.074890
0 0.323210 0.332599 0.032538 0.074890
0 0.548807 0.426211 0.904555 0.711454
0 0.517896 0.498899 0.031453 0.072687
0 0.589479 0.415198 0.031453 0.077093
0 0.175163 0.500000 0.063991 0.070485
0 0.163774 0.582599 0.041215 0.068282
0 0.312364 0.497797 0.032538 0.070485
0 0.456616 0.580396 0.032538 0.077093
0 0.640998 0.500000 0.032538 0.074890
0 0.168113 0.666300 0.054230 0.077093
0 0.435466 0.497797 0.031453 0.074890
0 0.276573 0.666300 0.043384 0.077093
0 0.507050 0.414097 0.031453 0.074890
0 0.219631 0.416300 0.033623 0.074890
0 0.292299 0.581498 0.031453 0.074890
0 0.476139 0.500000 0.030369 0.074890
0 0.619848 0.581498 0.031453 0.074890
0 0.353037 0.498899 0.031453 0.072687
0 0.723427 0.666300 0.056399 0.077093
0 0.527657 0.331498 0.033623 0.077093
0 0.537419 0.581498 0.031453 0.074890
0 0.680586 0.500000 0.031453 0.074890
0 0.158894 0.332599 0.031453 0.074890
0 0.579176 0.581498 0.030369 0.074890
0 0.568872 0.331498 0.033623 0.077093
0 0.425163 0.415198 0.032538 0.077093
0 0.630694 0.415198 0.033623 0.077093
0 0.563449 0.666300 0.044469 0.081498
0 0.251085 0.581498 0.031453 0.074890
0 0.712039 0.331498 0.072668 0.072687
0 0.486443 0.331498 0.033623 0.077093
0 0.405098 0.331498 0.033623 0.077093
0 0.465293 0.415198 0.032538 0.077093
0 0.393709 0.498899 0.032538 0.072687
0 0.270607 0.498899 0.031453 0.072687
0 0.383948 0.414097 0.032538 0.074890
0 0.419740 0.677313 0.229935 0.103524
0 0.414859 0.580396 0.033623 0.077093
0 0.332972 0.579295 0.032538 0.074890
0 0.373644 0.579295 0.031453 0.074890
0 0.200108 0.332599 0.031453 0.074890
0 0.599241 0.500000 0.031453 0.074890
0 0.169197 0.415198 0.052061 0.068282
0 0.261388 0.415198 0.032538 0.077093
0 0.302061 0.415198 0.031453 0.077093
0 0.697939 0.583700 0.103037 0.066079
0 0.497289 0.580396 0.033623 0.077093
