0 0.154131 0.711614 0.045551 0.068898
0 0.561970 0.482283 0.032839 0.066929
0 0.464513 0.711614 0.047669 0.072835
0 0.116525 0.557087 0.033898 0.062992
0 0.587924 0.632874 0.103814 0.061024
0 0.180085 0.632874 0.031780 0.061024
0 0.262182 0.632874 0.032839 0.064961
0 0.272775 0.480315 0.030720 0.062992
0 0.520127 0.482283 0.033898 0.062992
0 0.498941 0.404528 0.036017 0.064961
0 0.055614 0.480315 0.054025 0.062992
0 0.085275 0.404528 0.032839 0.064961
0 0.468750 0.633858 0.032839 0.062992
0 0.314089 0.482283 0.032839 0.062992
0 0.603814 0.404528 0.074153 0.061024
0 0.613877 0.519685 0.056144 0.145669
0 0.530191 0.556102 0.032839 0.064961
0 0.619174 0.710630 0.047669 0.070866
0 0.570445 0.556102 0.032839 0.064961
0 0.488877 0.558071 0.032839 0.064961
0 0.447034 0.557087 0.031780 0.062992
0 0.168432 0.403543 0.033898 0.066929
0 0.387182 0.634843 0.034958 0.064961
0 0.427966 0.633858 0.031780 0.062992
0 0.540784 0.404528 0.032839 0.064961
0 0.138771 0.633858 0.033898 0.062992
0 0.096928 0.633858 0.032839 0.062992
0 0.416843 0.405512 0.032839 0.066929
0 0.333686 0.404528 0.033898 0.064961
0 0.158369 0.558071 0.032839 0.064961
0 0.199153 0.557087 0.033898 0.062992
0 0.049788 0.633858 0.044492 0.062992
0 0.345339 0.633858 0.033898 0.066929
0 0.364936 0.557087 0.032839 0.062992
0 0.049788 0.710630 0.046610 0.070866
0 0.043432 0.404528 0.031780 0.064961
0 0.127119 0.405512 0.033898 0.066929
0 0.061441 0.559055 0.063559 0.062992
0 0.304025 0.632874 0.033898 0.064961
0 0.209746 0.403543 0.031780 0.066929
0 0.281780 0.555118 0.031780 0.062992
0 0.106992 0.481299 0.033898 0.064961
0 0.396716 0.481299 0.032839 0.061024
0 0.231462 0.481299 0.032839 0.064961
0 0.355932 0.482283 0.033898 0.062992
0 0.149364 0.482283 0.031780 0.062992
0 0.251059 0.403543 0.033898 0.066929
0 0.479343 0.481299 0.032839 0.064961
0 0.376059 0.405512 0.033898 0.066929
0 0.240466 0.557087 0.031780 0.062992
0 0.406250 0.557087 0.030720 0.062992
0 0.221398 0.632874 0.033898 0.064961
0 0.292373 0.403543 0.033898 0.066929
0 0.458686 0.404528 0.033898 0.068898
0 0.189619 0.480315 0.033898 0.062992
0 0.309322 0.711614 0.254237 0.072835
0 0.323093 0.557087 0.031780 0.062992
0 0.510593 0.633858 0.033898 0.062992
0 0.438030 0.482283 0.032839 0.062992
0 0.490996 0.500000 0.967161 0.570866
