0 0.269531 0.351889 0.031250 0.067594
0 0.226074 0.672962 0.041992 0.069583
0 0.380371 0.505964 0.030273 0.065606
0 0.505371 0.658052 0.041992 0.067594
0 0.320801 0.587475 0.032227 0.065606
0 0.127441 0.518887 0.059570 0.067594
0 0.575195 0.497018 0.029297 0.063618
0 0.564453 0.420477 0.029297 0.065606
0 0.182129 0.514911 0.032227 0.067594
0 0.448242 0.424453 0.029297 0.061630
0 0.202637 0.594433 0.032227 0.067594
0 0.369629 0.427435 0.030273 0.063618
0 0.123047 0.438370 0.050781 0.065606
0 0.487305 0.422465 0.029297 0.061630
0 0.536621 0.499006 0.030273 0.063618
0 0.260742 0.510934 0.031250 0.067594
0 0.348633 0.348907 0.031250 0.069583
0 0.300293 0.508946 0.030273 0.063618
0 0.439453 0.581511 0.031250 0.065606
0 0.116211 0.600398 0.041016 0.063618
0 0.583008 0.339960 0.029297 0.067594
0 0.281250 0.589463 0.033203 0.065606
0 0.309082 0.350895 0.032227 0.069583
0 0.290039 0.431412 0.031250 0.063618
0 0.602051 0.418489 0.030273 0.065606
0 0.250977 0.432406 0.033203 0.065606
0 0.361328 0.585487 0.031250 0.065606
0 0.652344 0.456262 0.048828 0.145129
0 0.171387 0.435388 0.032227 0.063618
0 0.504883 0.448310 0.962891 0.622266
0 0.388672 0.346918 0.031250 0.069583
0 0.630859 0.573559 0.097656 0.065606
0 0.119629 0.679920 0.051758 0.071571
0 0.366699 0.674950 0.223633 0.089463
0 0.497559 0.500000 0.030273 0.065606
0 0.427246 0.345924 0.030273 0.071571
0 0.221191 0.511928 0.032227 0.065606
0 0.544922 0.341948 0.031250 0.067594
0 0.505859 0.342942 0.031250 0.069583
0 0.656738 0.652087 0.053711 0.071571
0 0.612793 0.496024 0.028320 0.065606
0 0.419922 0.503976 0.029297 0.065606
0 0.229980 0.353877 0.032227 0.067594
0 0.525391 0.420477 0.029297 0.065606
0 0.458496 0.501988 0.030273 0.065606
0 0.400879 0.584493 0.030273 0.063618
0 0.329590 0.429423 0.030273 0.063618
0 0.242188 0.592445 0.031250 0.063618
0 0.110840 0.359841 0.030273 0.067594
0 0.479004 0.580517 0.030273 0.063618
0 0.211426 0.434394 0.032227 0.065606
0 0.466797 0.343936 0.031250 0.067594
0 0.409668 0.426441 0.030273 0.065606
0 0.150391 0.357853 0.031250 0.067594
0 0.641113 0.336978 0.067383 0.065606
0 0.161133 0.595427 0.031250 0.065606
0 0.190918 0.353877 0.032227 0.067594
0 0.340332 0.506958 0.030273 0.063618
0 0.557129 0.576541 0.030273 0.067594
0 0.518066 0.578529 0.030273 0.063618
