0 0.401875 0.767544 0.033750 0.063596
0 0.547813 0.682566 0.031875 0.060307
0 0.494375 0.612390 0.031250 0.060307
0 0.378750 0.692434 0.032500 0.062500
0 0.114375 0.706689 0.035000 0.064693
0 0.317188 0.850877 0.270625 0.081140
0 0.555937 0.535636 0.031875 0.062500
0 0.054375 0.712171 0.067500 0.062500
0 0.040625 0.789474 0.046250 0.063596
0 0.104688 0.632127 0.034375 0.062500
0 0.247500 0.699561 0.032500 0.061404
0 0.387813 0.544408 0.033125 0.062500
0 0.314375 0.771382 0.035000 0.062500
0 0.270313 0.774671 0.034375 0.062500
0 0.151250 0.860197 0.047500 0.066886
0 0.193125 0.627741 0.033750 0.062500
0 0.367812 0.619518 0.033125 0.061404
0 0.453125 0.615132 0.032500 0.061404
0 0.410313 0.616228 0.031875 0.059211
0 0.609375 0.754386 0.106250 0.063596
0 0.050000 0.634320 0.055000 0.062500
0 0.280625 0.623355 0.032500 0.060307
0 0.421875 0.690241 0.032500 0.062500
0 0.483125 0.837171 0.045000 0.064693
0 0.091563 0.785636 0.035625 0.064693
0 0.291250 0.697917 0.033750 0.062500
0 0.487500 0.760965 0.032500 0.061404
0 0.213750 0.550987 0.033750 0.064693
0 0.081875 0.557018 0.033750 0.063596
0 0.125938 0.554825 0.034375 0.063596
0 0.158750 0.704496 0.033750 0.062500
0 0.037812 0.559759 0.033125 0.064693
0 0.644062 0.827851 0.046875 0.065789
0 0.344687 0.546053 0.033125 0.063596
0 0.529375 0.757675 0.032500 0.061404
0 0.514375 0.537829 0.032500 0.062500
0 0.170000 0.553180 0.033750 0.064693
0 0.236563 0.625548 0.033125 0.062500
0 0.302187 0.547697 0.033125 0.062500
0 0.445000 0.763158 0.032500 0.061404
0 0.618750 0.532346 0.073750 0.060307
0 0.506250 0.685307 0.032500 0.061404
0 0.430312 0.542215 0.033125 0.062500
0 0.258125 0.549342 0.033750 0.063596
0 0.472187 0.541118 0.033125 0.062500
0 0.136563 0.783443 0.034375 0.062500
0 0.181562 0.780702 0.034375 0.063596
0 0.589688 0.680373 0.031875 0.060307
0 0.501250 0.657895 0.991250 0.594298
0 0.464062 0.688596 0.031875 0.061404
0 0.149062 0.629386 0.034375 0.063596
0 0.631875 0.642544 0.055000 0.135965
0 0.358750 0.769189 0.033750 0.062500
0 0.577500 0.608553 0.032500 0.061404
0 0.324375 0.621711 0.033750 0.061404
0 0.203437 0.701754 0.033125 0.061404
0 0.335313 0.694627 0.033125 0.062500
0 0.038750 0.867873 0.046250 0.066886
0 0.535937 0.610746 0.031875 0.061404
0 0.225625 0.776864 0.035000 0.062500
