0 0.234071 0.452767 0.038900 0.052481
0 0.502347 0.556775 0.036217 0.052481
0 0.255198 0.506202 0.042254 0.052481
0 0.286385 0.619275 0.038900 0.055344
0 0.190812 0.454676 0.036888 0.054389
0 0.492622 0.500954 0.034205 0.049618
0 0.068410 0.457061 0.026828 0.051527
0 0.212944 0.507156 0.036888 0.050573
0 0.183434 0.563454 0.034205 0.052481
0 0.394702 0.448950 0.036888 0.052481
0 0.162643 0.621660 0.043595 0.052481
0 0.385983 0.560115 0.036888 0.051527
0 0.366868 0.616889 0.037559 0.054389
0 0.245473 0.619752 0.041583 0.054389
0 0.463783 0.557252 0.035547 0.051527
0 0.315560 0.451336 0.039571 0.053435
0 0.425553 0.558683 0.035547 0.052481
0 0.225687 0.562977 0.038229 0.053435
0 0.077465 0.683683 0.044936 0.048664
0 0.326626 0.616889 0.040241 0.054389
0 0.129779 0.510973 0.035547 0.050573
0 0.472502 0.447519 0.035547 0.051527
0 0.178068 0.676527 0.046278 0.051527
0 0.106975 0.456107 0.042254 0.051527
0 0.510396 0.447042 0.034876 0.052481
0 0.354795 0.450382 0.036217 0.053435
0 0.091214 0.567271 0.064386 0.052481
0 0.351107 0.672233 0.295775 0.054389
0 0.305835 0.561546 0.036217 0.052481
0 0.444333 0.613550 0.035547 0.053435
0 0.142522 0.566317 0.032864 0.052481
0 0.204896 0.620229 0.034205 0.053435
0 0.125084 0.625000 0.030181 0.051527
0 0.495641 0.538168 0.916164 0.511450
0 0.375587 0.504294 0.037559 0.052481
0 0.274983 0.452290 0.040241 0.053435
0 0.530852 0.500954 0.036888 0.051527
0 0.579142 0.555344 0.036888 0.051527
0 0.336351 0.505248 0.038229 0.052481
0 0.148893 0.456107 0.036217 0.051527
0 0.405097 0.614027 0.036217 0.054389
0 0.521797 0.611164 0.037559 0.050573
0 0.607646 0.444179 0.072435 0.052481
0 0.265929 0.562023 0.036888 0.053435
0 0.483568 0.612118 0.034876 0.050573
0 0.081154 0.510496 0.048290 0.045802
0 0.453722 0.501908 0.038229 0.049618
0 0.296445 0.506202 0.038900 0.052481
0 0.415158 0.502863 0.036217 0.049618
0 0.083501 0.625000 0.050302 0.051527
0 0.568410 0.500954 0.035547 0.053435
0 0.541247 0.555344 0.036217 0.051527
0 0.346076 0.560592 0.036217 0.052481
0 0.172032 0.509542 0.031522 0.051527
0 0.593561 0.610687 0.103286 0.053435
0 0.549296 0.446088 0.036217 0.052481
0 0.616700 0.528149 0.052985 0.107824
0 0.433602 0.447996 0.035547 0.052481
0 0.624078 0.664122 0.046278 0.053435
