0 0.268681 0.556593 0.036264 0.036264
0 0.084066 0.512088 0.036264 0.037363
0 0.506044 0.600000 0.036264 0.035165
0 0.570330 0.555495 0.037363 0.036264
0 0.495604 0.469231 0.037363 0.037363
0 0.587363 0.598901 0.110989 0.035165
0 0.312088 0.556593 0.035165 0.036264
0 0.620330 0.643956 0.049451 0.037363
0 0.323077 0.469780 0.037363 0.036264
0 0.095604 0.556593 0.037363 0.038462
0 0.387912 0.512088 0.035165 0.035165
0 0.344505 0.512637 0.036264 0.036264
0 0.473626 0.512637 0.037363 0.036264
0 0.193956 0.468681 0.036264 0.036264
0 0.409341 0.468681 0.038462 0.036264
0 0.376923 0.600549 0.037363 0.038462
0 0.024725 0.600000 0.047253 0.035165
0 0.225275 0.556044 0.035165 0.037363
0 0.430769 0.512637 0.037363 0.036264
0 0.035714 0.556593 0.069231 0.036264
0 0.236813 0.468681 0.036264 0.036264
0 0.024725 0.643407 0.047253 0.036264
0 0.517582 0.512637 0.037363 0.036264
0 0.464286 0.600000 0.036264 0.035165
0 0.355495 0.556593 0.036264 0.036264
0 0.398901 0.556593 0.037363 0.036264
0 0.484615 0.556593 0.037363 0.036264
0 0.063187 0.468681 0.036264 0.036264
0 0.116484 0.598901 0.035165 0.035165
0 0.332967 0.600000 0.037363 0.037363
0 0.452198 0.468681 0.038462 0.036264
0 0.171429 0.512088 0.037363 0.035165
0 0.458791 0.644505 0.049451 0.038462
0 0.281319 0.469780 0.037363 0.036264
0 0.419780 0.599451 0.037363 0.036264
0 0.074176 0.599451 0.038462 0.038462
0 0.150549 0.469231 0.037363 0.037363
0 0.019780 0.469231 0.037363 0.037363
0 0.290110 0.600000 0.037363 0.037363
0 0.603297 0.469231 0.079121 0.035165
0 0.528022 0.556044 0.036264 0.037363
0 0.181868 0.555495 0.036264 0.036264
0 0.246703 0.598901 0.036264 0.035165
0 0.029670 0.511538 0.057143 0.036264
0 0.365934 0.469780 0.037363 0.036264
0 0.539011 0.469231 0.038462 0.037363
0 0.258242 0.512637 0.035165 0.036264
0 0.492308 0.524725 0.982418 0.328571
0 0.295604 0.644505 0.270330 0.040659
0 0.614835 0.535165 0.058242 0.081319
0 0.560440 0.513187 0.037363 0.037363
0 0.132967 0.643407 0.048352 0.038462
0 0.441209 0.556044 0.036264 0.035165
0 0.203846 0.599451 0.036264 0.036264
0 0.214835 0.512637 0.036264 0.036264
0 0.160440 0.598901 0.035165 0.035165
0 0.139011 0.556044 0.036264 0.037363
0 0.128022 0.512637 0.036264 0.036264
0 0.301099 0.512637 0.035165 0.036264
0 0.106593 0.468681 0.037363 0.036264
