0 0.194688 0.530280 0.035625 0.094720
0 0.500313 0.468944 0.996875 0.795031
0 0.183125 0.416149 0.035000 0.090062
0 0.251875 0.302019 0.035000 0.091615
0 0.513750 0.531056 0.035000 0.090062
0 0.216250 0.642081 0.036250 0.091615
0 0.029063 0.758540 0.046875 0.094720
0 0.649375 0.472050 0.056250 0.204969
0 0.025313 0.302019 0.033125 0.094720
0 0.137500 0.416925 0.035000 0.088509
0 0.457188 0.416925 0.035625 0.088509
0 0.042500 0.531832 0.067500 0.091615
0 0.570000 0.305124 0.035000 0.094720
0 0.343438 0.302019 0.035625 0.094720
0 0.485625 0.753106 0.047500 0.093168
0 0.313437 0.757764 0.280625 0.105590
0 0.229063 0.416149 0.035625 0.090062
0 0.309688 0.642081 0.036875 0.091615
0 0.434688 0.302795 0.035625 0.093168
0 0.332500 0.530280 0.035000 0.091615
0 0.240000 0.528727 0.035000 0.091615
0 0.639062 0.300466 0.079375 0.091615
0 0.621563 0.642081 0.113125 0.091615
0 0.069062 0.300466 0.034375 0.091615
0 0.037500 0.415373 0.055000 0.088509
0 0.655937 0.754658 0.046875 0.093168
0 0.103125 0.531832 0.035000 0.091615
0 0.029687 0.642081 0.044375 0.088509
0 0.480000 0.303571 0.036250 0.094720
0 0.467813 0.529503 0.034375 0.090062
0 0.378437 0.531056 0.034375 0.093168
0 0.603750 0.529503 0.033750 0.090062
0 0.286562 0.530280 0.035625 0.091615
0 0.124688 0.642857 0.034375 0.090062
0 0.275000 0.413820 0.035000 0.088509
0 0.114375 0.302019 0.035000 0.091615
0 0.355312 0.643634 0.036875 0.091615
0 0.079375 0.642081 0.036250 0.091615
0 0.446875 0.641304 0.035000 0.090062
0 0.148438 0.529503 0.035625 0.093168
0 0.206563 0.300466 0.035625 0.091615
0 0.592500 0.418478 0.033750 0.091615
0 0.558750 0.529503 0.035000 0.090062
0 0.547500 0.417702 0.035000 0.090062
0 0.389375 0.304348 0.036250 0.096273
0 0.536563 0.642081 0.034375 0.088509
0 0.491563 0.641304 0.034375 0.090062
0 0.160312 0.301242 0.035625 0.096273
0 0.298125 0.301242 0.036250 0.093168
0 0.320937 0.416925 0.035625 0.088509
0 0.525000 0.305901 0.036250 0.096273
0 0.423438 0.529503 0.035625 0.093168
0 0.367188 0.416149 0.035625 0.090062
0 0.170625 0.642081 0.035000 0.091615
0 0.412187 0.415373 0.034375 0.088509
0 0.400625 0.643634 0.036250 0.091615
0 0.140937 0.756211 0.048125 0.096273
0 0.091875 0.417702 0.035000 0.090062
0 0.502500 0.418478 0.033750 0.088509
0 0.262813 0.642081 0.035625 0.091615
