0 0.045937 0.580417 0.056875 0.069167
0 0.510938 0.662500 0.079375 0.090000
0 0.233750 0.315833 0.052500 0.080000
0 0.168437 0.318333 0.051875 0.083333
0 0.685937 0.470000 0.054375 0.075000
0 0.334375 0.395417 0.051250 0.070833
0 0.598437 0.383750 0.053125 0.072500
0 0.112187 0.579167 0.058125 0.070000
0 0.450313 0.566250 0.053125 0.074167
0 0.255625 0.672917 0.423750 0.087500
0 0.561875 0.302083 0.055000 0.077500
0 0.103750 0.320417 0.052500 0.079167
0 0.752188 0.425000 0.096875 0.168333
0 0.384688 0.571250 0.055625 0.077500
0 0.022812 0.499167 0.044375 0.078333
0 0.215625 0.487083 0.051250 0.070833
0 0.071875 0.405833 0.052500 0.068333
0 0.716875 0.559167 0.187500 0.075000
0 0.281875 0.485000 0.051250 0.070000
0 0.299063 0.310000 0.053125 0.081667
0 0.778125 0.652500 0.076250 0.083333
0 0.399062 0.392083 0.050625 0.069167
0 0.018125 0.407500 0.033750 0.065000
0 0.266562 0.397500 0.051875 0.071667
0 0.481250 0.475833 0.051250 0.070000
0 0.531563 0.386667 0.050625 0.070000
0 0.499688 0.410000 0.994375 0.721667
0 0.666875 0.382500 0.051250 0.075000
0 0.629062 0.295000 0.049375 0.073333
0 0.496250 0.307083 0.053750 0.085833
0 0.136563 0.402500 0.053125 0.066667
0 0.415938 0.478750 0.051875 0.070833
0 0.430625 0.307917 0.053750 0.075833
0 0.730000 0.289583 0.122500 0.074167
0 0.518437 0.563750 0.053125 0.072500
0 0.246875 0.573750 0.055000 0.072500
0 0.040625 0.324167 0.052500 0.073333
0 0.365625 0.311250 0.052500 0.077500
0 0.180312 0.575833 0.055625 0.071667
0 0.349375 0.481250 0.052500 0.072500
0 0.315000 0.571667 0.052500 0.073333
0 0.201563 0.399583 0.049375 0.069167
0 0.617188 0.471250 0.053125 0.070833
0 0.464062 0.390000 0.051875 0.068333
0 0.083750 0.493750 0.053750 0.070833
0 0.587500 0.561667 0.055000 0.073333
0 0.149062 0.490833 0.051875 0.070000
0 0.548750 0.474583 0.053750 0.070833
