0 0.200719 0.427766 0.041727 0.056352
0 0.488489 0.539447 0.038849 0.056352
0 0.223381 0.485143 0.045324 0.056352
0 0.256835 0.606557 0.041727 0.059426
0 0.154317 0.429816 0.039568 0.058402
0 0.478058 0.479508 0.036691 0.053279
0 0.023022 0.432377 0.028777 0.055328
0 0.178058 0.486168 0.039568 0.054303
0 0.146403 0.546619 0.036691 0.056352
0 0.373022 0.423668 0.039568 0.056352
0 0.124101 0.609119 0.046763 0.056352
0 0.363669 0.543033 0.039568 0.055328
0 0.343165 0.603996 0.040288 0.058402
0 0.212950 0.607070 0.044604 0.058402
0 0.447122 0.539959 0.038129 0.055328
0 0.288129 0.426230 0.042446 0.057377
0 0.406115 0.541496 0.038129 0.056352
0 0.191727 0.546107 0.041007 0.057377
0 0.032734 0.675717 0.048201 0.052254
0 0.300000 0.603996 0.043165 0.058402
0 0.088849 0.490266 0.038129 0.054303
0 0.456475 0.422131 0.038129 0.055328
0 0.140647 0.668033 0.049640 0.055328
0 0.064388 0.431352 0.045324 0.055328
0 0.497122 0.421619 0.037410 0.056352
0 0.330216 0.425205 0.038849 0.057377
0 0.047482 0.550717 0.069065 0.056352
0 0.326259 0.663422 0.317266 0.058402
0 0.277698 0.544570 0.038849 0.056352
0 0.426259 0.600410 0.038129 0.057377
0 0.102518 0.549693 0.035252 0.056352
0 0.169424 0.607582 0.036691 0.057377
0 0.083813 0.612705 0.032374 0.055328
0 0.486691 0.519467 0.971942 0.549180
0 0.352518 0.483094 0.040288 0.056352
0 0.244604 0.427254 0.043165 0.057377
0 0.519065 0.479508 0.039568 0.055328
0 0.570863 0.537910 0.039568 0.055328
0 0.310432 0.484119 0.041007 0.056352
0 0.109353 0.431352 0.038849 0.055328
0 0.384173 0.600922 0.038849 0.058402
0 0.509353 0.597848 0.040288 0.054303
0 0.601439 0.418545 0.077698 0.056352
0 0.234892 0.545082 0.039568 0.057377
0 0.468345 0.598873 0.037410 0.054303
0 0.036691 0.489754 0.051799 0.049180
0 0.436331 0.480533 0.041007 0.053279
0 0.267626 0.485143 0.041727 0.056352
0 0.394964 0.481557 0.038849 0.053279
0 0.039209 0.612705 0.053957 0.055328
0 0.559353 0.479508 0.038129 0.057377
0 0.530216 0.537910 0.038849 0.055328
0 0.320863 0.543545 0.038849 0.056352
0 0.134173 0.488730 0.033813 0.055328
0 0.586331 0.597336 0.110791 0.057377
0 0.538849 0.420594 0.038849 0.056352
0 0.611151 0.508709 0.056835 0.115779
0 0.414748 0.422643 0.038129 0.056352
0 0.619065 0.654713 0.049640 0.057377
