0 0.028859 0.599913 0.056420 0.071799
0 0.510052 0.685121 0.082361 0.093426
0 0.222438 0.325260 0.054475 0.083045
0 0.154669 0.327855 0.053826 0.086505
0 0.691634 0.485294 0.056420 0.077855
0 0.326848 0.407872 0.053178 0.073529
0 0.600843 0.395761 0.055123 0.075260
0 0.096304 0.598616 0.060311 0.072664
0 0.447147 0.585208 0.055123 0.076990
0 0.245136 0.695934 0.439689 0.090830
0 0.562905 0.310986 0.057069 0.080450
0 0.087549 0.330017 0.054475 0.082180
0 0.760376 0.438581 0.100519 0.174740
0 0.379053 0.590398 0.057717 0.080450
0 0.013619 0.515571 0.025940 0.081315
0 0.203632 0.503028 0.053178 0.073529
0 0.054475 0.418685 0.054475 0.070934
0 0.723735 0.577855 0.194553 0.077855
0 0.272374 0.500865 0.053178 0.072664
0 0.290208 0.319204 0.055123 0.084775
0 0.787289 0.674740 0.079118 0.086505
0 0.393969 0.404412 0.052529 0.071799
0 0.009403 0.420415 0.017510 0.067474
0 0.256485 0.410035 0.053826 0.074394
0 0.479248 0.491349 0.053178 0.072664
0 0.531453 0.398789 0.052529 0.072664
0 0.500649 0.423010 1.000000 0.749135
0 0.671855 0.394464 0.053178 0.077855
0 0.632620 0.303633 0.051232 0.076125
0 0.494812 0.316176 0.055772 0.089100
0 0.121595 0.415225 0.055123 0.069204
0 0.411479 0.494377 0.053826 0.073529
0 0.426719 0.317042 0.055772 0.078720
0 0.737354 0.298010 0.127108 0.076990
0 0.517834 0.582612 0.055123 0.075260
0 0.236057 0.592993 0.057069 0.075260
0 0.024968 0.333910 0.048638 0.076125
0 0.359274 0.320502 0.054475 0.080450
0 0.166991 0.595156 0.057717 0.074394
0 0.342412 0.496972 0.054475 0.075260
0 0.306744 0.590830 0.054475 0.076125
0 0.189040 0.412197 0.051232 0.071799
0 0.620298 0.486592 0.055123 0.073529
0 0.461414 0.402249 0.053826 0.070934
0 0.066796 0.509948 0.055772 0.073529
0 0.589494 0.580450 0.057069 0.076125
0 0.134565 0.506920 0.053826 0.072664
0 0.549287 0.490052 0.055772 0.073529
