0 0.352069 0.536633 0.037472 0.040828
0 0.557327 0.682327 0.036353 0.039150
0 0.109899 0.537192 0.038591 0.043065
0 0.015940 0.535794 0.030761 0.042506
0 0.436521 0.633669 0.036353 0.041387
0 0.503356 0.732383 0.051454 0.041946
0 0.327740 0.585291 0.036913 0.040828
0 0.206935 0.536353 0.038031 0.041387
0 0.448826 0.536353 0.038591 0.041387
0 0.121924 0.681767 0.036913 0.040268
0 0.194072 0.633949 0.036913 0.041946
0 0.521812 0.585291 0.036913 0.040828
0 0.484620 0.634228 0.036353 0.040268
0 0.594519 0.537192 0.038031 0.043065
0 0.376678 0.585291 0.036353 0.040828
0 0.413870 0.683445 0.038031 0.042506
0 0.085570 0.584732 0.038031 0.041946
0 0.618009 0.585011 0.036913 0.041387
0 0.533277 0.633949 0.037472 0.040828
0 0.022092 0.681488 0.043065 0.040828
0 0.473434 0.585291 0.037472 0.039709
0 0.570470 0.585570 0.036913 0.041387
0 0.182606 0.585011 0.037472 0.041387
0 0.291387 0.633669 0.036913 0.040268
0 0.027964 0.584452 0.054810 0.040268
0 0.387864 0.633949 0.036353 0.040828
0 0.649609 0.682886 0.121365 0.040268
0 0.074664 0.681208 0.037472 0.041387
0 0.629474 0.633389 0.036353 0.040828
0 0.461689 0.683166 0.036353 0.040828
0 0.219519 0.681767 0.037472 0.040268
0 0.304251 0.536353 0.038031 0.041387
0 0.497204 0.536913 0.038031 0.041387
0 0.231264 0.584172 0.037472 0.040828
0 0.500559 0.611018 1.000000 0.370805
0 0.242729 0.633110 0.035794 0.040268
0 0.316275 0.682606 0.037472 0.040828
0 0.097595 0.632830 0.037472 0.041946
0 0.060682 0.536353 0.036353 0.040268
0 0.279362 0.584452 0.036353 0.040268
0 0.255872 0.537472 0.037472 0.041387
0 0.267897 0.682886 0.036913 0.040268
0 0.170861 0.682047 0.037472 0.040828
0 0.144575 0.632830 0.037472 0.040828
0 0.339765 0.633669 0.036353 0.040268
0 0.686521 0.732103 0.052013 0.042506
0 0.582494 0.634228 0.037472 0.041387
0 0.320749 0.731264 0.296980 0.044183
0 0.139262 0.731264 0.050336 0.043065
0 0.667785 0.535794 0.085011 0.041387
0 0.510347 0.682327 0.036353 0.039150
0 0.034116 0.633389 0.067114 0.040828
0 0.400168 0.537472 0.037472 0.042506
0 0.364653 0.683725 0.036913 0.040828
0 0.679810 0.609340 0.063199 0.092282
0 0.424776 0.584732 0.035235 0.039709
0 0.022371 0.730984 0.043624 0.043624
0 0.158277 0.537192 0.039150 0.043065
0 0.546421 0.537192 0.038031 0.041946
0 0.134228 0.584732 0.038031 0.041946
