0 0.500655 0.440997 1.000000 0.714161
0 0.211664 0.570367 0.056356 0.074301
0 0.032765 0.400350 0.053735 0.068182
0 0.730013 0.411276 0.100917 0.172203
0 0.520970 0.464161 0.055046 0.073427
0 0.434142 0.379371 0.054391 0.071678
0 0.007208 0.402972 0.013106 0.064685
0 0.590760 0.461101 0.054391 0.074301
0 0.231651 0.390734 0.051769 0.073427
0 0.018349 0.579545 0.035387 0.073427
0 0.352228 0.565559 0.055701 0.076923
0 0.263106 0.303322 0.054391 0.092657
0 0.010157 0.493007 0.019004 0.071678
0 0.451835 0.468094 0.053080 0.072552
0 0.397772 0.295455 0.053735 0.089161
0 0.420380 0.560315 0.053080 0.076923
0 0.111730 0.486014 0.051769 0.073427
0 0.661861 0.458479 0.056356 0.077797
0 0.065531 0.312063 0.053735 0.076923
0 0.222149 0.673514 0.442988 0.105769
0 0.300786 0.386364 0.052425 0.073427
0 0.316514 0.473776 0.051114 0.073427
0 0.014417 0.317745 0.027523 0.088287
0 0.165793 0.392920 0.051114 0.070804
0 0.384338 0.471591 0.051769 0.072552
0 0.131389 0.307692 0.054391 0.087413
0 0.366972 0.383304 0.051114 0.070804
0 0.198231 0.306818 0.051769 0.076923
0 0.098952 0.397727 0.053735 0.069930
0 0.570773 0.371941 0.053735 0.074301
0 0.482962 0.657780 0.081258 0.095280
0 0.247051 0.479021 0.051114 0.075175
0 0.489843 0.556818 0.055701 0.075175
0 0.560616 0.553322 0.057012 0.075175
0 0.641547 0.368881 0.053735 0.075175
0 0.757536 0.645105 0.081258 0.090909
0 0.694954 0.549388 0.193316 0.079545
0 0.179554 0.482080 0.052425 0.072552
0 0.532110 0.286276 0.055046 0.083042
0 0.602556 0.280157 0.050459 0.076049
0 0.280799 0.566871 0.054391 0.076049
0 0.705111 0.272727 0.127130 0.078671
0 0.144168 0.574301 0.057667 0.076923
0 0.465596 0.292395 0.054391 0.081294
0 0.330603 0.300699 0.055701 0.097902
0 0.045216 0.491259 0.055046 0.075175
0 0.502294 0.375000 0.053080 0.071678
0 0.074377 0.577797 0.059633 0.071678
