0 0.474828 0.564024 0.036613 0.051829
0 0.143021 0.766768 0.038902 0.057927
0 0.342105 0.758384 0.038902 0.056402
0 0.558352 0.686738 0.036613 0.053354
0 0.113844 0.637195 0.037757 0.054878
0 0.169908 0.833079 0.053776 0.059451
0 0.568078 0.561738 0.037757 0.053354
0 0.140732 0.573171 0.036613 0.051829
0 0.121854 0.701220 0.040046 0.054878
0 0.270023 0.695122 0.036613 0.054878
0 0.673913 0.749238 0.118993 0.056402
0 0.487414 0.753811 0.036613 0.056402
0 0.038330 0.837652 0.067506 0.059451
0 0.592105 0.622713 0.035469 0.053354
0 0.712815 0.814787 0.054920 0.059451
0 0.053776 0.703506 0.075515 0.056402
0 0.221396 0.698171 0.037757 0.054878
0 0.390732 0.756860 0.037757 0.056402
0 0.462815 0.688262 0.035469 0.056402
0 0.536041 0.752287 0.035469 0.053354
0 0.699085 0.653201 0.061785 0.117378
0 0.044622 0.576982 0.036613 0.050305
0 0.163043 0.635671 0.035469 0.054878
0 0.308924 0.630335 0.034325 0.053354
0 0.605835 0.685213 0.035469 0.053354
0 0.498284 0.625000 0.035469 0.051829
0 0.053204 0.637957 0.062929 0.053354
0 0.334668 0.568598 0.037757 0.051829
0 0.544622 0.622713 0.034325 0.053354
0 0.171625 0.699695 0.038902 0.054878
0 0.427918 0.566311 0.038902 0.053354
0 0.530320 0.818598 0.053776 0.060976
0 0.451945 0.625000 0.034325 0.051829
0 0.582380 0.750762 0.036613 0.053354
0 0.613272 0.560976 0.036613 0.051829
0 0.521167 0.563262 0.037757 0.053354
0 0.501144 0.676067 1.000000 0.541159
0 0.238558 0.570884 0.037757 0.050305
0 0.286613 0.570122 0.037757 0.051829
0 0.243135 0.762195 0.040046 0.057927
0 0.510870 0.686738 0.035469 0.053354
0 0.211670 0.633384 0.036613 0.056402
0 0.319222 0.693598 0.036613 0.054878
0 0.192792 0.763720 0.040046 0.057927
0 0.036041 0.770579 0.051487 0.056402
0 0.652174 0.683689 0.036613 0.053354
0 0.683638 0.558689 0.081236 0.050305
0 0.367277 0.692073 0.036613 0.054878
0 0.259153 0.631860 0.035469 0.053354
0 0.350114 0.826982 0.290618 0.068598
0 0.092677 0.574695 0.036613 0.051829
0 0.292334 0.759909 0.037757 0.056402
0 0.640160 0.621189 0.035469 0.053354
0 0.415332 0.690549 0.036613 0.054878
0 0.356407 0.628049 0.035469 0.051829
0 0.189931 0.572409 0.038902 0.053354
0 0.404462 0.627287 0.035469 0.053354
0 0.382151 0.567073 0.036613 0.051829
0 0.091533 0.768293 0.038902 0.057927
0 0.438787 0.754573 0.037757 0.057927
