0 0.249476 0.599860 0.037736 0.051676
0 0.227463 0.542598 0.039832 0.051676
0 0.098008 0.668994 0.078616 0.053073
0 0.188155 0.724860 0.038784 0.053073
0 0.179245 0.541899 0.039832 0.053073
0 0.482180 0.655028 0.035639 0.050279
0 0.395178 0.656425 0.035639 0.050279
0 0.617400 0.545391 0.031447 0.046089
0 0.319706 0.543296 0.035639 0.050279
0 0.686583 0.625000 0.054507 0.101955
0 0.662998 0.710196 0.099581 0.048883
0 0.080189 0.796788 0.055556 0.060056
0 0.154612 0.602654 0.040881 0.051676
0 0.202830 0.603352 0.040881 0.055866
0 0.553983 0.596369 0.032495 0.047486
0 0.696017 0.765363 0.044025 0.050279
0 0.329665 0.717877 0.036688 0.053073
0 0.259958 0.660615 0.037736 0.053073
0 0.284067 0.719972 0.037736 0.051676
0 0.605870 0.652235 0.031447 0.047486
0 0.352201 0.657821 0.035639 0.050279
0 0.211740 0.662709 0.039832 0.054469
0 0.137841 0.726955 0.038784 0.057263
0 0.449686 0.543296 0.033543 0.050279
0 0.407233 0.542598 0.034591 0.051676
0 0.517820 0.626397 0.966457 0.509777
0 0.274633 0.542598 0.037736 0.051676
0 0.204403 0.788408 0.054507 0.057263
0 0.438679 0.656425 0.034591 0.050279
0 0.094340 0.604749 0.064990 0.053073
0 0.586478 0.710196 0.032495 0.051676
0 0.647799 0.655726 0.031447 0.048883
0 0.594864 0.597067 0.032495 0.046089
0 0.385220 0.598464 0.034591 0.048883
0 0.564465 0.652933 0.032495 0.048883
0 0.375786 0.781425 0.275681 0.062849
0 0.364780 0.542598 0.035639 0.048883
0 0.429245 0.598464 0.034591 0.048883
0 0.492138 0.541899 0.034591 0.050279
0 0.573899 0.541899 0.032495 0.047486
0 0.129979 0.543296 0.039832 0.053073
0 0.546646 0.710894 0.032495 0.050279
0 0.523061 0.653631 0.033543 0.050279
0 0.462264 0.713687 0.035639 0.053073
0 0.082809 0.731145 0.054507 0.057263
0 0.504717 0.712291 0.034591 0.050279
0 0.638365 0.601955 0.031447 0.047486
0 0.306604 0.659218 0.034591 0.050279
0 0.296646 0.600559 0.035639 0.050279
0 0.418763 0.714385 0.034591 0.051676
0 0.374214 0.715782 0.035639 0.051676
0 0.470126 0.598464 0.032495 0.048883
0 0.513103 0.596369 0.034591 0.047486
0 0.674528 0.541201 0.070231 0.046089
0 0.080713 0.543296 0.037736 0.053073
0 0.164046 0.663408 0.040881 0.055866
0 0.341719 0.599860 0.033543 0.048883
0 0.541929 0.770251 0.046122 0.054469
0 0.533543 0.541899 0.033543 0.050279
0 0.237421 0.722067 0.036688 0.053073
