0 0.437500 0.532552 0.031250 0.044271
0 0.154297 0.705729 0.033203 0.049479
0 0.324219 0.698568 0.033203 0.048177
0 0.508789 0.637370 0.031250 0.045573
0 0.129395 0.595052 0.032227 0.046875
0 0.177246 0.762370 0.045898 0.050781
0 0.517090 0.530599 0.032227 0.045573
0 0.152344 0.540365 0.031250 0.044271
0 0.136230 0.649740 0.034180 0.046875
0 0.262695 0.644531 0.031250 0.046875
0 0.607422 0.690755 0.101562 0.048177
0 0.448242 0.694661 0.031250 0.048177
0 0.064941 0.766276 0.057617 0.050781
0 0.537598 0.582682 0.030273 0.045573
0 0.640625 0.746745 0.046875 0.050781
0 0.078125 0.651693 0.064453 0.048177
0 0.221191 0.647135 0.032227 0.046875
0 0.365723 0.697266 0.032227 0.048177
0 0.427246 0.638672 0.030273 0.048177
0 0.489746 0.693359 0.030273 0.045573
0 0.628906 0.608724 0.052734 0.100260
0 0.070312 0.543620 0.031250 0.042969
0 0.171387 0.593750 0.030273 0.046875
0 0.295898 0.589193 0.029297 0.045573
0 0.549316 0.636068 0.030273 0.045573
0 0.457520 0.584635 0.030273 0.044271
0 0.077637 0.595703 0.053711 0.045573
0 0.317871 0.536458 0.032227 0.044271
0 0.497070 0.582682 0.029297 0.045573
0 0.178711 0.648438 0.033203 0.046875
0 0.397461 0.534505 0.033203 0.045573
0 0.484863 0.750000 0.045898 0.052083
0 0.417969 0.584635 0.029297 0.044271
0 0.529297 0.692057 0.031250 0.045573
0 0.555664 0.529948 0.031250 0.044271
0 0.477051 0.531901 0.032227 0.045573
0 0.499023 0.628255 0.994141 0.462240
0 0.235840 0.538411 0.032227 0.042969
0 0.276855 0.537760 0.032227 0.044271
0 0.239746 0.701823 0.034180 0.049479
0 0.468262 0.637370 0.030273 0.045573
0 0.212891 0.591797 0.031250 0.048177
0 0.304688 0.643229 0.031250 0.046875
0 0.196777 0.703125 0.034180 0.049479
0 0.062988 0.708984 0.043945 0.048177
0 0.588867 0.634766 0.031250 0.045573
0 0.615723 0.527995 0.069336 0.042969
0 0.345703 0.641927 0.031250 0.046875
0 0.253418 0.590495 0.030273 0.045573
0 0.331055 0.757161 0.248047 0.058594
0 0.111328 0.541667 0.031250 0.044271
0 0.281738 0.699870 0.032227 0.048177
0 0.578613 0.581380 0.030273 0.045573
0 0.386719 0.640625 0.031250 0.046875
0 0.336426 0.587240 0.030273 0.044271
0 0.194336 0.539714 0.033203 0.045573
0 0.377441 0.586589 0.030273 0.045573
0 0.358398 0.535156 0.031250 0.044271
0 0.110352 0.707031 0.033203 0.049479
0 0.406738 0.695312 0.032227 0.049479
