0 0.217731 0.328067 0.033288 0.098513
0 0.049932 0.326208 0.033288 0.098513
0 0.289062 0.553903 0.031929 0.096654
0 0.330503 0.553903 0.031929 0.096654
0 0.471467 0.787175 0.043478 0.102230
0 0.578465 0.553903 0.031929 0.100372
0 0.092052 0.328067 0.031929 0.098513
0 0.622283 0.497212 0.054348 0.217472
0 0.320312 0.441450 0.031929 0.094796
0 0.445312 0.440520 0.031929 0.092937
0 0.279212 0.439591 0.032609 0.098513
0 0.454823 0.554833 0.031929 0.098513
0 0.205503 0.554833 0.031929 0.098513
0 0.055027 0.668216 0.043478 0.094796
0 0.362432 0.440520 0.031929 0.096654
0 0.158967 0.784387 0.044837 0.107807
0 0.238111 0.438662 0.031929 0.096654
0 0.435462 0.670074 0.031250 0.098513
0 0.569293 0.439591 0.032609 0.102230
0 0.314538 0.787175 0.255435 0.109665
0 0.466033 0.327138 0.032609 0.096654
0 0.596467 0.669145 0.103261 0.092937
0 0.122962 0.550186 0.031250 0.100372
0 0.247283 0.554833 0.031250 0.098513
0 0.112772 0.440520 0.032609 0.100372
0 0.476902 0.668216 0.031250 0.094796
0 0.310462 0.667286 0.032609 0.100372
0 0.269022 0.668216 0.031250 0.098513
0 0.538383 0.555762 0.031929 0.100372
0 0.300951 0.328996 0.033967 0.100372
0 0.352242 0.671004 0.031929 0.100372
0 0.065897 0.554833 0.062500 0.098513
0 0.413723 0.554833 0.032609 0.094796
0 0.154212 0.438662 0.032609 0.096654
0 0.144701 0.668216 0.031250 0.098513
0 0.548913 0.328067 0.032609 0.102230
0 0.487432 0.439591 0.031929 0.098513
0 0.163383 0.552974 0.031929 0.098513
0 0.103601 0.667286 0.031929 0.100372
0 0.628057 0.786245 0.045516 0.111524
0 0.528872 0.441450 0.033288 0.098513
0 0.185802 0.667286 0.031929 0.096654
0 0.371943 0.555762 0.031929 0.096654
0 0.055367 0.783457 0.046875 0.109665
0 0.517323 0.667286 0.031929 0.096654
0 0.424253 0.326208 0.033288 0.094796
0 0.175611 0.329926 0.033288 0.102230
0 0.496603 0.555762 0.032609 0.096654
0 0.403872 0.438662 0.031929 0.092937
0 0.612092 0.325279 0.072011 0.096654
0 0.394022 0.671004 0.032609 0.100372
0 0.195992 0.439591 0.031929 0.098513
0 0.501019 0.503717 0.974864 0.866171
0 0.227582 0.666357 0.032609 0.098513
0 0.133832 0.329926 0.032609 0.102230
0 0.060462 0.437732 0.052989 0.098513
0 0.341712 0.328067 0.032609 0.098513
0 0.382473 0.328996 0.033967 0.100372
0 0.259511 0.328996 0.032609 0.100372
0 0.508152 0.328067 0.033967 0.098513
