0 0.574688 0.484932 0.024375 0.065753
0 0.235937 0.486986 0.025625 0.064384
0 0.551562 0.335616 0.028125 0.065753
0 0.390000 0.559589 0.027500 0.064384
0 0.288125 0.560274 0.026250 0.063014
0 0.447813 0.336986 0.028125 0.068493
0 0.322188 0.560274 0.026875 0.063014
0 0.310000 0.336301 0.027500 0.067123
0 0.397500 0.411644 0.027500 0.064384
0 0.186250 0.560959 0.025000 0.064384
0 0.608125 0.337671 0.062500 0.064384
0 0.479687 0.635616 0.038125 0.068493
0 0.618750 0.641096 0.040000 0.071233
0 0.156875 0.486986 0.050000 0.064384
0 0.202813 0.486986 0.025625 0.064384
0 0.363438 0.410959 0.026875 0.063014
0 0.465625 0.411644 0.028750 0.064384
0 0.208437 0.338356 0.026875 0.065753
0 0.149375 0.562329 0.033750 0.061644
0 0.431250 0.410959 0.027500 0.063014
0 0.140625 0.339041 0.025000 0.064384
0 0.241250 0.634932 0.035000 0.064384
0 0.344687 0.336986 0.028125 0.068493
0 0.457500 0.559589 0.027500 0.064384
0 0.379375 0.337671 0.027500 0.067123
0 0.260937 0.412329 0.025625 0.065753
0 0.304063 0.486301 0.025625 0.063014
0 0.356250 0.560274 0.027500 0.063014
0 0.491563 0.558904 0.028125 0.063014
0 0.542500 0.485616 0.028750 0.064384
0 0.275625 0.336301 0.026250 0.067123
0 0.533750 0.410959 0.027500 0.065753
0 0.509062 0.485616 0.028125 0.064384
0 0.294375 0.411644 0.026250 0.064384
0 0.254375 0.560959 0.025000 0.061644
0 0.474375 0.484247 0.027500 0.064384
0 0.270313 0.486986 0.025625 0.064384
0 0.614375 0.449315 0.036250 0.142466
0 0.440312 0.484932 0.028125 0.065753
0 0.500000 0.410274 0.027500 0.064384
0 0.481875 0.336986 0.028750 0.068493
0 0.241875 0.338356 0.027500 0.068493
0 0.338125 0.485616 0.027500 0.064384
0 0.220625 0.560959 0.025000 0.061644
0 0.495937 0.439041 0.848125 0.563014
0 0.516250 0.335616 0.028750 0.065753
0 0.567187 0.410274 0.028125 0.067123
0 0.361563 0.643151 0.191875 0.083562
0 0.192812 0.413699 0.025625 0.063014
0 0.424063 0.559589 0.028125 0.064384
0 0.174063 0.338356 0.026875 0.065753
0 0.151562 0.413014 0.041875 0.064384
0 0.525625 0.559589 0.028750 0.064384
0 0.372500 0.485616 0.027500 0.064384
0 0.406562 0.485616 0.026875 0.064384
0 0.154062 0.638356 0.043125 0.065753
0 0.227187 0.413014 0.025625 0.064384
0 0.592500 0.562329 0.090000 0.061644
0 0.413438 0.337671 0.028125 0.067123
0 0.328750 0.410959 0.026250 0.063014
