0 0.239130 0.350467 0.036613 0.079439
0 0.188215 0.727804 0.049199 0.081776
0 0.368993 0.531542 0.035469 0.077103
0 0.515446 0.710280 0.049199 0.079439
0 0.299199 0.627336 0.037757 0.077103
0 0.072654 0.546729 0.069794 0.079439
0 0.597254 0.521028 0.034325 0.074766
0 0.584668 0.431075 0.034325 0.077103
0 0.136728 0.542056 0.037757 0.079439
0 0.448513 0.435748 0.034325 0.072430
0 0.160755 0.635514 0.037757 0.079439
0 0.356407 0.439252 0.035469 0.074766
0 0.067506 0.452103 0.059497 0.077103
0 0.494279 0.433411 0.034325 0.072430
0 0.552059 0.523364 0.035469 0.074766
0 0.228833 0.537383 0.036613 0.079439
0 0.331808 0.346963 0.036613 0.081776
0 0.275172 0.535047 0.035469 0.074766
0 0.438215 0.620327 0.036613 0.077103
0 0.059497 0.642523 0.048055 0.074766
0 0.606407 0.336449 0.034325 0.079439
0 0.252860 0.629673 0.038902 0.077103
0 0.285469 0.349299 0.037757 0.081776
0 0.263158 0.443925 0.036613 0.074766
0 0.628719 0.428738 0.035469 0.077103
0 0.217391 0.445093 0.038902 0.077103
0 0.346682 0.625000 0.036613 0.077103
0 0.687643 0.473131 0.057208 0.170561
0 0.124142 0.448598 0.037757 0.074766
0 0.501144 0.463785 1.000000 0.731308
0 0.378719 0.344626 0.036613 0.081776
0 0.662471 0.610981 0.114416 0.077103
0 0.063501 0.735981 0.060641 0.084112
0 0.352975 0.730140 0.262014 0.105140
0 0.506293 0.524533 0.035469 0.077103
0 0.423913 0.343458 0.035469 0.084112
0 0.182494 0.538551 0.037757 0.077103
0 0.561785 0.338785 0.036613 0.079439
0 0.516018 0.339953 0.036613 0.081776
0 0.692792 0.703271 0.062929 0.084112
0 0.641304 0.519860 0.033181 0.077103
0 0.415332 0.529206 0.034325 0.077103
0 0.192792 0.352804 0.037757 0.079439
0 0.538902 0.431075 0.034325 0.077103
0 0.460526 0.526869 0.035469 0.077103
0 0.393021 0.623832 0.035469 0.074766
0 0.309497 0.441589 0.035469 0.074766
0 0.207094 0.633178 0.036613 0.074766
0 0.053204 0.359813 0.035469 0.079439
0 0.484554 0.619159 0.035469 0.074766
0 0.171053 0.447430 0.037757 0.077103
0 0.470252 0.341121 0.036613 0.079439
0 0.403318 0.438084 0.035469 0.077103
0 0.099542 0.357477 0.036613 0.079439
0 0.674485 0.332944 0.078947 0.077103
0 0.112128 0.636682 0.036613 0.077103
0 0.147025 0.352804 0.037757 0.079439
0 0.322082 0.532710 0.035469 0.074766
0 0.576087 0.614486 0.035469 0.079439
0 0.530320 0.616822 0.035469 0.074766
