0 0.500000 0.464583 0.992500 0.680833
0 0.233750 0.587917 0.053750 0.070833
0 0.063125 0.425833 0.051250 0.065000
0 0.728125 0.436250 0.096250 0.164167
0 0.528750 0.486667 0.052500 0.070000
0 0.445937 0.405833 0.051875 0.068333
0 0.015312 0.428333 0.025625 0.061667
0 0.595313 0.483750 0.051875 0.070833
0 0.252812 0.416667 0.049375 0.070000
0 0.038750 0.596667 0.055000 0.070000
0 0.367812 0.583333 0.053125 0.073333
0 0.282813 0.333333 0.051875 0.088333
0 0.019688 0.514167 0.036875 0.068333
0 0.462813 0.490417 0.050625 0.069167
0 0.411250 0.325833 0.051250 0.085000
0 0.432812 0.578333 0.050625 0.073333
0 0.138437 0.507500 0.049375 0.070000
0 0.663125 0.481250 0.053750 0.074167
0 0.094375 0.341667 0.051250 0.073333
0 0.242812 0.686250 0.424375 0.100833
0 0.318750 0.412500 0.050000 0.070000
0 0.333750 0.495833 0.048750 0.070000
0 0.033125 0.347083 0.051250 0.084167
0 0.190000 0.418750 0.048750 0.067500
0 0.398438 0.493750 0.049375 0.069167
0 0.157188 0.337500 0.051875 0.083333
0 0.381875 0.409583 0.048750 0.067500
0 0.220938 0.336667 0.049375 0.073333
0 0.126250 0.423333 0.051250 0.066667
0 0.576250 0.398750 0.051250 0.070833
0 0.492500 0.671250 0.077500 0.090833
0 0.267500 0.500833 0.048750 0.071667
0 0.499063 0.575000 0.053125 0.071667
0 0.566562 0.571667 0.054375 0.071667
0 0.643750 0.395833 0.051250 0.071667
0 0.754375 0.659167 0.077500 0.086667
0 0.694688 0.567917 0.184375 0.075833
0 0.203125 0.503750 0.050000 0.069167
0 0.539375 0.317083 0.052500 0.079167
0 0.606563 0.311250 0.048125 0.072500
0 0.299687 0.584583 0.051875 0.072500
0 0.704375 0.304167 0.121250 0.075000
0 0.169375 0.591667 0.055000 0.073333
0 0.475938 0.322917 0.051875 0.077500
0 0.347187 0.330833 0.053125 0.093333
0 0.075000 0.512500 0.052500 0.071667
0 0.510938 0.401667 0.050625 0.068333
0 0.102813 0.595000 0.056875 0.068333
