0 0.243777 0.928223 0.121523 0.133789
0 0.637994 0.299805 0.090044 0.130859
0 0.968887 0.302246 0.063690 0.124023
0 0.500732 0.500977 1.000000 1.000000
0 0.551611 0.764648 0.090044 0.132812
0 0.082357 0.776855 0.090044 0.129883
0 0.044656 0.300781 0.087848 0.126953
0 0.752196 0.300781 0.085652 0.128906
0 0.434480 0.766113 0.091508 0.133789
0 0.227672 0.459961 0.090776 0.130859
0 0.779649 0.759766 0.084919 0.128906
0 0.576135 0.456055 0.086384 0.125000
0 0.200952 0.774414 0.090044 0.130859
0 0.137994 0.616211 0.092972 0.134766
0 0.255124 0.617188 0.092972 0.134766
0 0.109078 0.463379 0.090776 0.131836
0 0.605417 0.610840 0.090776 0.129883
0 0.038799 0.460449 0.076135 0.129883
0 0.519766 0.301270 0.090776 0.131836
0 0.891654 0.758789 0.086384 0.126953
0 0.319546 0.770996 0.091508 0.131836
0 0.401171 0.301758 0.089312 0.128906
0 0.460469 0.457520 0.087848 0.125977
0 0.373719 0.617188 0.092972 0.134766
0 0.692533 0.456543 0.087848 0.127930
0 0.346999 0.459473 0.087848 0.125977
0 0.031113 0.777832 0.060761 0.127930
0 0.658858 0.920898 0.683748 0.144531
0 0.045754 0.620605 0.090044 0.129883
0 0.031113 0.936523 0.060761 0.128906
0 0.666911 0.760742 0.089312 0.132812
0 0.719985 0.606445 0.085652 0.128906
0 0.831259 0.605957 0.082723 0.127930
0 0.918375 0.452148 0.081259 0.123047
0 0.489751 0.611328 0.087848 0.130859
0 0.165081 0.302734 0.091508 0.130859
0 0.943997 0.603027 0.082723 0.124023
0 0.806003 0.454590 0.084919 0.125977
0 0.866764 0.300293 0.086384 0.127930
0 0.022694 0.303711 0.043924 0.126953
0 0.283675 0.303223 0.092972 0.133789
