0 0.178495 0.755034 0.032258 0.073826
0 0.550000 0.494407 0.035484 0.076063
0 0.055914 0.670022 0.064516 0.073826
0 0.283871 0.666667 0.032258 0.076063
0 0.486559 0.580537 0.033333 0.073826
0 0.296237 0.495526 0.035484 0.073826
0 0.496774 0.668904 0.034409 0.076063
0 0.189247 0.581655 0.034409 0.076063
0 0.125269 0.494407 0.033333 0.076063
0 0.113978 0.668904 0.034409 0.076063
0 0.625269 0.623043 0.054839 0.167785
0 0.629570 0.844519 0.046237 0.078300
0 0.411828 0.668904 0.032258 0.076063
0 0.390860 0.757271 0.033333 0.073826
0 0.093548 0.756152 0.032258 0.071588
0 0.571505 0.581655 0.033333 0.076063
0 0.507527 0.495526 0.034409 0.073826
0 0.612903 0.492170 0.075269 0.071588
0 0.529570 0.581655 0.033333 0.076063
0 0.044624 0.844519 0.046237 0.073826
0 0.380108 0.496644 0.035484 0.076063
0 0.083333 0.493289 0.033333 0.073826
0 0.104301 0.581655 0.034409 0.076063
0 0.044624 0.758389 0.044086 0.071588
0 0.402151 0.579418 0.032258 0.071588
0 0.306452 0.753915 0.032258 0.076063
0 0.263978 0.755034 0.031183 0.073826
0 0.050538 0.580537 0.053763 0.073826
0 0.199462 0.667785 0.033333 0.078300
0 0.369355 0.668904 0.033333 0.076063
0 0.453763 0.667785 0.032258 0.073826
0 0.444086 0.582774 0.034409 0.073826
0 0.422581 0.495526 0.034409 0.073826
0 0.518280 0.755034 0.032258 0.073826
0 0.039785 0.493289 0.032258 0.073826
0 0.221505 0.755034 0.032258 0.073826
0 0.316667 0.579418 0.033333 0.076063
0 0.597849 0.755034 0.105376 0.073826
0 0.501075 0.605145 0.987097 0.758389
0 0.470430 0.845638 0.044086 0.076063
0 0.433871 0.757271 0.031183 0.073826
0 0.465591 0.496644 0.034409 0.076063
0 0.348925 0.756152 0.031183 0.076063
0 0.581183 0.668904 0.031183 0.071588
0 0.136022 0.756152 0.031183 0.071588
0 0.253763 0.495526 0.034409 0.073826
0 0.359677 0.581655 0.033333 0.076063
0 0.476344 0.756152 0.032258 0.071588
0 0.338172 0.495526 0.033333 0.073826
0 0.539247 0.667785 0.033333 0.078300
0 0.241935 0.667785 0.032258 0.078300
0 0.146774 0.580537 0.033333 0.078300
0 0.326882 0.667785 0.032258 0.073826
0 0.168817 0.496644 0.034409 0.076063
0 0.232258 0.581655 0.034409 0.076063
0 0.310753 0.851230 0.262366 0.091723
0 0.156989 0.668904 0.034409 0.080537
0 0.211290 0.495526 0.033333 0.073826
0 0.274194 0.579418 0.032258 0.076063
0 0.150538 0.845638 0.045161 0.076063
