0 0.432090 0.718750 0.049261 0.134470
0 0.231527 0.431818 0.049261 0.136364
0 0.391274 0.430871 0.046446 0.130682
0 0.780084 0.507576 0.078114 0.291667
0 0.284307 0.431818 0.049261 0.132576
0 0.712878 0.433712 0.050669 0.136364
0 0.243139 0.574811 0.045742 0.130682
0 0.058058 0.431818 0.072484 0.132576
0 0.659395 0.432765 0.049261 0.138258
0 0.203730 0.288826 0.051372 0.138258
0 0.540113 0.720644 0.049965 0.134470
0 0.788177 0.869318 0.066151 0.136364
0 0.593596 0.721591 0.048557 0.132576
0 0.525334 0.289773 0.051372 0.140152
0 0.512667 0.575758 0.049965 0.132576
0 0.673469 0.576705 0.047854 0.134470
0 0.257565 0.288826 0.049261 0.138258
0 0.163617 0.718750 0.045742 0.130682
0 0.456721 0.575758 0.045039 0.132576
0 0.404645 0.574811 0.049261 0.130682
0 0.605911 0.430871 0.046446 0.130682
0 0.337087 0.428977 0.045039 0.126894
0 0.565447 0.574811 0.047150 0.130682
0 0.767065 0.288826 0.105559 0.142045
0 0.217804 0.718750 0.047150 0.134470
0 0.578818 0.289773 0.051372 0.140152
0 0.096411 0.289773 0.047854 0.136364
0 0.417664 0.289773 0.048557 0.136364
0 0.350457 0.573864 0.047854 0.132576
0 0.685785 0.287879 0.048557 0.136364
0 0.271640 0.717803 0.049261 0.132576
0 0.378255 0.717803 0.048557 0.132576
0 0.632653 0.289773 0.050669 0.140152
0 0.150598 0.288826 0.050669 0.138258
0 0.471147 0.289773 0.049965 0.140152
0 0.325475 0.718750 0.048557 0.134470
0 0.726601 0.577652 0.051372 0.136364
0 0.063688 0.576705 0.087966 0.134470
0 0.051020 0.719697 0.062632 0.136364
0 0.135820 0.574811 0.045039 0.130682
0 0.184377 0.859848 0.061928 0.128788
0 0.311049 0.288826 0.050669 0.138258
0 0.499648 0.495265 0.996481 0.986742
0 0.050317 0.860795 0.061224 0.126894
0 0.485222 0.719697 0.049965 0.136364
0 0.296974 0.575758 0.046446 0.132576
0 0.190007 0.575758 0.046446 0.132576
0 0.385644 0.863636 0.333568 0.136364
0 0.498241 0.431818 0.047854 0.132576
0 0.445109 0.431818 0.048557 0.132576
0 0.042928 0.285985 0.047854 0.132576
0 0.110486 0.720644 0.050669 0.138258
0 0.178044 0.430871 0.047854 0.134470
0 0.620338 0.576705 0.049965 0.134470
0 0.585855 0.862689 0.059817 0.126894
0 0.364884 0.288826 0.049965 0.138258
0 0.552076 0.430871 0.049965 0.130682
0 0.123856 0.434659 0.050669 0.138258
0 0.645320 0.722538 0.050669 0.134470
0 0.746657 0.722538 0.146376 0.138258
