0 0.042083 0.509333 0.077500 0.092000
0 0.577917 0.740333 0.104167 0.098000
0 0.542500 0.623333 0.105000 0.094667
0 0.870833 0.740000 0.101667 0.096000
0 0.175417 0.511000 0.109167 0.099333
0 0.322917 0.510000 0.107500 0.097333
0 0.651667 0.856000 0.106667 0.097333
0 0.681667 0.961667 0.630000 0.071333
0 0.288333 0.740000 0.105000 0.097333
0 0.907083 0.510333 0.112500 0.099333
0 0.689583 0.622667 0.100833 0.093333
0 0.797917 0.855333 0.107500 0.096000
0 0.965833 0.625000 0.068333 0.094000
0 0.941667 0.855333 0.101667 0.097333
0 0.068333 0.857333 0.110000 0.101333
0 0.507083 0.855333 0.105833 0.098667
0 0.271667 0.961333 0.140000 0.073333
0 0.835000 0.623667 0.105000 0.094000
0 0.141250 0.740667 0.102500 0.097333
0 0.761250 0.511000 0.110833 0.100667
0 0.613750 0.510000 0.112500 0.098667
0 0.724583 0.740000 0.105833 0.097333
0 0.106250 0.625333 0.105833 0.097333
0 0.397083 0.624000 0.105833 0.094667
0 0.468333 0.510000 0.108333 0.096000
0 0.360833 0.856667 0.106667 0.097333
0 0.433333 0.740000 0.105000 0.098667
0 0.250833 0.622667 0.103333 0.096000
0 0.212917 0.855667 0.109167 0.098000
