0 0.300459 0.509534 0.041284 0.016949
0 0.198394 0.590572 0.043578 0.022246
0 0.452982 0.527013 0.038991 0.018008
0 0.330275 0.547140 0.041284 0.018008
0 0.433486 0.509534 0.041284 0.016949
0 0.621560 0.564619 0.041284 0.019068
0 0.627294 0.526483 0.038991 0.016949
0 0.583716 0.526483 0.038991 0.016949
0 0.345183 0.588983 0.057339 0.023305
0 0.788991 0.507415 0.059633 0.016949
0 0.732798 0.507945 0.038991 0.015890
0 0.321101 0.527542 0.041284 0.016949
0 0.684633 0.545021 0.043578 0.018008
0 0.670872 0.525424 0.038991 0.016949
0 0.409404 0.527013 0.038991 0.018008
0 0.389908 0.509534 0.041284 0.016949
0 0.642202 0.545021 0.041284 0.018008
0 0.223624 0.548199 0.075688 0.018008
0 0.365826 0.527013 0.038991 0.018008
0 0.512615 0.543432 0.690367 0.125000
0 0.352064 0.566208 0.038991 0.018008
0 0.596330 0.545021 0.041284 0.018008
0 0.346330 0.509534 0.041284 0.016949
0 0.540138 0.526483 0.038991 0.016949
0 0.711009 0.564089 0.041284 0.018008
0 0.532110 0.565148 0.041284 0.018008
0 0.475917 0.508475 0.038991 0.016949
0 0.286697 0.547140 0.041284 0.018008
0 0.666284 0.564089 0.043578 0.018008
0 0.212156 0.509534 0.038991 0.016949
0 0.397936 0.565678 0.038991 0.019068
0 0.713303 0.525424 0.041284 0.016949
0 0.774083 0.543962 0.043578 0.018008
0 0.759174 0.525953 0.041284 0.018008
0 0.464450 0.546081 0.038991 0.018008
0 0.803899 0.534428 0.048165 0.037076
0 0.785550 0.564089 0.098624 0.018008
0 0.488532 0.587394 0.220183 0.022246
0 0.307339 0.566737 0.041284 0.019068
0 0.519495 0.508475 0.038991 0.016949
0 0.647936 0.507945 0.038991 0.015890
0 0.729358 0.545021 0.041284 0.018008
0 0.276376 0.528072 0.038991 0.018008
0 0.420872 0.546081 0.038991 0.018008
0 0.576835 0.564089 0.038991 0.018008
0 0.563073 0.508475 0.038991 0.016949
0 0.551606 0.545551 0.038991 0.019068
0 0.256881 0.509534 0.041284 0.016949
0 0.509174 0.546081 0.041284 0.018008
0 0.375000 0.546081 0.038991 0.018008
0 0.261468 0.567267 0.041284 0.018008
0 0.488532 0.565148 0.041284 0.018008
0 0.442661 0.565148 0.041284 0.018008
0 0.207569 0.567797 0.052752 0.019068
0 0.689220 0.507945 0.038991 0.015890
0 0.605505 0.508475 0.041284 0.016949
0 0.630734 0.587394 0.055046 0.022246
0 0.220183 0.528072 0.064220 0.018008
0 0.496560 0.526483 0.038991 0.016949
