0 0.134553 0.657781 0.041463 0.064841
0 0.365854 0.526657 0.037398 0.059078
0 0.354878 0.233429 0.031707 0.048991
0 0.598374 0.121037 0.029268 0.051873
0 0.601220 0.668588 0.038211 0.063401
0 0.350407 0.662104 0.039024 0.064841
0 0.204472 0.292507 0.046341 0.051873
0 0.567480 0.813401 0.052033 0.070605
0 0.434553 0.237752 0.033333 0.051873
0 0.256504 0.165706 0.031707 0.051873
0 0.151626 0.225504 0.038211 0.050432
0 0.199593 0.521614 0.039837 0.060519
0 0.073171 0.656340 0.076423 0.067723
0 0.518699 0.667147 0.039024 0.063401
0 0.307724 0.661383 0.039837 0.063401
0 0.178455 0.659222 0.041463 0.064841
0 0.467073 0.596542 0.038211 0.063401
0 0.434959 0.664986 0.039024 0.064841
0 0.484146 0.113112 0.028455 0.050432
0 0.314634 0.231268 0.032520 0.050432
0 0.369512 0.734870 0.041463 0.066282
0 0.310976 0.043228 0.031707 0.054755
0 0.100813 0.300432 0.056911 0.082133
0 0.534146 0.182997 0.029268 0.048991
0 0.427236 0.050432 0.033333 0.060519
0 0.645528 0.153458 0.050407 0.116715
0 0.172764 0.587896 0.039837 0.063401
0 0.476829 0.665706 0.038211 0.063401
0 0.274390 0.231268 0.034959 0.050432
0 0.392683 0.663545 0.037398 0.064841
0 0.608130 0.739193 0.091057 0.066282
0 0.239024 0.732709 0.040650 0.067723
0 0.192276 0.226225 0.033333 0.048991
0 0.342276 0.592939 0.039024 0.061960
0 0.325203 0.525216 0.039024 0.059078
0 0.368293 0.110231 0.032520 0.053314
0 0.119919 0.159942 0.069106 0.051873
0 0.105285 0.730548 0.043089 0.069164
0 0.503659 0.053314 0.031707 0.057637
0 0.250000 0.103746 0.033333 0.054755
0 0.215854 0.589337 0.039837 0.063401
0 0.157724 0.520173 0.040650 0.060519
0 0.625203 0.248559 0.097561 0.056196
0 0.521951 0.115274 0.027642 0.048991
0 0.455285 0.736311 0.039024 0.066282
0 0.289024 0.104467 0.030081 0.050432
0 0.151220 0.033141 0.030894 0.054755
0 0.465854 0.052594 0.032520 0.059078
0 0.283333 0.524496 0.038211 0.060519
0 0.560163 0.667867 0.037398 0.064841
0 0.539837 0.737752 0.039024 0.063401
0 0.221951 0.660663 0.040650 0.064841
0 0.508130 0.597983 0.037398 0.060519
0 0.174797 0.162104 0.030894 0.050432
0 0.589431 0.600144 0.037398 0.061960
0 0.528862 0.536744 0.036585 0.059078
0 0.075203 0.585735 0.064228 0.064841
0 0.282520 0.733429 0.041463 0.066282
0 0.300407 0.591499 0.038211 0.061960
0 0.455285 0.177233 0.032520 0.054755
0 0.195528 0.731988 0.041463 0.066282
0 0.169512 0.099424 0.034959 0.054755
0 0.103252 0.221902 0.043902 0.048991
0 0.150407 0.731268 0.042276 0.067723
0 0.412602 0.734870 0.039837 0.066282
0 0.376016 0.173631 0.033333 0.053314
0 0.560163 0.118156 0.029268 0.051873
0 0.071138 0.517291 0.041463 0.060519
0 0.216260 0.164986 0.032520 0.050432
0 0.497561 0.737032 0.039024 0.064841
0 0.191870 0.035303 0.030894 0.056196
0 0.552846 0.241354 0.029268 0.047550
0 0.265041 0.660663 0.039024 0.064841
0 0.336992 0.170029 0.031707 0.051873
0 0.053252 0.729827 0.056098 0.070605
0 0.118293 0.095101 0.052846 0.051873
0 0.231707 0.039625 0.030894 0.059078
0 0.384553 0.594380 0.039024 0.061960
0 0.326016 0.733429 0.040650 0.066282
0 0.051626 0.806916 0.072358 0.074928
0 0.296341 0.168588 0.030081 0.051873
0 0.258537 0.590778 0.039024 0.063401
0 0.327642 0.106628 0.029268 0.048991
0 0.445122 0.113833 0.030081 0.051873
0 0.447561 0.529539 0.038211 0.059078
0 0.342683 0.809798 0.262602 0.072046
0 0.113821 0.518012 0.040650 0.061960
0 0.407317 0.112392 0.032520 0.054755
0 0.394715 0.237032 0.033333 0.053314
0 0.406911 0.528818 0.038211 0.060519
0 0.488618 0.530259 0.037398 0.060519
0 0.633333 0.638329 0.039024 0.132565
0 0.490650 0.644813 0.978049 0.471182
0 0.618699 0.535303 0.056911 0.059078
0 0.541057 0.055476 0.030081 0.056196
0 0.549187 0.598703 0.038211 0.061960
0 0.233333 0.228386 0.032520 0.047550
0 0.388618 0.047550 0.032520 0.054755
0 0.425610 0.595101 0.038211 0.060519
0 0.241870 0.521614 0.038211 0.060519
0 0.580894 0.059798 0.030081 0.056196
0 0.516260 0.244236 0.029268 0.047550
0 0.573171 0.185879 0.029268 0.048991
0 0.475610 0.242795 0.029268 0.047550
0 0.509756 0.307637 0.039024 0.047550
0 0.272764 0.044669 0.031707 0.054755
0 0.351220 0.050432 0.032520 0.054755
0 0.415854 0.179395 0.033333 0.053314
0 0.608130 0.185879 0.029268 0.048991
0 0.610569 0.310519 0.039024 0.047550
0 0.377642 0.200288 0.626829 0.397695
0 0.628049 0.817723 0.064228 0.070605
0 0.496748 0.181556 0.029268 0.048991
0 0.570325 0.538184 0.036585 0.059078
0 0.117073 0.809798 0.058537 0.074928
0 0.130488 0.592219 0.039837 0.063401
0 0.637398 0.061239 0.066667 0.056196
0 0.358943 0.306916 0.247967 0.077810
0 0.211789 0.106628 0.033333 0.054755
