0 0.181461 0.252252 0.043820 0.054054
0 0.448876 0.202703 0.041573 0.051051
0 0.239888 0.316817 0.043820 0.054054
0 0.361236 0.382883 0.043820 0.054054
0 0.556180 0.388889 0.042697 0.054054
0 0.289326 0.318318 0.043820 0.054054
0 0.112360 0.189189 0.042697 0.051051
0 0.542697 0.205706 0.042697 0.051051
0 0.410112 0.384384 0.042697 0.054054
0 0.696067 0.391141 0.129213 0.055556
0 0.140449 0.313063 0.044944 0.055556
0 0.435955 0.323574 0.042697 0.055556
0 0.376966 0.261261 0.041573 0.054054
0 0.637640 0.207958 0.041573 0.052553
0 0.627528 0.328078 0.043820 0.052553
0 0.614607 0.268018 0.042697 0.052553
0 0.339326 0.319820 0.042697 0.054054
0 0.311798 0.380631 0.043820 0.055556
0 0.519101 0.265015 0.042697 0.052553
0 0.579213 0.327327 0.041573 0.054054
0 0.160674 0.191441 0.044944 0.052553
0 0.661798 0.268018 0.042697 0.052553
0 0.161798 0.377628 0.044944 0.055556
0 0.280337 0.257508 0.043820 0.052553
0 0.212360 0.379129 0.044944 0.055556
0 0.723596 0.300300 0.067416 0.117117
0 0.189888 0.314565 0.044944 0.055556
0 0.357865 0.447447 0.246067 0.060060
0 0.603933 0.388889 0.043820 0.054054
0 0.051685 0.373874 0.060674 0.057057
0 0.590449 0.207207 0.041573 0.051051
0 0.402247 0.201201 0.040449 0.051051
0 0.207303 0.442943 0.046067 0.057057
0 0.387079 0.321321 0.043820 0.051051
0 0.496067 0.204204 0.041573 0.051051
0 0.605618 0.453453 0.044944 0.057057
0 0.484270 0.324324 0.042697 0.054054
0 0.708427 0.209459 0.088764 0.052553
0 0.507865 0.387387 0.042697 0.054054
0 0.531461 0.325826 0.042697 0.054054
0 0.567416 0.266517 0.042697 0.052553
0 0.070225 0.249249 0.070787 0.054054
0 0.507303 0.450450 0.043820 0.057057
0 0.110112 0.376126 0.047191 0.055556
0 0.071348 0.310811 0.084270 0.054054
0 0.062921 0.186937 0.042697 0.052553
0 0.132022 0.252252 0.046067 0.054054
0 0.424719 0.262763 0.042697 0.054054
0 0.485393 0.322072 0.959551 0.415916
0 0.354494 0.199700 0.041573 0.051051
0 0.472472 0.263514 0.041573 0.052553
0 0.328652 0.258258 0.041573 0.054054
0 0.261798 0.379880 0.044944 0.054054
0 0.258989 0.195195 0.041573 0.051051
0 0.098315 0.440691 0.061798 0.058559
0 0.230899 0.254505 0.043820 0.052553
0 0.458427 0.385886 0.042697 0.054054
0 0.209551 0.192943 0.043820 0.052553
0 0.675281 0.329580 0.042697 0.052553
0 0.306180 0.197447 0.041573 0.052553
