0 0.192708 0.578125 0.140625 0.203125
0 0.309896 0.367188 0.140625 0.203125
0 0.944010 0.583984 0.117188 0.207031
0 0.346354 0.583984 0.130208 0.207031
0 0.415365 0.806641 0.143229 0.207031
0 0.531250 0.142578 0.145833 0.222656
0 0.648438 0.580078 0.130208 0.207031
0 0.157552 0.359375 0.138021 0.203125
0 0.604167 0.359375 0.140625 0.203125
0 0.723958 0.806641 0.130208 0.207031
0 0.572917 0.810547 0.130208 0.207031
0 0.494792 0.580078 0.130208 0.207031
0 0.054688 0.578125 0.104167 0.203125
0 0.382812 0.142578 0.145833 0.222656
0 0.755208 0.359375 0.140625 0.203125
0 0.527344 0.957031 0.950521 0.093750
0 0.903646 0.359375 0.140625 0.203125
0 0.460938 0.363281 0.140625 0.203125
0 0.802083 0.580078 0.130208 0.207031
0 0.117188 0.802734 0.130208 0.207031
0 0.946615 0.138672 0.111979 0.222656
0 0.268229 0.802734 0.130208 0.207031
0 0.091146 0.150391 0.145833 0.222656
0 0.236979 0.142578 0.145833 0.222656
0 0.822917 0.138672 0.145833 0.222656
0 0.680990 0.140625 0.143229 0.218750
