0 0.970139 0.668229 0.056944 0.032292
0 0.293056 0.626563 0.061111 0.030208
0 0.488194 0.744792 0.065278 0.041667
0 0.157639 0.793750 0.084722 0.056250
0 0.083333 0.740104 0.163889 0.042708
0 0.594444 0.702604 0.061111 0.036458
0 0.168750 0.625521 0.062500 0.030208
0 0.859028 0.631771 0.062500 0.030208
0 0.509722 0.663021 0.058333 0.034375
0 0.857639 0.748437 0.073611 0.040625
0 0.105556 0.625000 0.066667 0.031250
0 0.181944 0.659896 0.069444 0.034375
0 0.313194 0.660937 0.062500 0.034375
0 0.938194 0.632812 0.095833 0.030208
0 0.735417 0.705208 0.065278 0.037500
0 0.270139 0.741667 0.070833 0.041667
0 0.909028 0.666667 0.068056 0.033333
0 0.525000 0.702083 0.061111 0.037500
0 0.417361 0.627083 0.056944 0.031250
0 0.197917 0.741146 0.070833 0.040625
0 0.877083 0.705729 0.070833 0.036458
0 0.230556 0.626042 0.061111 0.031250
0 0.377778 0.661458 0.061111 0.033333
0 0.501389 0.711458 0.994444 0.268750
0 0.820833 0.801042 0.083333 0.056250
0 0.954861 0.706771 0.084722 0.036458
0 0.100694 0.659896 0.101389 0.034375
0 0.641667 0.664062 0.061111 0.034375
0 0.843056 0.666667 0.066667 0.033333
0 0.542361 0.628646 0.054167 0.030208
0 0.635417 0.746354 0.068056 0.042708
0 0.947917 0.750000 0.098611 0.041667
0 0.081250 0.792708 0.090278 0.056250
0 0.774306 0.665625 0.062500 0.033333
0 0.479861 0.627604 0.054167 0.030208
0 0.085417 0.698438 0.120833 0.038542
0 0.668056 0.630208 0.058333 0.031250
0 0.707639 0.665625 0.062500 0.033333
0 0.784028 0.747396 0.070833 0.040625
0 0.795833 0.631250 0.061111 0.031250
0 0.575000 0.664062 0.058333 0.034375
0 0.562500 0.745833 0.066667 0.041667
0 0.415278 0.743750 0.066667 0.041667
0 0.249306 0.699479 0.065278 0.036458
0 0.443056 0.661458 0.055556 0.033333
0 0.386806 0.700000 0.059722 0.037500
0 0.486806 0.797396 0.381944 0.055208
0 0.455556 0.701042 0.061111 0.037500
0 0.247222 0.659896 0.063889 0.034375
0 0.342361 0.743229 0.068056 0.042708
0 0.318056 0.700000 0.063889 0.037500
0 0.806250 0.705729 0.068056 0.036458
0 0.731944 0.630729 0.061111 0.030208
0 0.709028 0.747396 0.068056 0.040625
0 0.355556 0.626563 0.055556 0.030208
0 0.180556 0.698958 0.069444 0.037500
0 0.665278 0.703646 0.063889 0.036458
0 0.605556 0.629167 0.055556 0.031250
