0 0.164758 0.462670 0.026718 0.061086
0 0.045802 0.394796 0.025445 0.061086
0 0.320611 0.538462 0.027990 0.058824
0 0.429389 0.468326 0.029262 0.054299
0 0.099873 0.529412 0.034351 0.058824
0 0.507634 0.473982 0.030534 0.061086
0 0.226463 0.601810 0.027990 0.054299
0 0.399491 0.540724 0.027990 0.058824
0 0.053435 0.461538 0.040712 0.054299
0 0.409669 0.397059 0.030534 0.065611
0 0.050891 0.661765 0.040712 0.056561
0 0.084606 0.597285 0.026718 0.058824
0 0.417303 0.614253 0.030534 0.056561
0 0.552799 0.395928 0.072519 0.063348
0 0.173028 0.532805 0.025445 0.056561
0 0.401399 0.684389 0.039440 0.056561
0 0.493003 0.521493 0.955471 0.613122
0 0.153944 0.597285 0.025445 0.054299
0 0.449109 0.397059 0.030534 0.065611
0 0.389949 0.467195 0.029262 0.056561
0 0.190204 0.600679 0.026718 0.056561
0 0.359415 0.537330 0.029262 0.056561
0 0.263359 0.605204 0.027990 0.061086
0 0.078244 0.393665 0.026718 0.058824
0 0.218830 0.393665 0.027990 0.058824
0 0.351145 0.467195 0.027990 0.056561
0 0.147583 0.393665 0.027990 0.058824
0 0.283079 0.536199 0.026718 0.058824
0 0.209288 0.531674 0.026718 0.058824
0 0.256361 0.394796 0.029262 0.061086
0 0.561705 0.511312 0.052163 0.140271
0 0.312341 0.468326 0.026718 0.058824
0 0.054071 0.531674 0.044529 0.058824
0 0.519084 0.546380 0.030534 0.061086
0 0.293257 0.394796 0.029262 0.061086
0 0.181934 0.394796 0.027990 0.061086
0 0.478372 0.544118 0.030534 0.056561
0 0.245547 0.533937 0.027990 0.054299
0 0.339695 0.608597 0.027990 0.058824
0 0.199746 0.461538 0.027990 0.058824
0 0.438295 0.542986 0.029262 0.058824
0 0.488550 0.397059 0.030534 0.061086
0 0.468830 0.471719 0.029262 0.061086
0 0.137405 0.530543 0.025445 0.056561
0 0.129135 0.461538 0.026718 0.058824
0 0.330789 0.395928 0.030534 0.063348
0 0.301527 0.606335 0.027990 0.058824
0 0.274809 0.464932 0.027990 0.056561
0 0.047074 0.598416 0.033079 0.052036
0 0.558524 0.699095 0.055980 0.063348
0 0.456743 0.616516 0.030534 0.061086
0 0.377863 0.613122 0.027990 0.058824
0 0.139313 0.666290 0.034351 0.056561
0 0.094148 0.460407 0.027990 0.056561
0 0.119593 0.597285 0.025445 0.054299
0 0.270356 0.677602 0.207379 0.074661
0 0.237277 0.462670 0.026718 0.056561
0 0.533715 0.619910 0.103053 0.063348
0 0.111959 0.393665 0.027990 0.058824
0 0.370229 0.395928 0.030534 0.063348
