0 0.255385 0.664747 0.043077 0.025346
0 0.357692 0.661290 0.041538 0.023041
0 0.495385 0.632488 0.040000 0.023041
0 0.799231 0.626728 0.044615 0.023041
0 0.768462 0.683756 0.053846 0.031106
0 0.434615 0.611751 0.038462 0.020737
0 0.170000 0.641705 0.084615 0.023041
0 0.834615 0.654954 0.140000 0.026498
0 0.339231 0.613479 0.041538 0.019585
0 0.116154 0.698157 0.060000 0.029954
0 0.704615 0.586982 0.040000 0.019585
0 0.512308 0.588710 0.040000 0.020737
0 0.539231 0.637097 0.924615 0.175115
0 0.283846 0.692972 0.056923 0.031106
0 0.238462 0.616359 0.043077 0.020737
0 0.683846 0.606567 0.035385 0.019585
0 0.483077 0.610023 0.036923 0.021889
0 0.596923 0.631336 0.040000 0.023041
0 0.386154 0.613479 0.040000 0.021889
0 0.393846 0.636521 0.040000 0.021889
0 0.844615 0.611175 0.080000 0.056452
0 0.463077 0.591014 0.040000 0.020737
0 0.290000 0.637673 0.041538 0.024194
0 0.200769 0.667051 0.053846 0.027650
0 0.239231 0.639401 0.041538 0.023041
0 0.653077 0.684332 0.050769 0.032258
0 0.558462 0.587558 0.040000 0.020737
0 0.751538 0.628456 0.044615 0.024194
0 0.605385 0.586982 0.041538 0.019585
0 0.226154 0.595046 0.043077 0.021889
0 0.415385 0.591590 0.040000 0.019585
0 0.140000 0.668779 0.067692 0.026498
0 0.648462 0.630760 0.044615 0.024194
0 0.367692 0.592166 0.040000 0.023041
0 0.533846 0.608871 0.036923 0.019585
0 0.519231 0.657258 0.041538 0.024194
0 0.750000 0.585829 0.041538 0.019585
0 0.730769 0.605415 0.043077 0.021889
0 0.546154 0.632488 0.040000 0.023041
0 0.653846 0.585829 0.040000 0.019585
0 0.625385 0.656682 0.041538 0.025346
0 0.466923 0.687788 0.315385 0.034562
0 0.411538 0.660138 0.044615 0.025346
0 0.574615 0.657258 0.041538 0.024194
0 0.276923 0.595622 0.036923 0.018433
0 0.319231 0.593894 0.041538 0.021889
0 0.306154 0.661866 0.046154 0.024194
0 0.678462 0.655530 0.046154 0.025346
0 0.780769 0.605415 0.041538 0.024194
0 0.286154 0.615207 0.036923 0.020737
0 0.465385 0.658410 0.041538 0.024194
0 0.179231 0.597926 0.047692 0.020737
0 0.822308 0.584101 0.090769 0.020737
0 0.584615 0.607719 0.040000 0.019585
0 0.442308 0.633641 0.035385 0.023041
0 0.176923 0.618664 0.067692 0.023041
0 0.731538 0.656682 0.047692 0.025346
0 0.632308 0.607143 0.040000 0.020737
0 0.341538 0.635945 0.040000 0.025346
0 0.700769 0.629608 0.047692 0.024194
