0 0.680851 0.231061 0.040426 0.060606
0 0.722872 0.533144 0.047872 0.085227
0 0.676596 0.371212 0.042553 0.068182
0 0.545213 0.230114 0.039362 0.062500
0 0.656383 0.446970 0.044681 0.068182
0 0.367553 0.443182 0.043617 0.068182
0 0.771809 0.373106 0.043617 0.068182
0 0.229787 0.292614 0.068085 0.066288
0 0.724468 0.372159 0.044681 0.066288
0 0.222872 0.221591 0.041489 0.060606
0 0.384043 0.296402 0.042553 0.066288
0 0.302128 0.530303 0.046809 0.087121
0 0.590426 0.231061 0.040426 0.060606
0 0.818085 0.372159 0.044681 0.066288
0 0.409574 0.227273 0.040426 0.060606
0 0.614894 0.299242 0.040426 0.064394
0 0.268617 0.442235 0.045745 0.070076
0 0.635106 0.231061 0.040426 0.060606
0 0.251596 0.530303 0.050000 0.087121
0 0.512234 0.444129 0.043617 0.066288
0 0.464362 0.445076 0.043617 0.068182
0 0.849468 0.337121 0.054255 0.140152
0 0.582447 0.370265 0.039362 0.066288
0 0.661170 0.301136 0.041489 0.064394
0 0.500000 0.228220 0.040426 0.062500
0 0.523404 0.299242 0.040426 0.064394
0 0.533511 0.365530 0.758511 0.481061
0 0.704787 0.446023 0.045745 0.066288
0 0.318085 0.443182 0.044681 0.068182
0 0.512766 0.531250 0.240426 0.085227
0 0.430319 0.297348 0.041489 0.064394
0 0.440957 0.368371 0.041489 0.066288
0 0.800000 0.301136 0.042553 0.064394
0 0.609043 0.446023 0.043617 0.070076
0 0.826596 0.233902 0.063830 0.062500
0 0.754255 0.300189 0.042553 0.066288
0 0.393617 0.367424 0.042553 0.068182
0 0.229787 0.365530 0.080851 0.068182
0 0.770745 0.232008 0.041489 0.062500
0 0.289894 0.294508 0.043617 0.066288
0 0.726064 0.231061 0.041489 0.060606
0 0.337234 0.294508 0.042553 0.066288
0 0.345745 0.368371 0.042553 0.066288
0 0.487766 0.369318 0.041489 0.064394
0 0.753191 0.446970 0.044681 0.068182
0 0.297872 0.366477 0.044681 0.066288
0 0.629787 0.370265 0.042553 0.066288
0 0.830851 0.449811 0.104255 0.070076
0 0.569149 0.299242 0.040426 0.064394
0 0.476596 0.297348 0.040426 0.064394
0 0.317021 0.224432 0.042553 0.062500
0 0.707447 0.301136 0.042553 0.064394
0 0.211702 0.441288 0.059574 0.071970
0 0.454787 0.229167 0.039362 0.060606
0 0.363298 0.226326 0.041489 0.062500
0 0.561170 0.445076 0.043617 0.068182
0 0.416489 0.445076 0.043617 0.068182
0 0.535638 0.370265 0.041489 0.066288
0 0.270213 0.222538 0.042553 0.062500
