0 0.834390 0.201946 0.072900 0.104623
0 0.407290 0.090024 0.072900 0.107056
0 0.349842 0.427007 0.073693 0.104623
0 0.097861 0.090024 0.073693 0.104623
0 0.854596 0.313869 0.072108 0.104623
0 0.640650 0.091241 0.073693 0.104623
0 0.948494 0.313869 0.104596 0.104623
0 0.737718 0.426399 0.072900 0.100973
0 0.058637 0.202555 0.074485 0.103406
0 0.176307 0.556569 0.075277 0.142336
0 0.465531 0.313260 0.072108 0.103406
0 0.929477 0.427007 0.142631 0.107056
0 0.116878 0.427007 0.073693 0.102190
0 0.659667 0.426399 0.072108 0.103406
0 0.078051 0.314477 0.073693 0.105839
0 0.485737 0.090633 0.072900 0.105839
0 0.195325 0.426399 0.073693 0.103406
0 0.581616 0.427007 0.074485 0.104623
0 0.019414 0.557786 0.037242 0.144769
0 0.562995 0.091241 0.073693 0.104623
0 0.718700 0.090633 0.072900 0.105839
0 0.699683 0.315085 0.071315 0.104623
0 0.426704 0.427007 0.075277 0.104623
0 0.680269 0.557786 0.073693 0.144769
0 0.271791 0.427616 0.074485 0.103406
0 0.034073 0.313260 0.066561 0.105839
0 0.913233 0.201338 0.072108 0.103406
0 0.776149 0.314477 0.072108 0.103406
0 0.447306 0.201338 0.072108 0.103406
0 0.043582 0.426399 0.085578 0.105839
0 0.387876 0.313260 0.072108 0.103406
0 0.504358 0.426399 0.073693 0.103406
0 0.795959 0.090024 0.072108 0.104623
0 0.252773 0.089416 0.071315 0.103406
0 0.601823 0.201946 0.070523 0.102190
0 0.291601 0.201946 0.072900 0.102190
0 0.029319 0.202555 0.057052 0.103406
0 0.310618 0.313869 0.072900 0.104623
0 0.174723 0.090633 0.073693 0.105839
0 0.978605 0.201946 0.044374 0.102190
0 0.136292 0.201338 0.071315 0.103406
0 0.621632 0.313869 0.070523 0.104623
0 0.369651 0.201946 0.070523 0.102190
0 0.874010 0.088200 0.069731 0.103406
0 0.028130 0.088808 0.054675 0.102190
0 0.428685 0.556569 0.424723 0.144769
0 0.958796 0.087591 0.083994 0.104623
0 0.756735 0.201338 0.072900 0.103406
0 0.500792 0.331509 1.000000 0.660584
0 0.213946 0.202555 0.074485 0.103406
0 0.678685 0.201338 0.073693 0.103406
0 0.523376 0.201946 0.072108 0.104623
0 0.232567 0.315085 0.073693 0.104623
0 0.815372 0.427007 0.072900 0.102190
0 0.329635 0.090633 0.072900 0.105839
0 0.018225 0.088808 0.034865 0.102190
0 0.543978 0.313869 0.070523 0.104623
0 0.156101 0.315085 0.072900 0.104623
