0 0.427172 0.618135 0.045145 0.025543
0 0.472317 0.621967 0.046848 0.025543
0 0.178024 0.573116 0.045997 0.022350
0 0.613288 0.632184 0.045997 0.025543
0 0.348807 0.638889 0.048552 0.026181
0 0.382453 0.588761 0.044293 0.022989
0 0.217206 0.575990 0.044293 0.022989
0 0.175468 0.624202 0.049404 0.024904
0 0.487649 0.681673 0.041738 0.030013
0 0.141823 0.547893 0.034923 0.019157
0 0.560051 0.601852 0.043441 0.023627
0 0.426746 0.591954 0.044293 0.024266
0 0.340716 0.585568 0.044293 0.022989
0 0.257666 0.579502 0.045145 0.023627
0 0.350937 0.672733 0.240204 0.050447
0 0.072402 0.645594 0.057922 0.028097
0 0.583901 0.658685 0.046848 0.026181
0 0.518313 0.624840 0.045145 0.024904
0 0.304089 0.635057 0.047700 0.026181
0 0.457411 0.569604 0.042589 0.021711
0 0.488075 0.651341 0.047700 0.026820
0 0.572402 0.689655 0.040886 0.031928
0 0.373935 0.563857 0.042589 0.020434
0 0.292589 0.558110 0.041738 0.020434
0 0.260221 0.630907 0.048552 0.024266
0 0.253833 0.604087 0.045997 0.024266
0 0.296422 0.607918 0.045997 0.024266
0 0.700170 0.586207 0.083475 0.024266
0 0.174191 0.549808 0.045145 0.020434
0 0.133731 0.570562 0.056218 0.021073
0 0.606048 0.605364 0.045145 0.024266
0 0.589012 0.578863 0.043441 0.022350
0 0.664395 0.636654 0.049404 0.026820
0 0.543867 0.575990 0.043441 0.021711
0 0.513629 0.598340 0.044293 0.024266
0 0.252129 0.555556 0.044293 0.021711
0 0.339012 0.611111 0.045997 0.024266
0 0.536627 0.654853 0.047700 0.027458
0 0.565162 0.628991 0.045145 0.025543
0 0.299830 0.582375 0.044293 0.022989
0 0.634157 0.581737 0.041738 0.022989
0 0.171210 0.597701 0.045997 0.022989
0 0.393952 0.642720 0.046848 0.026181
0 0.216780 0.627714 0.046848 0.025543
0 0.415247 0.566731 0.043441 0.021073
0 0.121806 0.594508 0.068143 0.022989
0 0.710392 0.626756 0.061329 0.053001
0 0.440375 0.646871 0.047700 0.026820
0 0.500426 0.572797 0.043441 0.021711
0 0.382453 0.613985 0.045997 0.023627
0 0.209966 0.657088 0.055366 0.029374
0 0.469761 0.595147 0.045145 0.024266
0 0.675468 0.666347 0.129472 0.032567
0 0.212947 0.552682 0.044293 0.021073
0 0.652896 0.608876 0.045145 0.024904
0 0.212521 0.600894 0.045145 0.022989
0 0.460392 0.629949 0.871380 0.219029
0 0.093697 0.617816 0.052811 0.022350
0 0.332624 0.561303 0.043441 0.020434
0 0.135434 0.621009 0.047700 0.023627
