0 0.317073 0.484270 0.043902 0.017978
0 0.208537 0.570225 0.046341 0.023596
0 0.479268 0.502809 0.041463 0.019101
0 0.348780 0.524157 0.043902 0.019101
0 0.458537 0.484270 0.043902 0.017978
0 0.658537 0.542697 0.043902 0.020225
0 0.664634 0.502247 0.041463 0.017978
0 0.618293 0.502247 0.041463 0.017978
0 0.364634 0.568539 0.060976 0.024719
0 0.836585 0.482022 0.063415 0.017978
0 0.776829 0.482584 0.041463 0.016854
0 0.339024 0.503371 0.043902 0.017978
0 0.725610 0.521910 0.046341 0.019101
0 0.710976 0.501124 0.041463 0.017978
0 0.432927 0.502809 0.041463 0.019101
0 0.412195 0.484270 0.043902 0.017978
0 0.680488 0.521910 0.043902 0.019101
0 0.235366 0.525281 0.080488 0.019101
0 0.386585 0.502809 0.041463 0.019101
0 0.542683 0.520225 0.734146 0.132584
0 0.371951 0.544382 0.041463 0.019101
0 0.631707 0.521910 0.043902 0.019101
0 0.365854 0.484270 0.043902 0.017978
0 0.571951 0.502247 0.041463 0.017978
0 0.753659 0.542135 0.043902 0.019101
0 0.563415 0.543258 0.043902 0.019101
0 0.503659 0.483146 0.041463 0.017978
0 0.302439 0.524157 0.043902 0.019101
0 0.706098 0.542135 0.046341 0.019101
0 0.223171 0.484270 0.041463 0.017978
0 0.420732 0.543820 0.041463 0.020225
0 0.756098 0.501124 0.043902 0.017978
0 0.820732 0.520787 0.046341 0.019101
0 0.804878 0.501685 0.043902 0.019101
0 0.491463 0.523034 0.041463 0.019101
0 0.852439 0.510674 0.051220 0.039326
0 0.832927 0.542135 0.104878 0.019101
0 0.517073 0.566854 0.234146 0.023596
0 0.324390 0.544944 0.043902 0.020225
0 0.550000 0.483146 0.041463 0.017978
0 0.686585 0.482584 0.041463 0.016854
0 0.773171 0.521910 0.043902 0.019101
0 0.291463 0.503933 0.041463 0.019101
0 0.445122 0.523034 0.041463 0.019101
0 0.610976 0.542135 0.041463 0.019101
0 0.596341 0.483146 0.041463 0.017978
0 0.584146 0.522472 0.041463 0.020225
0 0.270732 0.484270 0.043902 0.017978
0 0.539024 0.523034 0.043902 0.019101
0 0.396341 0.523034 0.041463 0.019101
0 0.275610 0.545506 0.043902 0.019101
0 0.517073 0.543258 0.043902 0.019101
0 0.468293 0.543258 0.043902 0.019101
0 0.218293 0.546067 0.056098 0.020225
0 0.730488 0.482584 0.041463 0.016854
0 0.641463 0.483146 0.043902 0.017978
0 0.668293 0.566854 0.058537 0.023596
0 0.231707 0.503933 0.068293 0.019101
0 0.525610 0.502247 0.041463 0.017978
