0 0.056432 0.704183 0.066390 0.117530
0 0.071784 0.562749 0.095436 0.117530
0 0.854357 0.275896 0.110373 0.117530
0 0.377593 0.419323 0.048133 0.113546
0 0.363485 0.705179 0.049793 0.111554
0 0.407469 0.276892 0.051452 0.115538
0 0.183817 0.706175 0.048963 0.113546
0 0.556017 0.418327 0.049793 0.111554
0 0.704979 0.276892 0.050622 0.115538
0 0.734855 0.420319 0.050622 0.115538
0 0.645228 0.849602 0.052282 0.117530
0 0.317842 0.419323 0.049793 0.113546
0 0.467220 0.276892 0.049793 0.115538
0 0.258091 0.419323 0.049793 0.113546
0 0.049378 0.274900 0.048963 0.115538
0 0.630705 0.561753 0.049793 0.115538
0 0.213693 0.562749 0.048963 0.113546
0 0.801660 0.704183 0.094606 0.117530
0 0.451867 0.562749 0.048963 0.113546
0 0.749793 0.562749 0.048963 0.113546
0 0.124066 0.705179 0.050622 0.115538
0 0.765145 0.848606 0.053112 0.119522
0 0.198755 0.418327 0.048963 0.115538
0 0.497510 0.490040 0.976763 0.920319
0 0.229046 0.276892 0.049793 0.115538
0 0.482158 0.705179 0.049793 0.111554
0 0.690456 0.562749 0.049793 0.113546
0 0.429876 0.851594 0.371784 0.121514
0 0.064315 0.419323 0.078838 0.117530
0 0.109129 0.276892 0.048963 0.115538
0 0.570954 0.561753 0.049793 0.115538
0 0.139004 0.420319 0.050622 0.115538
0 0.348133 0.275896 0.050622 0.117530
0 0.303320 0.705179 0.050622 0.111554
0 0.437344 0.419323 0.049793 0.113546
0 0.675519 0.419323 0.049793 0.113546
0 0.795021 0.419323 0.049793 0.113546
0 0.153942 0.562749 0.048963 0.113546
0 0.719502 0.705179 0.049793 0.111554
0 0.600415 0.705179 0.048963 0.111554
0 0.422407 0.704183 0.051452 0.113546
0 0.168465 0.276892 0.049793 0.115538
0 0.273029 0.562749 0.049793 0.113546
0 0.615353 0.419323 0.050622 0.113546
0 0.660996 0.705179 0.048963 0.111554
0 0.541079 0.704183 0.049793 0.113546
0 0.056432 0.849602 0.068050 0.121514
0 0.526556 0.276892 0.050622 0.115538
0 0.808714 0.561753 0.048963 0.119522
0 0.497095 0.420319 0.049793 0.115538
0 0.764730 0.275896 0.048963 0.113546
0 0.243983 0.705179 0.049793 0.111554
0 0.206224 0.848606 0.067220 0.119522
0 0.646058 0.276892 0.050622 0.115538
0 0.870124 0.490040 0.082158 0.270916
0 0.586307 0.275896 0.050622 0.113546
0 0.332780 0.561753 0.049793 0.115538
0 0.511618 0.562749 0.048963 0.117530
0 0.392531 0.562749 0.049793 0.113546
0 0.287967 0.276892 0.049793 0.115538
