0 0.243056 0.662500 0.038889 0.022917
0 0.335417 0.659375 0.037500 0.020833
0 0.459722 0.633333 0.036111 0.020833
0 0.734028 0.628125 0.040278 0.020833
0 0.706250 0.679688 0.048611 0.028125
0 0.404861 0.614583 0.034722 0.018750
0 0.165972 0.641667 0.076389 0.020833
0 0.765972 0.653646 0.126389 0.023958
0 0.318750 0.616146 0.037500 0.017708
0 0.117361 0.692708 0.054167 0.027083
0 0.648611 0.592187 0.036111 0.017708
0 0.475000 0.593750 0.036111 0.018750
0 0.503472 0.637500 0.843056 0.158333
0 0.268750 0.688021 0.051389 0.028125
0 0.227778 0.618750 0.038889 0.018750
0 0.629861 0.609896 0.031944 0.017708
0 0.448611 0.613021 0.033333 0.019792
0 0.551389 0.632292 0.036111 0.020833
0 0.361111 0.616146 0.036111 0.019792
0 0.368056 0.636979 0.036111 0.019792
0 0.775000 0.614062 0.072222 0.051042
0 0.430556 0.595833 0.036111 0.018750
0 0.274306 0.638021 0.037500 0.021875
0 0.193750 0.664583 0.048611 0.025000
0 0.228472 0.639583 0.037500 0.020833
0 0.602083 0.680208 0.045833 0.029167
0 0.516667 0.592708 0.036111 0.018750
0 0.690972 0.629687 0.040278 0.021875
0 0.559028 0.592187 0.037500 0.017708
0 0.216667 0.599479 0.038889 0.019792
0 0.387500 0.596354 0.036111 0.017708
0 0.138889 0.666146 0.061111 0.023958
0 0.597917 0.631771 0.040278 0.021875
0 0.344444 0.596875 0.036111 0.020833
0 0.494444 0.611979 0.033333 0.017708
0 0.481250 0.655729 0.037500 0.021875
0 0.689583 0.591146 0.037500 0.017708
0 0.672222 0.608854 0.038889 0.019792
0 0.505556 0.633333 0.036111 0.020833
0 0.602778 0.591146 0.036111 0.017708
0 0.577083 0.655208 0.037500 0.022917
0 0.434028 0.683333 0.284722 0.031250
0 0.384028 0.658333 0.040278 0.022917
0 0.531250 0.655729 0.037500 0.021875
0 0.262500 0.600000 0.033333 0.016667
0 0.300694 0.598437 0.037500 0.019792
0 0.288889 0.659896 0.041667 0.021875
0 0.625000 0.654167 0.041667 0.022917
0 0.717361 0.608854 0.037500 0.021875
0 0.270833 0.617708 0.033333 0.018750
0 0.432639 0.656771 0.037500 0.021875
0 0.174306 0.602083 0.043056 0.018750
0 0.754861 0.589583 0.081944 0.018750
0 0.540278 0.610938 0.036111 0.017708
0 0.411806 0.634375 0.031944 0.020833
0 0.172222 0.620833 0.061111 0.020833
0 0.672917 0.655208 0.043056 0.022917
0 0.583333 0.610417 0.036111 0.018750
0 0.320833 0.636458 0.036111 0.022917
0 0.645139 0.630729 0.043056 0.021875
