0 0.813333 0.264074 0.061333 0.088025
0 0.454000 0.169908 0.061333 0.090072
0 0.405667 0.453429 0.062000 0.088025
0 0.193667 0.169908 0.062000 0.088025
0 0.830333 0.358240 0.060667 0.088025
0 0.650333 0.170931 0.062000 0.088025
0 0.921333 0.358240 0.112000 0.088025
0 0.732000 0.452917 0.061333 0.084954
0 0.160667 0.264585 0.062667 0.087001
0 0.259667 0.562436 0.063333 0.119754
0 0.503000 0.357728 0.060667 0.087001
0 0.905667 0.453429 0.144667 0.090072
0 0.209667 0.453429 0.062000 0.085977
0 0.666333 0.452917 0.060667 0.087001
0 0.177000 0.358751 0.062000 0.089048
0 0.520000 0.170420 0.061333 0.089048
0 0.275667 0.452917 0.062000 0.087001
0 0.600667 0.453429 0.062667 0.088025
0 0.062333 0.563460 0.063333 0.121801
0 0.585000 0.170931 0.062000 0.088025
0 0.716000 0.170420 0.061333 0.089048
0 0.700000 0.359263 0.060000 0.088025
0 0.470333 0.453429 0.063333 0.088025
0 0.683667 0.563460 0.062000 0.121801
0 0.340000 0.453941 0.062667 0.087001
0 0.086667 0.357728 0.112000 0.089048
0 0.879667 0.263562 0.060667 0.087001
0 0.764333 0.358751 0.060667 0.087001
0 0.487667 0.263562 0.060667 0.087001
0 0.104000 0.452917 0.144000 0.089048
0 0.437667 0.357728 0.060667 0.087001
0 0.535667 0.452917 0.062000 0.087001
0 0.781000 0.169908 0.060667 0.088025
0 0.324000 0.169396 0.060000 0.087001
0 0.617667 0.264074 0.059333 0.085977
0 0.356667 0.264074 0.061333 0.085977
0 0.079667 0.264585 0.096667 0.087001
0 0.372667 0.358240 0.061333 0.088025
0 0.258333 0.170420 0.062000 0.089048
0 0.945667 0.264074 0.059333 0.085977
0 0.226000 0.263562 0.060000 0.087001
0 0.634333 0.358240 0.059333 0.088025
0 0.422333 0.264074 0.059333 0.085977
0 0.846667 0.168373 0.058667 0.087001
0 0.128000 0.168884 0.060000 0.085977
0 0.472000 0.562436 0.357333 0.121801
0 0.930000 0.167861 0.094667 0.088025
0 0.748000 0.263562 0.061333 0.087001
0 0.497333 0.328045 0.988000 0.645855
0 0.291333 0.264585 0.062667 0.087001
0 0.682333 0.263562 0.062000 0.087001
0 0.551667 0.264074 0.060667 0.088025
0 0.307000 0.359263 0.062000 0.088025
0 0.797333 0.453429 0.061333 0.085977
0 0.388667 0.170420 0.061333 0.089048
0 0.061667 0.168884 0.059333 0.085977
0 0.569000 0.358240 0.059333 0.088025
0 0.242667 0.359263 0.061333 0.088025
