0 0.812670 0.267782 0.062670 0.089958
0 0.445504 0.171548 0.062670 0.092050
0 0.396117 0.461297 0.063351 0.089958
0 0.179496 0.171548 0.063351 0.089958
0 0.830041 0.364017 0.061989 0.089958
0 0.646117 0.172594 0.063351 0.089958
0 0.923025 0.364017 0.114441 0.089958
0 0.729564 0.460774 0.062670 0.086820
0 0.145777 0.268305 0.064033 0.088912
0 0.246935 0.572699 0.064714 0.122385
0 0.495572 0.363494 0.061989 0.088912
0 0.907016 0.461297 0.147820 0.092050
0 0.195845 0.461297 0.063351 0.087866
0 0.662466 0.460774 0.061989 0.088912
0 0.162466 0.364540 0.063351 0.091004
0 0.512943 0.172071 0.062670 0.091004
0 0.263283 0.460774 0.063351 0.088912
0 0.595368 0.461297 0.064033 0.089958
0 0.045300 0.573745 0.064714 0.124477
0 0.579360 0.172594 0.063351 0.089958
0 0.713215 0.172071 0.062670 0.091004
0 0.696866 0.365063 0.061308 0.089958
0 0.462193 0.461297 0.064714 0.089958
0 0.680177 0.573745 0.063351 0.124477
0 0.329019 0.461820 0.064033 0.088912
0 0.070163 0.363494 0.114441 0.091004
0 0.880450 0.267259 0.061989 0.088912
0 0.762602 0.364540 0.061989 0.088912
0 0.479905 0.267259 0.061989 0.088912
0 0.087875 0.460774 0.147139 0.091004
0 0.428815 0.363494 0.061989 0.088912
0 0.528951 0.460774 0.063351 0.088912
0 0.779632 0.171548 0.061989 0.089958
0 0.312670 0.171025 0.061308 0.088912
0 0.612738 0.267782 0.060627 0.087866
0 0.346049 0.267782 0.062670 0.087866
0 0.063011 0.268305 0.098774 0.088912
0 0.362398 0.364017 0.062670 0.089958
0 0.245572 0.172071 0.063351 0.091004
0 0.947888 0.267782 0.060627 0.087866
0 0.212534 0.267259 0.061308 0.088912
0 0.629768 0.364017 0.060627 0.089958
0 0.413147 0.267782 0.060627 0.087866
0 0.846730 0.169979 0.059946 0.088912
0 0.112398 0.170502 0.061308 0.087866
0 0.463896 0.572699 0.365123 0.124477
0 0.931880 0.169456 0.096730 0.089958
0 0.745913 0.267259 0.062670 0.088912
0 0.497616 0.333159 0.993869 0.660042
0 0.279292 0.268305 0.064033 0.088912
0 0.678815 0.267259 0.063351 0.088912
0 0.545300 0.267782 0.061989 0.089958
0 0.295300 0.365063 0.063351 0.089958
0 0.796322 0.461297 0.062670 0.087866
0 0.378747 0.172071 0.062670 0.091004
0 0.044619 0.170502 0.060627 0.087866
0 0.563011 0.364017 0.060627 0.089958
0 0.229564 0.365063 0.062670 0.089958
