0 0.122559 0.415428 0.041992 0.061338
0 0.207520 0.474907 0.040039 0.061338
0 0.316895 0.536245 0.041992 0.065056
0 0.249023 0.404275 0.039062 0.061338
0 0.324219 0.621747 0.199219 0.098513
0 0.124512 0.353160 0.040039 0.055762
0 0.453613 0.607807 0.049805 0.092937
0 0.410156 0.330855 0.037109 0.055762
0 0.207520 0.407993 0.040039 0.061338
0 0.569824 0.318773 0.034180 0.053903
0 0.535645 0.518587 0.040039 0.066914
0 0.290527 0.400558 0.038086 0.057621
0 0.457520 0.390335 0.036133 0.055762
0 0.138672 0.551115 0.042969 0.065056
0 0.501465 0.605019 0.041992 0.094796
0 0.287598 0.339219 0.036133 0.053903
0 0.164551 0.478625 0.040039 0.061338
0 0.250977 0.471190 0.039062 0.061338
0 0.369629 0.333643 0.036133 0.053903
0 0.405273 0.529740 0.041016 0.066914
0 0.450684 0.328996 0.036133 0.055762
0 0.375000 0.395911 0.037109 0.059480
0 0.165527 0.409851 0.040039 0.065056
0 0.492676 0.521375 0.038086 0.065056
0 0.166016 0.348513 0.039062 0.053903
0 0.464844 0.460037 0.917969 0.566914
0 0.498047 0.386617 0.035156 0.059480
0 0.072266 0.486989 0.054688 0.063197
0 0.580078 0.380112 0.037109 0.057621
0 0.360840 0.533457 0.040039 0.066914
0 0.416504 0.392193 0.036133 0.055762
0 0.490234 0.325279 0.035156 0.055762
0 0.507324 0.451673 0.036133 0.059480
0 0.380859 0.461896 0.037109 0.061338
0 0.082520 0.418216 0.041992 0.059480
0 0.293945 0.467472 0.039062 0.061338
0 0.465820 0.454461 0.037109 0.061338
0 0.333008 0.398699 0.037109 0.057621
0 0.621094 0.375465 0.037109 0.059480
0 0.183105 0.547398 0.043945 0.065056
0 0.194824 0.630112 0.057617 0.092937
0 0.077637 0.554833 0.079102 0.072491
0 0.329102 0.335502 0.037109 0.053903
0 0.608887 0.440520 0.073242 0.063197
0 0.549316 0.447026 0.038086 0.061338
0 0.449219 0.525093 0.039062 0.065056
0 0.088379 0.356877 0.032227 0.055762
0 0.337891 0.463755 0.039062 0.061338
0 0.613770 0.313197 0.043945 0.053903
0 0.272949 0.539963 0.041992 0.065056
0 0.529785 0.322491 0.036133 0.053903
0 0.539551 0.382900 0.036133 0.059480
0 0.206543 0.344796 0.038086 0.053903
0 0.120605 0.481413 0.041992 0.063197
0 0.247070 0.342007 0.037109 0.055762
0 0.228027 0.544610 0.041992 0.066914
0 0.047852 0.644981 0.066406 0.096654
0 0.604004 0.510223 0.092773 0.068773
0 0.422852 0.458178 0.037109 0.061338
