0 0.237121 0.510621 0.046970 0.050654
0 0.419697 0.612745 0.045455 0.049020
0 0.516667 0.612745 0.045455 0.049020
0 0.262121 0.562092 0.048485 0.049020
0 0.601515 0.561275 0.045455 0.047386
0 0.456061 0.562092 0.045455 0.049020
0 0.833333 0.511438 0.069697 0.049020
0 0.626515 0.511438 0.046970 0.049020
0 0.310606 0.562092 0.048485 0.049020
0 0.590152 0.664216 0.046970 0.050654
0 0.578030 0.512255 0.046970 0.050654
0 0.662879 0.612745 0.046970 0.049020
0 0.553788 0.562092 0.046970 0.049020
0 0.299242 0.665033 0.046970 0.049020
0 0.698485 0.562092 0.045455 0.049020
0 0.200758 0.562092 0.071212 0.049020
0 0.384091 0.510621 0.046970 0.050654
0 0.274242 0.613562 0.045455 0.050654
0 0.505303 0.562092 0.046970 0.049020
0 0.613636 0.612745 0.045455 0.049020
0 0.493182 0.716503 0.240909 0.050654
0 0.815909 0.664216 0.107576 0.050654
0 0.371212 0.613562 0.048485 0.050654
0 0.408333 0.562092 0.046970 0.049020
0 0.239394 0.716503 0.048485 0.050654
0 0.687121 0.663399 0.046970 0.049020
0 0.431818 0.511438 0.048485 0.049020
0 0.638636 0.663399 0.046970 0.049020
0 0.759848 0.612745 0.046970 0.049020
0 0.250000 0.664216 0.048485 0.050654
0 0.540909 0.664216 0.048485 0.050654
0 0.675000 0.512255 0.046970 0.050654
0 0.808333 0.612745 0.046970 0.049020
0 0.286364 0.512255 0.048485 0.050654
0 0.650758 0.562092 0.046970 0.049020
0 0.481061 0.510621 0.046970 0.050654
0 0.796970 0.562092 0.045455 0.049020
0 0.735606 0.663399 0.046970 0.049020
0 0.565152 0.612745 0.045455 0.049020
0 0.711364 0.612745 0.046970 0.049020
0 0.468182 0.612745 0.045455 0.049020
0 0.194697 0.665033 0.059091 0.049020
0 0.521212 0.598039 0.733333 0.303922
0 0.529545 0.512255 0.046970 0.050654
0 0.443939 0.664216 0.048485 0.050654
0 0.347727 0.664216 0.046970 0.050654
0 0.846212 0.588235 0.046970 0.101307
0 0.207576 0.613562 0.081818 0.050654
0 0.747727 0.562092 0.046970 0.049020
0 0.724242 0.511438 0.045455 0.049020
0 0.322727 0.614379 0.045455 0.049020
0 0.287879 0.716503 0.048485 0.050654
0 0.492424 0.664216 0.048485 0.050654
0 0.771970 0.510621 0.043939 0.047386
0 0.698485 0.715686 0.048485 0.052288
0 0.359091 0.562092 0.048485 0.049020
0 0.334848 0.511438 0.048485 0.052288
0 0.188636 0.511438 0.046970 0.049020
0 0.395455 0.664216 0.048485 0.050654
