0 0.442989 0.746692 0.021955 0.022684
0 0.654037 0.752363 0.021955 0.020794
0 0.505666 0.797732 0.021246 0.024575
0 0.405807 0.770321 0.021246 0.022684
0 0.643768 0.776465 0.021246 0.023629
0 0.408994 0.797732 0.021955 0.024575
0 0.419618 0.746692 0.020538 0.020794
0 0.578966 0.796786 0.476629 0.187146
0 0.444051 0.822779 0.021246 0.023629
0 0.543201 0.825142 0.021246 0.024575
0 0.501062 0.773157 0.020538 0.022684
0 0.686261 0.827977 0.059490 0.024575
0 0.603045 0.800095 0.020538 0.023629
0 0.595609 0.774575 0.019830 0.021739
0 0.620042 0.775520 0.021955 0.021739
0 0.468130 0.823251 0.019830 0.022684
0 0.605878 0.751418 0.020538 0.020794
0 0.629249 0.802930 0.020538 0.023629
0 0.554178 0.798204 0.020538 0.025520
0 0.685552 0.752836 0.036827 0.021739
0 0.667847 0.777410 0.022663 0.023629
0 0.568343 0.825142 0.021955 0.024575
0 0.376062 0.769849 0.035411 0.021739
0 0.374292 0.749055 0.021955 0.019849
0 0.375354 0.795369 0.041076 0.023629
0 0.547450 0.774102 0.021246 0.022684
0 0.429533 0.772684 0.021955 0.023629
0 0.689448 0.802930 0.047450 0.023629
0 0.618272 0.826560 0.021246 0.023629
0 0.493272 0.823251 0.021955 0.024575
0 0.490085 0.748110 0.021246 0.021739
0 0.629958 0.751890 0.021955 0.021739
0 0.517705 0.824197 0.022663 0.024575
0 0.361898 0.851134 0.033994 0.033081
0 0.578966 0.799149 0.021955 0.025520
0 0.525142 0.773157 0.019122 0.022684
0 0.457861 0.799149 0.020538 0.025520
0 0.592776 0.826087 0.021246 0.024575
0 0.512748 0.749055 0.019830 0.021739
0 0.434136 0.799149 0.021246 0.023629
0 0.623229 0.856805 0.029745 0.033081
0 0.476629 0.772212 0.021246 0.024575
0 0.398371 0.749055 0.019122 0.019849
0 0.572238 0.774575 0.021246 0.021739
0 0.419263 0.822306 0.021246 0.024575
0 0.518414 0.854442 0.124646 0.034026
0 0.560552 0.750945 0.021955 0.021739
0 0.480878 0.796786 0.021246 0.024575
0 0.393768 0.821834 0.024079 0.025520
0 0.364731 0.821361 0.029745 0.024575
0 0.466006 0.747164 0.021246 0.021739
0 0.642705 0.827505 0.021955 0.023629
0 0.694405 0.777883 0.026204 0.024575
0 0.452550 0.771739 0.021246 0.023629
0 0.653329 0.803875 0.023371 0.021739
0 0.583924 0.750945 0.020538 0.021739
0 0.594901 0.856333 0.024079 0.032136
0 0.530099 0.797732 0.021955 0.024575
0 0.535765 0.750000 0.020538 0.021739
0 0.442280 0.851607 0.023371 0.032136
