0 0.408470 0.356034 0.060109 0.070690
0 0.482923 0.650862 0.058743 0.070690
0 0.083333 0.659483 0.076503 0.070690
0 0.197404 0.113793 0.061475 0.075862
0 0.418716 0.651724 0.056011 0.068966
0 0.793716 0.116379 0.060109 0.074138
0 0.335383 0.576724 0.056011 0.070690
0 0.943306 0.650862 0.058743 0.070690
0 0.186475 0.741379 0.058743 0.068966
0 0.314891 0.732759 0.058743 0.068966
0 0.661202 0.116379 0.060109 0.074138
0 0.669399 0.801724 0.057377 0.068966
0 0.741803 0.647414 0.057377 0.070690
0 0.286885 0.813793 0.057377 0.068966
0 0.833333 0.275862 0.060109 0.072414
0 0.107240 0.356034 0.137978 0.074138
0 0.800546 0.354310 0.060109 0.070690
0 0.658470 0.571552 0.060109 0.070690
0 0.507514 0.713793 0.954918 0.472414
0 0.250000 0.734483 0.057377 0.068966
0 0.506831 0.726724 0.057377 0.070690
0 0.397541 0.116379 0.060109 0.074138
0 0.931011 0.567241 0.077869 0.072414
0 0.676913 0.648276 0.058743 0.068966
0 0.442623 0.727586 0.057377 0.068966
0 0.678279 0.196552 0.058743 0.072414
0 0.744536 0.196552 0.060109 0.072414
0 0.223361 0.656034 0.058743 0.070690
0 0.243169 0.277586 0.060109 0.072414
0 0.858607 0.114655 0.058743 0.070690
0 0.465164 0.573276 0.058743 0.070690
0 0.672814 0.361207 0.058743 0.070690
0 0.547131 0.197414 0.058743 0.074138
0 0.473361 0.436207 0.321038 0.072414
0 0.539617 0.356034 0.060109 0.070690
0 0.746585 0.885345 0.058743 0.067241
0 0.176230 0.275862 0.060109 0.072414
0 0.071721 0.193966 0.077869 0.074138
0 0.903005 0.810345 0.128415 0.072414
0 0.269809 0.578448 0.058743 0.070690
0 0.941940 0.194828 0.058743 0.072414
0 0.288934 0.656034 0.058743 0.070690
0 0.464481 0.116379 0.060109 0.074138
0 0.140027 0.581034 0.058743 0.068966
0 0.475410 0.804310 0.057377 0.070690
0 0.204918 0.579310 0.060109 0.068966
0 0.765710 0.725000 0.058743 0.070690
0 0.879098 0.201724 0.058743 0.072414
0 0.547814 0.649138 0.057377 0.070690
0 0.088798 0.279310 0.103825 0.072414
0 0.831284 0.725000 0.058743 0.070690
0 0.738388 0.807759 0.058743 0.067241
0 0.347678 0.807759 0.058743 0.070690
0 0.264344 0.113793 0.061475 0.075862
0 0.066257 0.118103 0.061475 0.074138
0 0.904372 0.360345 0.133880 0.072414
0 0.282787 0.891379 0.062842 0.068966
0 0.675546 0.438793 0.064208 0.070690
0 0.791667 0.575000 0.058743 0.070690
0 0.309426 0.277586 0.061475 0.072414
0 0.440574 0.277586 0.058743 0.072414
0 0.415984 0.196552 0.056011 0.072414
0 0.603825 0.356897 0.060109 0.072414
0 0.767760 0.275862 0.060109 0.072414
0 0.876366 0.652586 0.058743 0.070690
0 0.130464 0.112931 0.061475 0.074138
0 0.398907 0.575000 0.057377 0.070690
0 0.810109 0.195690 0.060109 0.074138
0 0.530738 0.117241 0.058743 0.075862
0 0.506148 0.277586 0.058743 0.072414
0 0.375000 0.277586 0.058743 0.072414
0 0.932377 0.116379 0.077869 0.074138
0 0.474044 0.356034 0.060109 0.070690
0 0.603825 0.803448 0.060109 0.072414
0 0.211066 0.357759 0.061475 0.070690
0 0.745219 0.440517 0.058743 0.070690
0 0.077186 0.586207 0.058743 0.068966
0 0.572404 0.277586 0.057377 0.072414
0 0.595628 0.117241 0.060109 0.075862
0 0.100410 0.743103 0.099727 0.068966
0 0.476093 0.881897 0.315574 0.070690
0 0.728825 0.116379 0.058743 0.074138
0 0.924180 0.281034 0.105191 0.072414
0 0.074454 0.443103 0.066940 0.068966
0 0.502732 0.256034 0.959016 0.477586
0 0.700820 0.725000 0.057377 0.070690
0 0.411202 0.805172 0.057377 0.068966
0 0.481557 0.196552 0.058743 0.072414
0 0.218579 0.812069 0.057377 0.068966
0 0.342896 0.357759 0.060109 0.070690
0 0.701503 0.275862 0.058743 0.072414
0 0.806694 0.647414 0.058743 0.070690
0 0.216530 0.194828 0.058743 0.072414
0 0.158470 0.659483 0.060109 0.070690
0 0.856557 0.575000 0.060109 0.070690
0 0.678279 0.885345 0.064208 0.067241
0 0.148907 0.196552 0.062842 0.075862
0 0.087432 0.894828 0.062842 0.068966
0 0.637295 0.275862 0.058743 0.072414
0 0.275273 0.436207 0.066940 0.068966
0 0.354508 0.653448 0.058743 0.068966
0 0.572404 0.726724 0.057377 0.070690
0 0.540984 0.804310 0.060109 0.070690
0 0.611339 0.648276 0.056011 0.068966
0 0.593579 0.571552 0.058743 0.070690
0 0.530055 0.573276 0.057377 0.070690
0 0.724727 0.570690 0.058743 0.072414
0 0.284153 0.195690 0.060109 0.074138
0 0.350410 0.196552 0.058743 0.072414
0 0.799863 0.801724 0.058743 0.068966
0 0.735656 0.354310 0.058743 0.070690
0 0.919399 0.724138 0.098361 0.072414
0 0.612022 0.195690 0.057377 0.070690
0 0.636612 0.725000 0.057377 0.070690
0 0.278005 0.356897 0.058743 0.072414
0 0.379098 0.729310 0.056011 0.068966
0 0.331284 0.114655 0.058743 0.074138
0 0.116803 0.814655 0.132514 0.070690
