0 0.023256 0.482946 0.044574 0.106977
0 0.564438 0.751550 0.121124 0.113953
0 0.523256 0.615504 0.122093 0.110078
0 0.905039 0.751163 0.118217 0.111628
0 0.096415 0.484884 0.126938 0.115504
0 0.267926 0.483721 0.125000 0.113178
0 0.650194 0.886047 0.124031 0.113178
0 0.659884 0.984109 0.682171 0.033333
0 0.227713 0.751163 0.122093 0.113178
0 0.941376 0.484109 0.119186 0.115504
0 0.694283 0.614729 0.117248 0.108527
0 0.820252 0.885271 0.125000 0.111628
0 0.988372 0.617442 0.025194 0.109302
0 0.964632 0.885271 0.072674 0.113178
0 0.032946 0.887597 0.063953 0.117829
0 0.482074 0.885271 0.123062 0.114729
0 0.208333 0.983333 0.162791 0.034884
0 0.863372 0.615891 0.122093 0.109302
0 0.058624 0.751938 0.115310 0.113178
0 0.777616 0.484884 0.128876 0.117054
0 0.606105 0.483721 0.130814 0.114729
0 0.734981 0.751163 0.123062 0.113178
0 0.039244 0.617829 0.076550 0.113178
0 0.354167 0.616279 0.123062 0.110078
0 0.437016 0.483721 0.125969 0.111628
0 0.312016 0.886822 0.124031 0.113178
0 0.396318 0.751163 0.122093 0.114729
0 0.184109 0.614729 0.120155 0.111628
0 0.140019 0.885659 0.126938 0.113953
