0 0.230603 0.482198 0.044540 0.047988
0 0.403736 0.578947 0.043103 0.046440
0 0.495690 0.578947 0.043103 0.046440
0 0.254310 0.530960 0.045977 0.046440
0 0.576149 0.530186 0.043103 0.044892
0 0.438218 0.530960 0.043103 0.046440
0 0.795977 0.482972 0.066092 0.046440
0 0.599856 0.482972 0.044540 0.046440
0 0.300287 0.530960 0.045977 0.046440
0 0.565374 0.627709 0.044540 0.047988
0 0.553879 0.483746 0.044540 0.047988
0 0.634339 0.578947 0.044540 0.046440
0 0.530891 0.530960 0.044540 0.046440
0 0.289511 0.628483 0.044540 0.046440
0 0.668103 0.530960 0.043103 0.046440
0 0.196121 0.530960 0.067529 0.046440
0 0.369971 0.482198 0.044540 0.047988
0 0.265805 0.579721 0.043103 0.047988
0 0.484914 0.530960 0.044540 0.046440
0 0.587644 0.578947 0.043103 0.046440
0 0.473420 0.677245 0.228448 0.047988
0 0.779454 0.627709 0.102011 0.047988
0 0.357759 0.579721 0.045977 0.047988
0 0.392960 0.530960 0.044540 0.046440
0 0.232759 0.677245 0.045977 0.047988
0 0.657328 0.626935 0.044540 0.046440
0 0.415230 0.482972 0.045977 0.046440
0 0.611351 0.626935 0.044540 0.046440
0 0.726293 0.578947 0.044540 0.046440
0 0.242816 0.627709 0.045977 0.047988
0 0.518678 0.627709 0.045977 0.047988
0 0.645833 0.483746 0.044540 0.047988
0 0.772270 0.578947 0.044540 0.046440
0 0.277299 0.483746 0.045977 0.047988
0 0.622845 0.530960 0.044540 0.046440
0 0.461925 0.482198 0.044540 0.047988
0 0.761494 0.530960 0.043103 0.046440
0 0.703305 0.626935 0.044540 0.046440
0 0.541667 0.578947 0.043103 0.046440
0 0.680316 0.578947 0.044540 0.046440
0 0.449713 0.578947 0.043103 0.046440
0 0.190374 0.628483 0.056034 0.046440
0 0.500000 0.565015 0.695402 0.287926
0 0.507902 0.483746 0.044540 0.047988
0 0.426724 0.627709 0.045977 0.047988
0 0.335489 0.627709 0.044540 0.047988
0 0.808190 0.555728 0.044540 0.095975
0 0.202586 0.579721 0.077586 0.047988
0 0.714799 0.530960 0.044540 0.046440
0 0.692529 0.482972 0.043103 0.046440
0 0.311782 0.580495 0.043103 0.046440
0 0.278736 0.677245 0.045977 0.047988
0 0.472701 0.627709 0.045977 0.047988
0 0.737787 0.482198 0.041667 0.044892
0 0.668103 0.676471 0.045977 0.049536
0 0.346264 0.530960 0.045977 0.046440
0 0.323276 0.482972 0.045977 0.049536
0 0.184626 0.482972 0.044540 0.046440
0 0.380747 0.627709 0.045977 0.047988
