0 0.468322 0.612323 0.047945 0.028241
0 0.542380 0.584082 0.048801 0.028241
0 0.641695 0.494223 0.043664 0.021823
0 0.611729 0.557766 0.047089 0.025674
0 0.544521 0.528883 0.042808 0.024390
0 0.348031 0.690629 0.053938 0.032092
0 0.545805 0.613286 0.050514 0.028883
0 0.577911 0.517330 0.042808 0.023107
0 0.360873 0.622914 0.048801 0.028883
0 0.646832 0.517972 0.045377 0.023107
0 0.581336 0.542041 0.046233 0.025032
0 0.510274 0.567715 0.047945 0.026316
0 0.719178 0.545571 0.044521 0.025674
0 0.437500 0.567394 0.046233 0.025674
0 0.583476 0.636072 0.201199 0.097561
0 0.617295 0.585045 0.049658 0.027599
0 0.687072 0.558729 0.047089 0.026316
0 0.577483 0.588254 0.778253 0.374198
0 0.645548 0.545571 0.046233 0.025674
0 0.474743 0.553915 0.043664 0.024390
0 0.609589 0.505777 0.044521 0.021823
0 0.577911 0.571245 0.046233 0.026958
0 0.757705 0.489730 0.077055 0.044929
0 0.505137 0.598203 0.047945 0.028241
0 0.299229 0.678434 0.071062 0.041078
0 0.348887 0.657895 0.050514 0.030809
0 0.508562 0.627407 0.051370 0.028883
0 0.714469 0.466624 0.067637 0.030809
0 0.283818 0.622272 0.045377 0.028883
0 0.363870 0.594031 0.046233 0.025032
0 0.614726 0.530167 0.046233 0.024390
0 0.676798 0.533376 0.047089 0.024390
0 0.389983 0.642169 0.050514 0.030167
0 0.390411 0.674583 0.053082 0.033376
0 0.400685 0.608793 0.049658 0.028883
0 0.653682 0.571245 0.047089 0.026958
0 0.429795 0.627086 0.051370 0.029525
0 0.329195 0.735879 0.059075 0.040436
0 0.678938 0.506418 0.044521 0.023107
0 0.709760 0.494865 0.044521 0.021823
0 0.309075 0.707317 0.054795 0.035944
0 0.475171 0.581194 0.047945 0.027599
0 0.274829 0.655648 0.058219 0.035302
0 0.437928 0.594673 0.048801 0.026316
0 0.545377 0.554557 0.047945 0.025674
0 0.430223 0.658216 0.052226 0.031451
0 0.401541 0.580231 0.046233 0.026958
0 0.776541 0.523107 0.092466 0.043646
0 0.470462 0.642490 0.052226 0.029525
0 0.741866 0.509307 0.045377 0.023748
0 0.672089 0.483312 0.042808 0.021823
0 0.247003 0.635751 0.035103 0.025032
0 0.324058 0.608151 0.048801 0.027599
0 0.686216 0.591784 0.047089 0.029525
0 0.746147 0.570282 0.045377 0.026316
0 0.511130 0.541078 0.042808 0.023107
0 0.582620 0.599487 0.050514 0.029525
0 0.320205 0.637997 0.049658 0.029525
0 0.708904 0.520539 0.046233 0.023107
0 0.464897 0.679397 0.058219 0.036585
