0 0.513274 0.540560 0.048673 0.066372
0 0.110066 0.540560 0.049779 0.069322
0 0.023783 0.609882 0.045354 0.066372
0 0.211283 0.541298 0.048673 0.067847
0 0.173673 0.609882 0.048673 0.066372
0 0.261615 0.540560 0.047566 0.066372
0 0.273783 0.609882 0.049779 0.066372
0 0.425332 0.609145 0.049779 0.067847
0 0.659845 0.747788 0.063053 0.067847
0 0.374447 0.609145 0.047566 0.067847
0 0.294248 0.747788 0.294248 0.067847
0 0.019358 0.541298 0.036504 0.067847
0 0.047013 0.678466 0.049779 0.067847
0 0.224004 0.609145 0.047566 0.067847
0 0.148783 0.678466 0.049779 0.067847
0 0.501106 0.558997 1.000000 0.569322
0 0.362279 0.541298 0.049779 0.067847
0 0.476217 0.609145 0.047566 0.067847
0 0.087389 0.471976 0.050885 0.067847
0 0.073009 0.609882 0.048673 0.066372
0 0.633296 0.677729 0.111726 0.066372
0 0.122788 0.609882 0.048673 0.066372
0 0.653208 0.471239 0.071903 0.066372
0 0.412611 0.540560 0.048673 0.066372
0 0.137168 0.471976 0.050885 0.067847
0 0.324668 0.609145 0.049779 0.067847
0 0.389381 0.473451 0.050885 0.067847
0 0.238385 0.471976 0.049779 0.067847
0 0.576327 0.609145 0.048673 0.067847
0 0.248894 0.678466 0.050885 0.067847
0 0.664823 0.540560 0.048673 0.069322
0 0.646018 0.609145 0.086283 0.067847
0 0.160951 0.541298 0.049779 0.067847
0 0.439712 0.471976 0.049779 0.067847
0 0.563606 0.541298 0.047566 0.067847
0 0.540929 0.472714 0.048673 0.066372
0 0.525996 0.610619 0.049779 0.067847
0 0.614491 0.539823 0.049779 0.067847
0 0.399336 0.678466 0.050885 0.067847
0 0.591814 0.471976 0.048673 0.067847
0 0.115597 0.747788 0.063053 0.067847
0 0.449115 0.677729 0.048673 0.066372
0 0.188606 0.471976 0.049779 0.067847
0 0.013274 0.471976 0.024336 0.067847
0 0.059735 0.541298 0.050885 0.067847
0 0.349558 0.678466 0.050885 0.067847
0 0.036504 0.471976 0.048673 0.067847
0 0.490044 0.471976 0.048673 0.067847
0 0.462942 0.541298 0.049779 0.067847
0 0.289823 0.471976 0.050885 0.067847
0 0.339602 0.471976 0.048673 0.067847
0 0.197456 0.678466 0.049779 0.067847
0 0.550332 0.677729 0.049779 0.066372
0 0.472898 0.747788 0.063053 0.067847
0 0.017146 0.748525 0.032080 0.069322
0 0.097898 0.678466 0.049779 0.067847
0 0.298673 0.678466 0.050885 0.067847
0 0.311947 0.541298 0.048673 0.067847
0 0.500553 0.678466 0.049779 0.064897
0 0.016593 0.679941 0.030973 0.067847
