0 0.306785 0.639934 0.064897 0.032080
0 0.514012 0.765487 0.069322 0.044248
0 0.162979 0.817478 0.089971 0.059735
0 0.086283 0.760509 0.169617 0.045354
0 0.626844 0.720686 0.064897 0.038717
0 0.174779 0.638827 0.066372 0.032080
0 0.907817 0.645465 0.066372 0.032080
0 0.536873 0.678650 0.061947 0.036504
0 0.906342 0.769358 0.078171 0.043142
0 0.107670 0.638274 0.070796 0.033186
0 0.188791 0.675332 0.073746 0.036504
0 0.328171 0.676438 0.066372 0.036504
0 0.971239 0.646571 0.060472 0.032080
0 0.776549 0.723451 0.069322 0.039823
0 0.282448 0.762168 0.075221 0.044248
0 0.960914 0.682522 0.072271 0.035398
0 0.553097 0.720133 0.064897 0.039823
0 0.438791 0.640487 0.060472 0.033186
0 0.205752 0.761615 0.075221 0.043142
0 0.926991 0.724004 0.075221 0.038717
0 0.240413 0.639381 0.064897 0.033186
0 0.396755 0.676991 0.064897 0.035398
0 0.501475 0.730088 1.000000 0.285398
0 0.867257 0.825221 0.088496 0.059735
0 0.983038 0.725111 0.036873 0.038717
0 0.102507 0.675332 0.107670 0.036504
0 0.676991 0.679757 0.064897 0.036504
0 0.890855 0.682522 0.070796 0.035398
0 0.571534 0.642146 0.057522 0.032080
0 0.670354 0.767146 0.072271 0.045354
0 0.975664 0.771018 0.051622 0.044248
0 0.081858 0.816372 0.095870 0.059735
0 0.817847 0.681416 0.066372 0.035398
0 0.505162 0.641040 0.057522 0.032080
0 0.086283 0.716261 0.128319 0.040929
0 0.705015 0.643805 0.061947 0.033186
0 0.747050 0.681416 0.066372 0.035398
0 0.828171 0.768252 0.075221 0.043142
0 0.840708 0.644912 0.064897 0.033186
0 0.606195 0.679757 0.061947 0.036504
0 0.592920 0.766593 0.070796 0.044248
0 0.436578 0.764381 0.070796 0.044248
0 0.260324 0.717367 0.069322 0.038717
0 0.466077 0.676991 0.058997 0.035398
0 0.406342 0.717920 0.063422 0.039823
0 0.512537 0.821350 0.405605 0.058628
0 0.479351 0.719027 0.064897 0.039823
0 0.258112 0.675332 0.067847 0.036504
0 0.359145 0.763827 0.072271 0.045354
0 0.333333 0.717920 0.067847 0.039823
0 0.851770 0.724004 0.072271 0.038717
0 0.772861 0.644358 0.064897 0.032080
0 0.748525 0.768252 0.072271 0.043142
0 0.373156 0.639934 0.058997 0.032080
0 0.187316 0.716814 0.073746 0.039823
0 0.702065 0.721792 0.067847 0.038717
0 0.638643 0.642699 0.058997 0.033186
