0 0.133077 0.500691 0.075385 0.015193
0 0.364615 0.483080 0.036923 0.013122
0 0.115385 0.517610 0.055385 0.014503
0 0.536923 0.530732 0.043077 0.015884
0 0.417692 0.497928 0.041538 0.015193
0 0.187692 0.484461 0.040000 0.013122
0 0.326923 0.497928 0.041538 0.013812
0 0.606154 0.500345 0.033846 0.014503
0 0.258462 0.470649 0.040000 0.014503
0 0.480769 0.469959 0.038462 0.013122
0 0.373077 0.498273 0.041538 0.014503
0 0.254615 0.533494 0.044615 0.015884
0 0.276154 0.483771 0.038462 0.013122
0 0.207692 0.514848 0.043077 0.014503
0 0.132308 0.472030 0.040000 0.013122
0 0.545385 0.482735 0.038462 0.013812
0 0.630769 0.514848 0.033846 0.014503
0 0.726154 0.492058 0.055385 0.029696
0 0.254615 0.514503 0.041538 0.015193
0 0.163846 0.516229 0.041538 0.015884
0 0.436923 0.470304 0.040000 0.013812
0 0.578462 0.513812 0.040000 0.015193
0 0.636923 0.483080 0.036923 0.013122
0 0.137692 0.486533 0.063077 0.013122
0 0.303846 0.469959 0.038462 0.013122
0 0.410000 0.483080 0.038462 0.013122
0 0.614615 0.469959 0.038462 0.011740
0 0.175385 0.471340 0.040000 0.013122
0 0.499231 0.482735 0.038462 0.013812
0 0.486154 0.513467 0.036923 0.014503
0 0.393846 0.470304 0.040000 0.013812
0 0.320769 0.483425 0.035385 0.013812
0 0.350000 0.470649 0.035385 0.013122
0 0.215385 0.471340 0.040000 0.013122
0 0.191538 0.499309 0.041538 0.013812
0 0.650769 0.498964 0.033846 0.014503
0 0.503077 0.498619 0.883077 0.100829
0 0.455385 0.482735 0.036923 0.013812
0 0.570000 0.469268 0.038462 0.011740
0 0.646154 0.531423 0.055385 0.014503
0 0.717692 0.469959 0.063077 0.011740
0 0.300769 0.514157 0.041538 0.014503
0 0.392308 0.513467 0.040000 0.014503
0 0.675385 0.483771 0.036923 0.013122
0 0.659231 0.470649 0.038462 0.011740
0 0.346923 0.514157 0.038462 0.014503
0 0.508462 0.497583 0.038462 0.014503
0 0.281538 0.497928 0.040000 0.013812
0 0.690769 0.498619 0.036923 0.016575
0 0.533077 0.513812 0.035385 0.015193
0 0.593846 0.484807 0.036923 0.012431
0 0.463077 0.497583 0.040000 0.014503
0 0.396923 0.533494 0.233846 0.015884
0 0.439231 0.513812 0.038462 0.013812
0 0.554615 0.496892 0.038462 0.014503
0 0.686154 0.514848 0.055385 0.014503
0 0.231538 0.483771 0.035385 0.013122
0 0.108462 0.533840 0.056923 0.016575
0 0.235385 0.498619 0.043077 0.013812
0 0.526923 0.470649 0.038462 0.011740
