0 0.807031 0.539496 0.045312 0.094118
0 0.405469 0.563866 0.042188 0.045378
0 0.347656 0.515126 0.042188 0.045378
0 0.186719 0.468067 0.042188 0.045378
0 0.610938 0.610924 0.043750 0.045378
0 0.485938 0.515126 0.043750 0.045378
0 0.633594 0.563866 0.042188 0.045378
0 0.577344 0.515126 0.042188 0.045378
0 0.371875 0.467227 0.043750 0.047059
0 0.542969 0.563025 0.042188 0.047059
0 0.302344 0.515126 0.042188 0.045378
0 0.771094 0.563025 0.042188 0.043697
0 0.667969 0.515126 0.042188 0.045378
0 0.267969 0.563866 0.042188 0.045378
0 0.679688 0.563866 0.043750 0.045378
0 0.462500 0.467227 0.043750 0.047059
0 0.450781 0.563866 0.042188 0.045378
0 0.657813 0.610924 0.043750 0.045378
0 0.279687 0.467227 0.043750 0.047059
0 0.497656 0.552101 0.692187 0.290756
0 0.393750 0.515126 0.043750 0.045378
0 0.646875 0.467227 0.043750 0.047059
0 0.314063 0.563866 0.043750 0.045378
0 0.519531 0.610924 0.045312 0.045378
0 0.235156 0.660504 0.045312 0.047059
0 0.600000 0.467227 0.043750 0.047059
0 0.565625 0.610924 0.043750 0.045378
0 0.337500 0.610924 0.043750 0.045378
0 0.417187 0.467227 0.043750 0.047059
0 0.692187 0.467227 0.043750 0.047059
0 0.702344 0.610924 0.042188 0.045378
0 0.760156 0.515126 0.042188 0.045378
0 0.668750 0.659664 0.043750 0.045378
0 0.474219 0.659664 0.226562 0.045378
0 0.439844 0.515126 0.042188 0.045378
0 0.714063 0.515126 0.043750 0.045378
0 0.777344 0.610924 0.101562 0.045378
0 0.532031 0.515126 0.042188 0.045378
0 0.359375 0.563866 0.043750 0.045378
0 0.245312 0.610924 0.043750 0.045378
0 0.382031 0.610924 0.045312 0.045378
0 0.554688 0.467227 0.043750 0.047059
0 0.256250 0.515966 0.043750 0.047059
0 0.234375 0.468067 0.043750 0.045378
0 0.325000 0.467227 0.043750 0.047059
0 0.496875 0.563025 0.043750 0.047059
0 0.192969 0.610924 0.057813 0.045378
0 0.428125 0.610924 0.043750 0.045378
0 0.622656 0.515126 0.045312 0.045378
0 0.725781 0.563866 0.042188 0.045378
0 0.281250 0.660504 0.043750 0.047059
0 0.509375 0.467227 0.043750 0.047059
0 0.475000 0.610924 0.043750 0.045378
0 0.291406 0.610924 0.042188 0.045378
0 0.588281 0.563866 0.042188 0.045378
0 0.204687 0.563025 0.078125 0.047059
0 0.738281 0.466387 0.042188 0.045378
0 0.795312 0.468067 0.065625 0.045378
0 0.199219 0.515126 0.064062 0.045378
