0 0.289167 0.543889 0.041667 0.023333
0 0.274167 0.561667 0.046667 0.025556
0 0.481250 0.627778 0.032500 0.022222
0 0.425833 0.632778 0.031667 0.023333
0 0.307500 0.617222 0.033333 0.023333
0 0.541250 0.624444 0.030833 0.022222
0 0.560417 0.653333 0.029167 0.022222
0 0.300417 0.591111 0.032500 0.022222
0 0.322083 0.533333 0.029167 0.020000
0 0.400000 0.624444 0.033333 0.024444
0 0.388333 0.648333 0.140000 0.063333
0 0.305417 0.569444 0.030833 0.021111
0 0.366250 0.546667 0.029167 0.020000
0 0.593333 0.642778 0.030000 0.021111
0 0.387500 0.575000 0.031667 0.021111
0 0.529167 0.694444 0.046667 0.028889
0 0.515000 0.616111 0.030000 0.021111
0 0.339583 0.558333 0.030833 0.021111
0 0.252500 0.576111 0.035000 0.021111
0 0.566250 0.610000 0.030833 0.022222
0 0.415833 0.564444 0.028333 0.020000
0 0.535833 0.670556 0.033333 0.023333
0 0.594583 0.617778 0.029167 0.022222
0 0.618750 0.660556 0.039167 0.045556
0 0.453750 0.618333 0.029167 0.023333
0 0.467500 0.673333 0.033333 0.028889
0 0.452917 0.641111 0.034167 0.024444
0 0.506667 0.660556 0.033333 0.025556
0 0.569167 0.633889 0.030000 0.021111
0 0.317917 0.553333 0.029167 0.020000
0 0.299583 0.526667 0.029167 0.020000
0 0.374583 0.615556 0.032500 0.022222
0 0.276250 0.583889 0.032500 0.021111
0 0.403333 0.601111 0.030000 0.022222
0 0.631667 0.631667 0.043333 0.027778
0 0.343750 0.538889 0.029167 0.020000
0 0.324167 0.599444 0.031667 0.021111
0 0.534167 0.645556 0.030000 0.022222
0 0.377083 0.593333 0.029167 0.022222
0 0.488333 0.607222 0.031667 0.023333
0 0.412500 0.582778 0.030000 0.021111
0 0.513750 0.595000 0.029167 0.021111
0 0.487917 0.640556 0.575833 0.283333
0 0.462500 0.598889 0.030000 0.022222
0 0.463750 0.578889 0.030833 0.017778
0 0.232917 0.594444 0.037500 0.024444
0 0.352917 0.585000 0.030833 0.021111
0 0.440833 0.572222 0.028333 0.020000
0 0.480417 0.651667 0.032500 0.025556
0 0.587083 0.662222 0.030833 0.024444
0 0.571250 0.683889 0.040833 0.030000
0 0.489167 0.586111 0.031667 0.021111
0 0.390833 0.554444 0.028333 0.020000
0 0.349583 0.607778 0.032500 0.022222
0 0.363333 0.567778 0.031667 0.020000
0 0.328750 0.577222 0.030833 0.023333
0 0.539583 0.602778 0.029167 0.021111
0 0.428750 0.609444 0.030833 0.023333
0 0.508333 0.636667 0.031667 0.024444
0 0.436667 0.590556 0.031667 0.021111
