0 0.018717 0.697650 0.035651 0.126068
0 0.029857 0.545940 0.057932 0.126068
0 0.848039 0.238248 0.118538 0.126068
0 0.336007 0.392094 0.051693 0.121795
0 0.320856 0.698718 0.053476 0.119658
0 0.368093 0.239316 0.055258 0.123932
0 0.127897 0.699786 0.052585 0.121795
0 0.527629 0.391026 0.053476 0.119658
0 0.687611 0.239316 0.054367 0.123932
0 0.719697 0.393162 0.054367 0.123932
0 0.623440 0.853632 0.056150 0.126068
0 0.271836 0.392094 0.053476 0.121795
0 0.432264 0.239316 0.053476 0.123932
0 0.207665 0.392094 0.053476 0.121795
0 0.013815 0.237179 0.025847 0.123932
0 0.607843 0.544872 0.053476 0.123932
0 0.159982 0.545940 0.052585 0.121795
0 0.791444 0.697650 0.101604 0.126068
0 0.415775 0.545940 0.052585 0.121795
0 0.735740 0.545940 0.052585 0.121795
0 0.063725 0.698718 0.054367 0.123932
0 0.752228 0.852564 0.057041 0.128205
0 0.143939 0.391026 0.052585 0.123932
0 0.495098 0.481838 0.988414 0.959402
0 0.176471 0.239316 0.053476 0.123932
0 0.448307 0.698718 0.053476 0.119658
0 0.672014 0.545940 0.053476 0.121795
0 0.392157 0.855769 0.399287 0.130342
0 0.021836 0.392094 0.041889 0.126068
0 0.047683 0.239316 0.052585 0.123932
0 0.543672 0.544872 0.053476 0.123932
0 0.079768 0.393162 0.054367 0.123932
0 0.304367 0.238248 0.054367 0.126068
0 0.256239 0.698718 0.054367 0.119658
0 0.400178 0.392094 0.053476 0.121795
0 0.655971 0.392094 0.053476 0.121795
0 0.784314 0.392094 0.053476 0.121795
0 0.095811 0.545940 0.052585 0.121795
0 0.703209 0.698718 0.053476 0.119658
0 0.575312 0.698718 0.052585 0.119658
0 0.384135 0.697650 0.055258 0.121795
0 0.111408 0.239316 0.053476 0.123932
0 0.223708 0.545940 0.053476 0.121795
0 0.591355 0.392094 0.054367 0.121795
0 0.640374 0.698718 0.052585 0.119658
0 0.511586 0.697650 0.053476 0.121795
0 0.019162 0.853632 0.036542 0.130342
0 0.495989 0.239316 0.054367 0.123932
0 0.799020 0.544872 0.052585 0.128205
0 0.464349 0.393162 0.053476 0.123932
0 0.751783 0.238248 0.052585 0.121795
0 0.192513 0.698718 0.053476 0.119658
0 0.151961 0.852564 0.072193 0.128205
0 0.624332 0.239316 0.054367 0.123932
0 0.864973 0.467949 0.088235 0.290598
0 0.560160 0.238248 0.054367 0.121795
0 0.287879 0.544872 0.053476 0.123932
0 0.479947 0.545940 0.052585 0.126068
0 0.352050 0.545940 0.053476 0.121795
0 0.239750 0.239316 0.053476 0.123932
