0 0.107567 0.449735 0.037092 0.074074
0 0.079377 0.705026 0.048961 0.082011
0 0.223294 0.703704 0.040059 0.079365
0 0.439911 0.619048 0.040059 0.079365
0 0.344214 0.619048 0.038576 0.079365
0 0.283383 0.531746 0.038576 0.079365
0 0.522997 0.531746 0.043027 0.079365
0 0.534125 0.619048 0.041543 0.079365
0 0.186202 0.533069 0.040059 0.082011
0 0.354599 0.449735 0.038576 0.074074
0 0.137240 0.531746 0.040059 0.079365
0 0.582344 0.619048 0.043027 0.079365
0 0.557864 0.701058 0.041543 0.074074
0 0.086053 0.533069 0.041543 0.076720
0 0.670623 0.443122 0.089021 0.071429
0 0.271513 0.702381 0.038576 0.076720
0 0.415430 0.702381 0.041543 0.082011
0 0.504451 0.783069 0.053412 0.079365
0 0.320475 0.702381 0.041543 0.076720
0 0.548220 0.449735 0.040059 0.074074
0 0.235163 0.534392 0.040059 0.079365
0 0.451780 0.448413 0.040059 0.076720
0 0.486647 0.617725 0.038576 0.082011
0 0.257418 0.448413 0.040059 0.076720
0 0.463650 0.702381 0.040059 0.076720
0 0.148368 0.619048 0.035608 0.079365
0 0.124629 0.705026 0.035608 0.076720
0 0.331602 0.533069 0.037092 0.076720
0 0.323442 0.788360 0.299703 0.079365
0 0.173591 0.703704 0.038576 0.079365
0 0.198071 0.619048 0.037092 0.079365
0 0.686944 0.788360 0.056380 0.079365
0 0.427300 0.533069 0.038576 0.076720
0 0.367953 0.702381 0.038576 0.076720
0 0.034866 0.619048 0.066766 0.074074
0 0.022997 0.705026 0.043027 0.071429
0 0.022997 0.791005 0.043027 0.068783
0 0.649110 0.699735 0.126113 0.076720
0 0.402819 0.449735 0.040059 0.074074
0 0.307122 0.448413 0.038576 0.076720
0 0.448813 0.570106 0.894659 0.616402
0 0.100890 0.619048 0.044510 0.079365
0 0.157270 0.448413 0.038576 0.076720
0 0.247033 0.619048 0.037092 0.079365
0 0.617211 0.534392 0.044510 0.079365
0 0.059347 0.447090 0.035608 0.074074
0 0.027448 0.530423 0.051929 0.076720
0 0.014837 0.445767 0.026706 0.076720
0 0.511128 0.701058 0.040059 0.074074
0 0.475519 0.533069 0.040059 0.076720
0 0.207715 0.447090 0.035608 0.074074
0 0.629080 0.617725 0.044510 0.082011
0 0.141691 0.785714 0.051929 0.079365
0 0.379822 0.533069 0.038576 0.076720
0 0.390208 0.617725 0.038576 0.082011
0 0.571217 0.534392 0.041543 0.079365
0 0.499258 0.449735 0.040059 0.074074
0 0.295994 0.617725 0.040059 0.082011
0 0.595697 0.447090 0.040059 0.074074
0 0.679525 0.574074 0.068249 0.164021
