0 0.199778 0.541562 0.051054 0.025625
0 0.511654 0.539375 0.903441 0.163750
0 0.745283 0.601562 0.056604 0.029375
0 0.300222 0.516250 0.047725 0.023750
0 0.196448 0.516563 0.051054 0.023125
0 0.249168 0.516250 0.049945 0.023750
0 0.692009 0.492500 0.047725 0.022500
0 0.668147 0.516875 0.046615 0.023750
0 0.352941 0.516250 0.046615 0.023750
0 0.739179 0.542813 0.051054 0.025625
0 0.486127 0.492500 0.044395 0.022500
0 0.745838 0.493125 0.046615 0.022500
0 0.836848 0.517500 0.062153 0.025000
0 0.277469 0.596562 0.084351 0.029375
0 0.587680 0.492500 0.045505 0.022500
0 0.490566 0.568125 0.051054 0.026250
0 0.383463 0.492500 0.045505 0.022500
0 0.231410 0.493125 0.047725 0.022500
0 0.359046 0.541250 0.047725 0.025000
0 0.326859 0.567813 0.052164 0.025625
0 0.405105 0.516250 0.046615 0.023750
0 0.132075 0.541250 0.079911 0.025000
0 0.253052 0.541562 0.051054 0.025625
0 0.412320 0.541250 0.047725 0.025000
0 0.670921 0.597812 0.083241 0.029375
0 0.627636 0.541875 0.047725 0.025000
0 0.218091 0.567187 0.052164 0.025625
0 0.536626 0.492500 0.045505 0.022500
0 0.811876 0.570000 0.136515 0.027500
0 0.465594 0.541562 0.047725 0.025625
0 0.135960 0.566562 0.109878 0.026875
0 0.456715 0.516563 0.047725 0.023125
0 0.271920 0.567500 0.051054 0.026250
0 0.435627 0.567500 0.052164 0.026250
0 0.818535 0.492812 0.085461 0.023125
0 0.381798 0.568125 0.051054 0.026250
0 0.519423 0.541562 0.046615 0.025625
0 0.823529 0.543125 0.106548 0.026250
0 0.281909 0.492500 0.046615 0.022500
0 0.136515 0.516250 0.066593 0.023750
0 0.712542 0.569688 0.051054 0.025625
0 0.135405 0.493125 0.039956 0.021250
0 0.657048 0.569063 0.048835 0.025625
0 0.614317 0.516563 0.047725 0.023125
0 0.776360 0.517500 0.049945 0.023750
0 0.721976 0.517188 0.049945 0.024375
0 0.561598 0.516563 0.044395 0.023125
0 0.434517 0.492500 0.045505 0.022500
0 0.545505 0.567813 0.049945 0.026875
0 0.600444 0.568438 0.048835 0.025625
0 0.096559 0.595938 0.062153 0.028125
0 0.683130 0.542500 0.049945 0.025000
0 0.508879 0.516250 0.047725 0.023750
0 0.180910 0.492500 0.048835 0.022500
0 0.473363 0.596875 0.302997 0.030000
0 0.573807 0.542188 0.048835 0.025625
0 0.305771 0.541562 0.049945 0.025625
0 0.639845 0.492500 0.045505 0.022500
0 0.332963 0.492500 0.046615 0.022500
