0 0.431250 0.623750 0.044167 0.025000
0 0.475417 0.627500 0.045833 0.025000
0 0.187500 0.579688 0.045000 0.021875
0 0.613333 0.637500 0.045000 0.025000
0 0.354583 0.644062 0.047500 0.025625
0 0.387500 0.595000 0.043333 0.022500
0 0.225833 0.582500 0.043333 0.022500
0 0.185000 0.629687 0.048333 0.024375
0 0.490417 0.685937 0.040833 0.029375
0 0.152083 0.555000 0.034167 0.018750
0 0.561250 0.607812 0.042500 0.023125
0 0.430833 0.598125 0.043333 0.023750
0 0.346667 0.591875 0.043333 0.022500
0 0.265417 0.585938 0.044167 0.023125
0 0.356667 0.677188 0.235000 0.049375
0 0.084167 0.650625 0.056667 0.027500
0 0.584583 0.663438 0.045833 0.025625
0 0.520417 0.630313 0.044167 0.024375
0 0.310833 0.640312 0.046667 0.025625
0 0.460833 0.576250 0.041667 0.021250
0 0.490833 0.656250 0.046667 0.026250
0 0.573333 0.693750 0.040000 0.031250
0 0.379167 0.570625 0.041667 0.020000
0 0.299583 0.565000 0.040833 0.020000
0 0.267917 0.636250 0.047500 0.023750
0 0.261667 0.610000 0.045000 0.023750
0 0.303333 0.613750 0.045000 0.023750
0 0.698333 0.592500 0.081667 0.023750
0 0.183750 0.556875 0.044167 0.020000
0 0.144167 0.577187 0.055000 0.020625
0 0.606250 0.611250 0.044167 0.023750
0 0.589583 0.585313 0.042500 0.021875
0 0.663333 0.641875 0.048333 0.026250
0 0.545417 0.582500 0.042500 0.021250
0 0.515833 0.604375 0.043333 0.023750
0 0.260000 0.562500 0.043333 0.021250
0 0.345000 0.616875 0.045000 0.023750
0 0.538333 0.659687 0.046667 0.026875
0 0.566250 0.634375 0.044167 0.025000
0 0.306667 0.588750 0.043333 0.022500
0 0.633750 0.588125 0.040833 0.022500
0 0.180833 0.603750 0.045000 0.022500
0 0.398750 0.647813 0.045833 0.025625
0 0.225417 0.633125 0.045833 0.025000
0 0.419583 0.573438 0.042500 0.020625
0 0.132500 0.600625 0.066667 0.022500
0 0.708333 0.632188 0.060000 0.051875
0 0.444167 0.651875 0.046667 0.026250
0 0.502917 0.579375 0.042500 0.021250
0 0.387500 0.619687 0.045000 0.023125
0 0.218750 0.661875 0.054167 0.028750
0 0.472917 0.601250 0.044167 0.023750
0 0.674167 0.670937 0.126667 0.031875
0 0.221667 0.559688 0.043333 0.020625
0 0.652083 0.614688 0.044167 0.024375
0 0.221250 0.606875 0.044167 0.022500
0 0.463750 0.635312 0.852500 0.214375
0 0.105000 0.623437 0.051667 0.021875
0 0.338750 0.568125 0.042500 0.020000
0 0.145833 0.626563 0.046667 0.023125
