0 0.392550 0.346920 0.063037 0.074275
0 0.470630 0.656703 0.061605 0.074275
0 0.051576 0.665761 0.080229 0.074275
0 0.171203 0.092391 0.064470 0.079710
0 0.403295 0.657609 0.058739 0.072464
0 0.796562 0.095109 0.063037 0.077899
0 0.315903 0.578804 0.058739 0.074275
0 0.953438 0.656703 0.061605 0.074275
0 0.159742 0.751812 0.061605 0.072464
0 0.294413 0.742754 0.061605 0.072464
0 0.657593 0.095109 0.063037 0.077899
0 0.666189 0.815217 0.060172 0.072464
0 0.742120 0.653080 0.060172 0.074275
0 0.265043 0.827899 0.060172 0.072464
0 0.838109 0.262681 0.063037 0.076087
0 0.076648 0.346920 0.144699 0.077899
0 0.803725 0.345109 0.063037 0.074275
0 0.654728 0.573370 0.063037 0.074275
0 0.499284 0.722826 0.995702 0.496377
0 0.226361 0.744565 0.060172 0.072464
0 0.495702 0.736413 0.060172 0.074275
0 0.381089 0.095109 0.063037 0.077899
0 0.940544 0.568841 0.081662 0.076087
0 0.674069 0.653986 0.061605 0.072464
0 0.428367 0.737319 0.060172 0.072464
0 0.675501 0.179348 0.061605 0.076087
0 0.744986 0.179348 0.063037 0.076087
0 0.198424 0.662138 0.061605 0.074275
0 0.219198 0.264493 0.063037 0.076087
0 0.864613 0.093297 0.061605 0.074275
0 0.452006 0.575181 0.061605 0.074275
0 0.669771 0.352355 0.061605 0.074275
0 0.537966 0.180254 0.061605 0.077899
0 0.460602 0.431159 0.336676 0.076087
0 0.530086 0.346920 0.063037 0.074275
0 0.747135 0.903080 0.061605 0.070652
0 0.148997 0.262681 0.063037 0.076087
0 0.040831 0.176630 0.078797 0.077899
0 0.911175 0.824275 0.134670 0.076087
0 0.247135 0.580616 0.061605 0.074275
0 0.952006 0.177536 0.061605 0.076087
0 0.267192 0.662138 0.061605 0.074275
0 0.451289 0.095109 0.063037 0.077899
0 0.111032 0.583333 0.061605 0.072464
0 0.462751 0.817935 0.060172 0.074275
0 0.179083 0.581522 0.063037 0.072464
0 0.767192 0.734601 0.061605 0.074275
0 0.886103 0.184783 0.061605 0.076087
0 0.538682 0.654891 0.060172 0.074275
0 0.057307 0.266304 0.108883 0.076087
0 0.835960 0.734601 0.061605 0.074275
0 0.738539 0.821558 0.061605 0.070652
0 0.328797 0.821558 0.061605 0.074275
0 0.241404 0.092391 0.064470 0.079710
0 0.033668 0.096920 0.064470 0.077899
0 0.912607 0.351449 0.140401 0.076087
0 0.260745 0.909420 0.065903 0.072464
0 0.672636 0.433877 0.067335 0.074275
0 0.794413 0.576993 0.061605 0.074275
0 0.288682 0.264493 0.064470 0.076087
0 0.426218 0.264493 0.061605 0.076087
0 0.400430 0.179348 0.058739 0.076087
0 0.597421 0.347826 0.063037 0.076087
0 0.769341 0.262681 0.063037 0.076087
0 0.883238 0.658514 0.061605 0.074275
0 0.101003 0.091486 0.064470 0.077899
0 0.382521 0.576993 0.060172 0.074275
0 0.813754 0.178442 0.063037 0.077899
0 0.520774 0.096014 0.061605 0.079710
0 0.494986 0.264493 0.061605 0.076087
0 0.357450 0.264493 0.061605 0.076087
0 0.941977 0.095109 0.081662 0.077899
0 0.461318 0.346920 0.063037 0.074275
0 0.597421 0.817029 0.063037 0.076087
0 0.185530 0.348732 0.064470 0.074275
0 0.745702 0.435688 0.061605 0.074275
0 0.045129 0.588768 0.061605 0.072464
0 0.564470 0.264493 0.060172 0.076087
0 0.588825 0.096014 0.063037 0.079710
0 0.069484 0.753623 0.104585 0.072464
0 0.463467 0.899457 0.330946 0.074275
0 0.728510 0.095109 0.061605 0.077899
0 0.933381 0.268116 0.110315 0.076087
0 0.042264 0.438406 0.070201 0.072464
0 0.497851 0.247283 0.992837 0.490942
0 0.699140 0.734601 0.060172 0.074275
0 0.395415 0.818841 0.060172 0.072464
0 0.469198 0.179348 0.061605 0.076087
0 0.193410 0.826087 0.060172 0.072464
0 0.323782 0.348732 0.063037 0.074275
0 0.699857 0.262681 0.061605 0.076087
0 0.810172 0.653080 0.061605 0.074275
0 0.191261 0.177536 0.061605 0.076087
0 0.130372 0.665761 0.063037 0.074275
0 0.862464 0.576993 0.063037 0.074275
0 0.675501 0.903080 0.067335 0.070652
0 0.120344 0.179348 0.065903 0.079710
0 0.055874 0.913043 0.065903 0.072464
0 0.632521 0.262681 0.061605 0.076087
0 0.252865 0.431159 0.070201 0.072464
0 0.335960 0.659420 0.061605 0.072464
0 0.564470 0.736413 0.060172 0.074275
0 0.531519 0.817935 0.063037 0.074275
0 0.605301 0.653986 0.058739 0.072464
0 0.586676 0.573370 0.061605 0.074275
0 0.520057 0.575181 0.060172 0.074275
0 0.724212 0.572464 0.061605 0.076087
0 0.262178 0.178442 0.063037 0.077899
0 0.331662 0.179348 0.061605 0.076087
0 0.803009 0.815217 0.061605 0.072464
0 0.735673 0.345109 0.061605 0.074275
0 0.928367 0.733696 0.103152 0.076087
0 0.606017 0.178442 0.060172 0.074275
0 0.631805 0.734601 0.060172 0.074275
0 0.255731 0.347826 0.061605 0.076087
0 0.361748 0.739130 0.058739 0.072464
0 0.311605 0.093297 0.061605 0.077899
0 0.086676 0.828804 0.138968 0.074275
