0 0.127396 0.665483 0.040735 0.063920
0 0.354633 0.536222 0.036741 0.058239
0 0.343850 0.247159 0.031150 0.048295
0 0.583067 0.136364 0.028754 0.051136
0 0.585863 0.676136 0.037540 0.062500
0 0.339457 0.669744 0.038339 0.063920
0 0.196086 0.305398 0.045527 0.051136
0 0.552716 0.818892 0.051118 0.069602
0 0.422125 0.251420 0.032748 0.051136
0 0.247204 0.180398 0.031150 0.051136
0 0.144169 0.239347 0.037540 0.049716
0 0.191294 0.531250 0.039137 0.059659
0 0.067093 0.664062 0.075080 0.066761
0 0.504792 0.674716 0.038339 0.062500
0 0.297524 0.669034 0.039137 0.062500
0 0.170527 0.666903 0.040735 0.063920
0 0.454073 0.605114 0.037540 0.062500
0 0.422524 0.672585 0.038339 0.063920
0 0.470847 0.128551 0.027955 0.049716
0 0.304313 0.245028 0.031949 0.049716
0 0.358227 0.741477 0.040735 0.065341
0 0.300719 0.059659 0.031150 0.053977
0 0.094249 0.313210 0.055911 0.080966
0 0.519968 0.197443 0.028754 0.048295
0 0.414936 0.066761 0.032748 0.059659
0 0.629393 0.168324 0.049521 0.115057
0 0.164936 0.596591 0.039137 0.062500
0 0.463658 0.673295 0.037540 0.062500
0 0.264776 0.245028 0.034345 0.049716
0 0.380990 0.671165 0.036741 0.063920
0 0.592652 0.745739 0.089457 0.065341
0 0.230032 0.739347 0.039936 0.066761
0 0.184105 0.240057 0.032748 0.048295
0 0.331470 0.601562 0.038339 0.061080
0 0.314696 0.534801 0.038339 0.058239
0 0.357029 0.125710 0.031949 0.052557
0 0.113019 0.174716 0.067891 0.051136
0 0.098642 0.737216 0.042332 0.068182
0 0.490016 0.069602 0.031150 0.056818
0 0.240815 0.119318 0.032748 0.053977
0 0.207268 0.598011 0.039137 0.062500
0 0.150160 0.529830 0.039936 0.059659
0 0.609425 0.262074 0.095847 0.055398
0 0.507987 0.130682 0.027157 0.048295
0 0.442492 0.742898 0.038339 0.065341
0 0.279153 0.120028 0.029553 0.049716
0 0.143770 0.049716 0.030351 0.053977
0 0.452875 0.068892 0.031949 0.058239
0 0.273562 0.534091 0.037540 0.059659
0 0.545527 0.675426 0.036741 0.063920
0 0.525559 0.744318 0.038339 0.062500
0 0.213259 0.668324 0.039936 0.063920
0 0.494409 0.606534 0.036741 0.059659
0 0.166933 0.176847 0.030351 0.049716
0 0.574281 0.608665 0.036741 0.061080
0 0.514776 0.546165 0.035942 0.058239
0 0.069089 0.594460 0.063099 0.063920
0 0.272764 0.740057 0.040735 0.065341
0 0.290335 0.600142 0.037540 0.061080
0 0.442492 0.191761 0.031949 0.053977
0 0.187300 0.738636 0.040735 0.065341
0 0.161741 0.115057 0.034345 0.053977
0 0.096645 0.235795 0.043131 0.048295
0 0.142971 0.737926 0.041534 0.066761
0 0.400559 0.741477 0.039137 0.065341
0 0.364617 0.188210 0.032748 0.052557
0 0.545527 0.133523 0.028754 0.051136
0 0.065096 0.526989 0.040735 0.059659
0 0.207668 0.179688 0.031949 0.049716
0 0.484026 0.743608 0.038339 0.063920
0 0.183706 0.051847 0.030351 0.055398
0 0.538339 0.254972 0.028754 0.046875
0 0.255591 0.668324 0.038339 0.063920
0 0.326278 0.184659 0.031150 0.051136
0 0.047524 0.736506 0.055112 0.069602
0 0.111422 0.110795 0.051917 0.051136
0 0.222843 0.056108 0.030351 0.058239
0 0.373003 0.602983 0.038339 0.061080
0 0.315495 0.740057 0.039936 0.065341
0 0.045927 0.812500 0.071086 0.073864
0 0.286342 0.183239 0.029553 0.051136
0 0.249201 0.599432 0.038339 0.062500
0 0.317093 0.122159 0.028754 0.048295
0 0.432508 0.129261 0.029553 0.051136
0 0.434904 0.539062 0.037540 0.058239
0 0.331869 0.815341 0.257987 0.071023
0 0.107029 0.527699 0.039936 0.061080
0 0.395367 0.127841 0.031949 0.053977
0 0.382987 0.250710 0.032748 0.052557
0 0.394968 0.538352 0.037540 0.059659
0 0.475240 0.539773 0.036741 0.059659
0 0.617412 0.646307 0.038339 0.130682
0 0.479233 0.652699 0.956869 0.464489
0 0.603035 0.544744 0.055911 0.058239
0 0.526757 0.071733 0.029553 0.055398
0 0.534744 0.607244 0.037540 0.061080
0 0.224441 0.242188 0.031949 0.046875
0 0.376997 0.063920 0.031949 0.053977
0 0.413339 0.603693 0.037540 0.059659
0 0.232827 0.531250 0.037540 0.059659
0 0.565895 0.075994 0.029553 0.055398
0 0.502396 0.257812 0.028754 0.046875
0 0.558307 0.200284 0.028754 0.048295
0 0.462460 0.256392 0.028754 0.046875
0 0.496006 0.320312 0.038339 0.046875
0 0.263179 0.061080 0.031150 0.053977
0 0.340256 0.066761 0.031949 0.053977
0 0.403754 0.193892 0.032748 0.052557
0 0.592652 0.200284 0.028754 0.048295
0 0.595048 0.323153 0.038339 0.046875
0 0.366214 0.211648 0.615815 0.397727
0 0.612220 0.823153 0.063099 0.069602
0 0.483227 0.196023 0.028754 0.048295
0 0.555511 0.547585 0.035942 0.058239
0 0.110224 0.815341 0.057508 0.073864
0 0.123403 0.600852 0.039137 0.062500
0 0.621406 0.077415 0.065495 0.055398
0 0.347843 0.319602 0.243610 0.076705
0 0.203275 0.122159 0.032748 0.053977
