0 0.830036 0.552124 0.052158 0.108108
0 0.367806 0.580116 0.048561 0.052124
0 0.301259 0.524131 0.048561 0.052124
0 0.116007 0.470077 0.048561 0.052124
0 0.604317 0.634170 0.050360 0.052124
0 0.460432 0.524131 0.050360 0.052124
0 0.630396 0.580116 0.048561 0.052124
0 0.565647 0.524131 0.048561 0.052124
0 0.329137 0.469112 0.050360 0.054054
0 0.526079 0.579151 0.048561 0.054054
0 0.249101 0.524131 0.048561 0.052124
0 0.788669 0.579151 0.048561 0.050193
0 0.669964 0.524131 0.048561 0.052124
0 0.209532 0.580116 0.048561 0.052124
0 0.683453 0.580116 0.050360 0.052124
0 0.433453 0.469112 0.050360 0.054054
0 0.419964 0.580116 0.048561 0.052124
0 0.658273 0.634170 0.050360 0.052124
0 0.223022 0.469112 0.050360 0.054054
0 0.473921 0.566602 0.796763 0.333977
0 0.354317 0.524131 0.050360 0.052124
0 0.645683 0.469112 0.050360 0.054054
0 0.262590 0.580116 0.050360 0.052124
0 0.499101 0.634170 0.052158 0.052124
0 0.171763 0.691120 0.052158 0.054054
0 0.591727 0.469112 0.050360 0.054054
0 0.552158 0.634170 0.050360 0.052124
0 0.289568 0.634170 0.050360 0.052124
0 0.381295 0.469112 0.050360 0.054054
0 0.697842 0.469112 0.050360 0.054054
0 0.709532 0.634170 0.048561 0.052124
0 0.776079 0.524131 0.048561 0.052124
0 0.670863 0.690154 0.050360 0.052124
0 0.446942 0.690154 0.260791 0.052124
0 0.407374 0.524131 0.048561 0.052124
0 0.723022 0.524131 0.050360 0.052124
0 0.795863 0.634170 0.116906 0.052124
0 0.513489 0.524131 0.048561 0.052124
0 0.314748 0.580116 0.050360 0.052124
0 0.183453 0.634170 0.050360 0.052124
0 0.340827 0.634170 0.052158 0.052124
0 0.539568 0.469112 0.050360 0.054054
0 0.196043 0.525097 0.050360 0.054054
0 0.170863 0.470077 0.050360 0.052124
0 0.275180 0.469112 0.050360 0.054054
0 0.473022 0.579151 0.050360 0.054054
0 0.123201 0.634170 0.066547 0.052124
0 0.393885 0.634170 0.050360 0.052124
0 0.617806 0.524131 0.052158 0.052124
0 0.736511 0.580116 0.048561 0.052124
0 0.224820 0.691120 0.050360 0.054054
0 0.487410 0.469112 0.050360 0.054054
0 0.447842 0.634170 0.050360 0.052124
0 0.236511 0.634170 0.048561 0.052124
0 0.578237 0.580116 0.048561 0.052124
0 0.136691 0.579151 0.089928 0.054054
0 0.750899 0.468147 0.048561 0.052124
0 0.816547 0.470077 0.075540 0.052124
0 0.130396 0.524131 0.073741 0.052124
