0 0.022222 0.528889 0.042593 0.102222
0 0.543056 0.785556 0.115741 0.108889
0 0.503704 0.655556 0.116667 0.105185
0 0.868519 0.785185 0.112963 0.106667
0 0.095833 0.530741 0.121296 0.110370
0 0.259722 0.529630 0.119444 0.108148
0 0.625000 0.914074 0.118519 0.108148
0 0.221296 0.785185 0.116667 0.108148
0 0.908796 0.530000 0.125000 0.110370
0 0.667130 0.654815 0.112037 0.103704
0 0.787500 0.913333 0.119444 0.106667
0 0.968519 0.657407 0.064815 0.104444
0 0.945833 0.913333 0.110185 0.108148
0 0.031481 0.915556 0.061111 0.112593
0 0.464352 0.913333 0.117593 0.109630
0 0.828704 0.655926 0.116667 0.104444
0 0.057870 0.785926 0.113889 0.108148
0 0.746759 0.530741 0.123148 0.111852
0 0.582870 0.529630 0.125000 0.109630
0 0.706019 0.785185 0.117593 0.108148
0 0.039352 0.657778 0.076852 0.108148
0 0.342130 0.656296 0.117593 0.105185
0 0.421296 0.529630 0.120370 0.106667
0 0.301852 0.914815 0.118519 0.108148
0 0.382407 0.785185 0.116667 0.109630
0 0.179630 0.654815 0.114815 0.106667
0 0.137500 0.913704 0.121296 0.108889
