0 0.843863 0.536965 0.052347 0.108949
0 0.379964 0.565175 0.048736 0.052529
0 0.313177 0.508755 0.048736 0.052529
0 0.127256 0.454280 0.048736 0.052529
0 0.617329 0.619650 0.050542 0.052529
0 0.472924 0.508755 0.050542 0.052529
0 0.643502 0.565175 0.048736 0.052529
0 0.578520 0.508755 0.048736 0.052529
0 0.341155 0.453307 0.050542 0.054475
0 0.538809 0.564202 0.048736 0.054475
0 0.260830 0.508755 0.048736 0.052529
0 0.802347 0.564202 0.048736 0.050584
0 0.683213 0.508755 0.048736 0.052529
0 0.221119 0.565175 0.048736 0.052529
0 0.696751 0.565175 0.050542 0.052529
0 0.445848 0.453307 0.050542 0.054475
0 0.432310 0.565175 0.048736 0.052529
0 0.671480 0.619650 0.050542 0.052529
0 0.234657 0.453307 0.050542 0.054475
0 0.486462 0.551556 0.799639 0.336576
0 0.366426 0.508755 0.050542 0.052529
0 0.658845 0.453307 0.050542 0.054475
0 0.274368 0.565175 0.050542 0.052529
0 0.511733 0.619650 0.052347 0.052529
0 0.183213 0.677043 0.052347 0.054475
0 0.604693 0.453307 0.050542 0.054475
0 0.564982 0.619650 0.050542 0.052529
0 0.301444 0.619650 0.050542 0.052529
0 0.393502 0.453307 0.050542 0.054475
0 0.711191 0.453307 0.050542 0.054475
0 0.722924 0.619650 0.048736 0.052529
0 0.789711 0.508755 0.048736 0.052529
0 0.684116 0.676070 0.050542 0.052529
0 0.459386 0.676070 0.261733 0.052529
0 0.419675 0.508755 0.048736 0.052529
0 0.736462 0.508755 0.050542 0.052529
0 0.809567 0.619650 0.117329 0.052529
0 0.526173 0.508755 0.048736 0.052529
0 0.326715 0.565175 0.050542 0.052529
0 0.194946 0.619650 0.050542 0.052529
0 0.352888 0.619650 0.052347 0.052529
0 0.552347 0.453307 0.050542 0.054475
0 0.207581 0.509728 0.050542 0.054475
0 0.182310 0.454280 0.050542 0.052529
0 0.287004 0.453307 0.050542 0.054475
0 0.485560 0.564202 0.050542 0.054475
0 0.134477 0.619650 0.066787 0.052529
0 0.406137 0.619650 0.050542 0.052529
0 0.630866 0.508755 0.052347 0.052529
0 0.750000 0.565175 0.048736 0.052529
0 0.236462 0.677043 0.050542 0.054475
0 0.500000 0.453307 0.050542 0.054475
0 0.460289 0.619650 0.050542 0.052529
0 0.248195 0.619650 0.048736 0.052529
0 0.591155 0.565175 0.048736 0.052529
0 0.148014 0.564202 0.090253 0.054475
0 0.764440 0.452335 0.048736 0.052529
0 0.830325 0.454280 0.075812 0.052529
0 0.141697 0.508755 0.074007 0.052529
