0 0.399740 0.585938 0.039062 0.025391
0 0.485677 0.620117 0.216146 0.037109
0 0.516276 0.506348 0.035156 0.022461
0 0.258464 0.618164 0.042969 0.033203
0 0.576823 0.532227 0.036458 0.023438
0 0.380859 0.557617 0.037760 0.025391
0 0.636719 0.507324 0.036458 0.022461
0 0.555990 0.506348 0.036458 0.022461
0 0.716146 0.508301 0.036458 0.022461
0 0.587891 0.559082 0.037760 0.024414
0 0.276693 0.503906 0.037760 0.023438
0 0.356771 0.504395 0.036458 0.024414
0 0.671224 0.560547 0.037760 0.025391
0 0.240885 0.528809 0.059896 0.024414
0 0.236328 0.503906 0.037760 0.023438
0 0.699870 0.533691 0.037760 0.024414
0 0.302734 0.618652 0.045573 0.032227
0 0.240885 0.556641 0.070312 0.025391
0 0.713542 0.560547 0.039062 0.025391
0 0.695312 0.587891 0.039062 0.025391
0 0.667318 0.620605 0.042969 0.032227
0 0.484375 0.586426 0.039062 0.026367
0 0.568359 0.587402 0.037760 0.026367
0 0.464193 0.558594 0.037760 0.025391
0 0.526042 0.586426 0.039062 0.026367
0 0.442057 0.585449 0.040365 0.026367
0 0.676432 0.507812 0.035156 0.023438
0 0.436849 0.505371 0.035156 0.022461
0 0.617839 0.532715 0.037760 0.024414
0 0.356771 0.585449 0.039062 0.026367
0 0.476562 0.505859 0.036458 0.023438
0 0.414714 0.530762 0.037760 0.024414
0 0.658854 0.533203 0.036458 0.023438
0 0.753906 0.560547 0.039062 0.025391
0 0.596354 0.506836 0.036458 0.023438
0 0.339193 0.557617 0.037760 0.025391
0 0.397786 0.504883 0.035156 0.023438
0 0.507161 0.557617 0.660156 0.177734
0 0.653646 0.587891 0.039062 0.025391
0 0.223958 0.584473 0.052083 0.026367
0 0.422526 0.557617 0.037760 0.025391
0 0.496094 0.531738 0.036458 0.024414
0 0.505859 0.558594 0.037760 0.025391
0 0.630208 0.560059 0.039062 0.026367
0 0.298177 0.556641 0.039062 0.025391
0 0.272786 0.584473 0.040365 0.026367
0 0.291667 0.529785 0.039062 0.024414
0 0.536458 0.532227 0.036458 0.025391
0 0.764974 0.589355 0.092448 0.026367
0 0.766276 0.508789 0.055990 0.023438
0 0.316406 0.504395 0.036458 0.024414
0 0.314453 0.584961 0.040365 0.025391
0 0.332682 0.530273 0.037760 0.025391
0 0.783203 0.547852 0.045573 0.052734
0 0.373047 0.530762 0.037760 0.024414
0 0.546875 0.558594 0.036458 0.025391
0 0.454427 0.531250 0.036458 0.025391
0 0.740234 0.533691 0.037760 0.024414
0 0.610677 0.587402 0.039062 0.026367
