0 0.410326 0.357633 0.059783 0.070326
0 0.484375 0.650943 0.058424 0.070326
0 0.086957 0.659520 0.076087 0.070326
0 0.200408 0.116638 0.061141 0.075472
0 0.420516 0.651801 0.055707 0.068611
0 0.793478 0.119211 0.059783 0.073756
0 0.337636 0.577187 0.055707 0.070326
0 0.942255 0.650943 0.058424 0.070326
0 0.189538 0.740995 0.058424 0.068611
0 0.317255 0.732419 0.058424 0.068611
0 0.661685 0.119211 0.059783 0.073756
0 0.669837 0.801029 0.057065 0.068611
0 0.741848 0.647513 0.057065 0.070326
0 0.289402 0.813036 0.057065 0.068611
0 0.832880 0.277873 0.059783 0.072041
0 0.110734 0.357633 0.137228 0.073756
0 0.800272 0.355918 0.059783 0.070326
0 0.658967 0.572041 0.059783 0.070326
0 0.508832 0.713551 0.949728 0.469983
0 0.252717 0.734134 0.057065 0.068611
0 0.508152 0.726415 0.057065 0.070326
0 0.399457 0.119211 0.059783 0.073756
0 0.930027 0.567753 0.077446 0.072041
0 0.677310 0.648370 0.058424 0.068611
0 0.444293 0.727273 0.057065 0.068611
0 0.678668 0.198971 0.058424 0.072041
0 0.744565 0.198971 0.059783 0.072041
0 0.226223 0.656089 0.058424 0.070326
0 0.245924 0.279588 0.059783 0.072041
0 0.858016 0.117496 0.058424 0.070326
0 0.466712 0.573756 0.058424 0.070326
0 0.673234 0.362779 0.058424 0.070326
0 0.548234 0.199828 0.058424 0.073756
0 0.474864 0.437393 0.319293 0.072041
0 0.540761 0.357633 0.059783 0.070326
0 0.746603 0.884220 0.058424 0.066895
0 0.179348 0.277873 0.059783 0.072041
0 0.075408 0.196398 0.077446 0.073756
0 0.902174 0.809605 0.127717 0.072041
0 0.272418 0.578902 0.058424 0.070326
0 0.940897 0.197256 0.058424 0.072041
0 0.291440 0.656089 0.058424 0.070326
0 0.466033 0.119211 0.059783 0.073756
0 0.143342 0.581475 0.058424 0.068611
0 0.476902 0.803602 0.057065 0.070326
0 0.207880 0.579760 0.059783 0.068611
0 0.765625 0.724700 0.058424 0.070326
0 0.878397 0.204117 0.058424 0.072041
0 0.548913 0.649228 0.057065 0.070326
0 0.092391 0.281304 0.103261 0.072041
0 0.830842 0.724700 0.058424 0.070326
0 0.738451 0.807033 0.058424 0.066895
0 0.349864 0.807033 0.058424 0.070326
0 0.266984 0.116638 0.061141 0.075472
0 0.069973 0.120926 0.061141 0.073756
0 0.903533 0.361921 0.133152 0.072041
0 0.285326 0.890223 0.062500 0.068611
0 0.675951 0.439966 0.063859 0.070326
0 0.791440 0.575472 0.058424 0.070326
0 0.311821 0.279588 0.061141 0.072041
0 0.442255 0.279588 0.058424 0.072041
0 0.417799 0.198971 0.055707 0.072041
0 0.604620 0.358491 0.059783 0.072041
0 0.767663 0.277873 0.059783 0.072041
0 0.875679 0.652659 0.058424 0.070326
0 0.133832 0.115780 0.061141 0.073756
0 0.400815 0.575472 0.057065 0.070326
0 0.809783 0.198113 0.059783 0.073756
0 0.531929 0.120069 0.058424 0.075472
0 0.507473 0.279588 0.058424 0.072041
0 0.377038 0.279588 0.058424 0.072041
0 0.931386 0.119211 0.077446 0.073756
0 0.475543 0.357633 0.059783 0.070326
0 0.604620 0.802744 0.059783 0.072041
0 0.213995 0.359348 0.061141 0.070326
0 0.745245 0.441681 0.058424 0.070326
0 0.080842 0.586621 0.058424 0.068611
0 0.573370 0.279588 0.057065 0.072041
0 0.596467 0.120069 0.059783 0.075472
0 0.103940 0.742710 0.099185 0.068611
0 0.477582 0.880789 0.313859 0.070326
0 0.728940 0.119211 0.058424 0.073756
0 0.923234 0.283019 0.104620 0.072041
0 0.078125 0.444254 0.066576 0.068611
0 0.504076 0.258148 0.953804 0.475129
0 0.701087 0.724700 0.057065 0.070326
0 0.413043 0.804460 0.057065 0.068611
0 0.483016 0.198971 0.058424 0.072041
0 0.221467 0.811321 0.057065 0.068611
0 0.345109 0.359348 0.059783 0.070326
0 0.701766 0.277873 0.058424 0.072041
0 0.806386 0.647513 0.058424 0.070326
0 0.219429 0.197256 0.058424 0.072041
0 0.161685 0.659520 0.059783 0.070326
0 0.855978 0.575472 0.059783 0.070326
0 0.678668 0.884220 0.063859 0.066895
0 0.152174 0.198971 0.062500 0.075472
0 0.091033 0.893654 0.062500 0.068611
0 0.637908 0.277873 0.058424 0.072041
0 0.277853 0.437393 0.066576 0.068611
0 0.356658 0.653516 0.058424 0.068611
0 0.573370 0.726415 0.057065 0.070326
0 0.542120 0.803602 0.059783 0.070326
0 0.612092 0.648370 0.055707 0.068611
0 0.594429 0.572041 0.058424 0.070326
0 0.531250 0.573756 0.057065 0.070326
0 0.724864 0.571184 0.058424 0.072041
0 0.286685 0.198113 0.059783 0.073756
0 0.352582 0.198971 0.058424 0.072041
0 0.799592 0.801029 0.058424 0.068611
0 0.735734 0.355918 0.058424 0.070326
0 0.918478 0.723842 0.097826 0.072041
0 0.612772 0.198113 0.057065 0.070326
0 0.637228 0.724700 0.057065 0.070326
0 0.280571 0.358491 0.058424 0.072041
0 0.381114 0.728988 0.055707 0.068611
0 0.333560 0.117496 0.058424 0.073756
0 0.120245 0.813894 0.131793 0.070326
