0 0.127744 0.717082 0.051829 0.138790
0 0.147256 0.395907 0.050610 0.140569
0 0.068293 0.717082 0.051220 0.142349
0 0.218293 0.554270 0.051220 0.140569
0 0.336280 0.548932 0.050610 0.140569
0 0.702744 0.225089 0.049390 0.133452
0 0.063415 0.242883 0.048780 0.133452
0 0.547256 0.884342 0.053049 0.177936
0 0.028049 0.398577 0.054878 0.138790
0 0.809451 0.457295 0.082317 0.298932
0 0.440549 0.387900 0.050610 0.138790
0 0.617073 0.382562 0.051220 0.135231
0 0.382012 0.388790 0.050610 0.137011
0 0.323171 0.389680 0.050000 0.135231
0 0.016159 0.901246 0.031098 0.179715
0 0.485671 0.706406 0.053049 0.142349
0 0.750915 0.538256 0.050610 0.140569
0 0.675915 0.384342 0.051829 0.138790
0 0.455793 0.544484 0.051829 0.138790
0 0.205793 0.395018 0.050610 0.138790
0 0.664634 0.701957 0.052439 0.140569
0 0.528049 0.229537 0.051220 0.131673
0 0.586280 0.227758 0.050610 0.135231
0 0.692988 0.540925 0.051829 0.138790
0 0.159451 0.555160 0.050610 0.138790
0 0.366159 0.711744 0.053049 0.142349
0 0.246646 0.713523 0.051829 0.142349
0 0.178659 0.238434 0.050000 0.131673
0 0.499695 0.384342 0.050610 0.135231
0 0.264634 0.394128 0.051220 0.137011
0 0.088720 0.398577 0.051829 0.138790
0 0.734146 0.379004 0.051220 0.135231
0 0.557927 0.384342 0.051220 0.138790
0 0.411890 0.232206 0.050610 0.137011
0 0.776524 0.697509 0.155488 0.142349
0 0.515244 0.542705 0.051220 0.138790
0 0.425610 0.709075 0.052439 0.140569
0 0.545732 0.702847 0.052439 0.138790
0 0.366463 0.891459 0.295122 0.181495
0 0.306098 0.712633 0.052439 0.140569
0 0.184756 0.895018 0.052439 0.177936
0 0.017378 0.718861 0.033537 0.142349
0 0.469512 0.230427 0.050000 0.133452
0 0.633537 0.541815 0.052439 0.140569
0 0.295122 0.235765 0.050000 0.129893
0 0.605488 0.701068 0.052439 0.138790
0 0.121341 0.241103 0.050000 0.129893
0 0.644207 0.225979 0.050610 0.131673
0 0.574695 0.540925 0.050610 0.138790
0 0.353049 0.233986 0.050000 0.133452
0 0.788720 0.222420 0.105488 0.135231
0 0.100610 0.556050 0.050000 0.137011
0 0.396037 0.548043 0.050610 0.138790
0 0.277744 0.551601 0.050610 0.138790
0 0.500610 0.512456 1.000000 0.978648
0 0.187195 0.716192 0.051220 0.140569
0 0.237195 0.236655 0.050000 0.131673
0 0.667073 0.883452 0.054878 0.179715
0 0.014939 0.242883 0.028659 0.129893
0 0.033841 0.557829 0.066463 0.140569
