0 0.297986 0.409483 0.046209 0.063793
0 0.008886 0.193103 0.015403 0.062069
0 0.508294 0.406897 0.045024 0.062069
0 0.571090 0.260345 0.045024 0.065517
0 0.155213 0.264655 0.045024 0.063793
0 0.088270 0.412069 0.046209 0.065517
0 0.324645 0.335345 0.045024 0.063793
0 0.658768 0.404310 0.135071 0.063793
0 0.258886 0.263793 0.043839 0.062069
0 0.544431 0.187931 0.043839 0.062069
0 0.376185 0.335345 0.043839 0.063793
0 0.015995 0.266379 0.029621 0.063793
0 0.206754 0.264655 0.043839 0.063793
0 0.062796 0.338793 0.045024 0.063793
0 0.129739 0.193103 0.046209 0.062069
0 0.035545 0.412069 0.047393 0.065517
0 0.481043 0.333621 0.045024 0.063793
0 0.441351 0.188793 0.046209 0.060345
0 0.232820 0.191379 0.043839 0.062069
0 0.140995 0.411207 0.045024 0.063793
0 0.363744 0.262069 0.045024 0.062069
0 0.585308 0.333621 0.045024 0.063793
0 0.402844 0.408621 0.047393 0.065517
0 0.193128 0.411207 0.045024 0.063793
0 0.623223 0.259483 0.045024 0.063793
0 0.245261 0.409483 0.045024 0.063793
0 0.018957 0.338793 0.035545 0.063793
0 0.562204 0.487931 0.046209 0.079310
0 0.350711 0.407759 0.045024 0.063793
0 0.219787 0.337069 0.043839 0.063793
0 0.285545 0.189655 0.045024 0.062069
0 0.672986 0.186207 0.094787 0.062069
0 0.455569 0.407759 0.046209 0.063793
0 0.114929 0.338793 0.045024 0.063793
0 0.271919 0.336207 0.043839 0.065517
0 0.297986 0.490517 0.254739 0.081034
0 0.533175 0.333621 0.045024 0.063793
0 0.492891 0.187931 0.045024 0.062069
0 0.013033 0.494828 0.023697 0.079310
0 0.140403 0.493103 0.046209 0.079310
0 0.637441 0.331897 0.045024 0.063793
0 0.077607 0.193103 0.046209 0.062069
0 0.688389 0.294828 0.071090 0.137931
0 0.181280 0.191379 0.045024 0.062069
0 0.012441 0.412931 0.022512 0.063793
0 0.518365 0.260345 0.043839 0.062069
0 0.024882 0.193103 0.045024 0.062069
0 0.415284 0.262069 0.043839 0.062069
0 0.389218 0.189655 0.043839 0.062069
0 0.466825 0.260345 0.045024 0.062069
0 0.559834 0.406897 0.046209 0.062069
0 0.311611 0.262931 0.045024 0.063793
0 0.596564 0.187069 0.043839 0.060345
0 0.049763 0.265517 0.047393 0.065517
0 0.337678 0.190517 0.045024 0.063793
0 0.476896 0.319828 0.951422 0.501724
0 0.102488 0.265517 0.046209 0.065517
0 0.167062 0.337931 0.045024 0.065517
0 0.457346 0.488793 0.045024 0.077586
0 0.428910 0.333621 0.045024 0.063793
