0 0.408571 0.182292 0.065714 0.156250
0 0.501429 0.503472 1.000000 1.000000
0 0.725000 0.911458 0.067143 0.156250
0 0.044286 0.907986 0.085714 0.163194
0 0.482857 0.184028 0.065714 0.159722
0 0.594286 0.364583 0.065714 0.159722
0 0.613571 0.545139 0.064286 0.159722
0 0.706429 0.184028 0.067143 0.159722
0 0.911429 0.546875 0.065714 0.156250
0 0.352143 0.727431 0.064286 0.156250
0 0.800000 0.727431 0.065714 0.156250
0 0.502857 0.909722 0.362857 0.166667
0 0.930714 0.185764 0.064286 0.156250
0 0.521429 0.364583 0.065714 0.159722
0 0.500714 0.727431 0.067143 0.156250
0 0.818571 0.366319 0.065714 0.156250
0 0.762857 0.546875 0.065714 0.156250
0 0.295714 0.364583 0.065714 0.159722
0 0.202857 0.727431 0.065714 0.156250
0 0.335000 0.182292 0.064286 0.156250
0 0.724286 0.727431 0.065714 0.156250
0 0.277143 0.727431 0.062857 0.156250
0 0.042857 0.723958 0.082857 0.163194
0 0.782143 0.185764 0.067143 0.163194
0 0.220714 0.361111 0.064286 0.159722
0 0.277857 0.909722 0.067143 0.159722
0 0.426429 0.725694 0.064286 0.159722
0 0.390000 0.545139 0.065714 0.159722
0 0.371429 0.362847 0.065714 0.156250
0 0.538571 0.546875 0.065714 0.156250
0 0.464286 0.546875 0.065714 0.156250
0 0.835714 0.548611 0.065714 0.159722
0 0.687857 0.548611 0.064286 0.159722
0 0.892143 0.368056 0.067143 0.159722
0 0.874286 0.913194 0.068571 0.159722
0 0.649286 0.727431 0.067143 0.163194
0 0.034286 0.178819 0.062857 0.156250
0 0.743571 0.366319 0.067143 0.156250
0 0.967857 0.368056 0.067143 0.159722
0 0.632857 0.185764 0.065714 0.163194
0 0.110000 0.182292 0.065714 0.156250
0 0.259286 0.182292 0.067143 0.156250
0 0.855714 0.187500 0.065714 0.159722
0 0.575714 0.727431 0.065714 0.156250
0 0.240714 0.546875 0.064286 0.156250
0 0.987143 0.187500 0.028571 0.159722
0 0.874286 0.729167 0.065714 0.159722
0 0.052857 0.359375 0.100000 0.163194
0 0.558571 0.185764 0.065714 0.163194
0 0.165000 0.543403 0.064286 0.156250
0 0.062857 0.543403 0.120000 0.163194
0 0.446429 0.362847 0.064286 0.156250
0 0.184286 0.182292 0.065714 0.156250
0 0.977143 0.548611 0.048571 0.159722
0 0.958571 0.727431 0.085714 0.163194
0 0.670000 0.364583 0.065714 0.159722
0 0.315000 0.545139 0.064286 0.159722
0 0.127857 0.725694 0.067143 0.159722
0 0.147143 0.364583 0.065714 0.159722
