0 0.367895 0.442661 0.041053 0.056575
0 0.084737 0.250765 0.028421 0.055046
0 0.554737 0.440367 0.040000 0.055046
0 0.610526 0.310398 0.040000 0.058104
0 0.241053 0.314220 0.040000 0.056575
0 0.181579 0.444954 0.041053 0.058104
0 0.391579 0.376911 0.040000 0.056575
0 0.688421 0.438073 0.120000 0.056575
0 0.333158 0.313456 0.038947 0.055046
0 0.586842 0.246177 0.038947 0.055046
0 0.437368 0.376911 0.038947 0.056575
0 0.094737 0.315749 0.052632 0.056575
0 0.286842 0.314220 0.038947 0.056575
0 0.158947 0.379969 0.040000 0.056575
0 0.218421 0.250765 0.041053 0.055046
0 0.134737 0.444954 0.042105 0.058104
0 0.530526 0.375382 0.040000 0.056575
0 0.495263 0.246942 0.041053 0.053517
0 0.310000 0.249235 0.038947 0.055046
0 0.228421 0.444190 0.040000 0.056575
0 0.426316 0.311927 0.040000 0.055046
0 0.623158 0.375382 0.040000 0.056575
0 0.461053 0.441896 0.042105 0.058104
0 0.274737 0.444190 0.040000 0.056575
0 0.656842 0.309633 0.040000 0.056575
0 0.321053 0.442661 0.040000 0.056575
0 0.099474 0.379969 0.064211 0.056575
0 0.602632 0.512232 0.041053 0.070336
0 0.414737 0.441131 0.040000 0.056575
0 0.298421 0.378440 0.038947 0.056575
0 0.356842 0.247706 0.040000 0.055046
0 0.701053 0.244648 0.084211 0.055046
0 0.507895 0.441131 0.041053 0.056575
0 0.205263 0.379969 0.040000 0.056575
0 0.344737 0.377676 0.038947 0.058104
0 0.367895 0.514526 0.226316 0.071865
0 0.576842 0.375382 0.040000 0.056575
0 0.541053 0.246177 0.040000 0.055046
0 0.085263 0.518349 0.042105 0.070336
0 0.227895 0.516820 0.041053 0.070336
0 0.669474 0.373853 0.040000 0.056575
0 0.172105 0.250765 0.041053 0.055046
0 0.714737 0.340979 0.063158 0.122324
0 0.264211 0.249235 0.040000 0.055046
0 0.086842 0.445719 0.041053 0.056575
0 0.563684 0.310398 0.038947 0.055046
0 0.125263 0.250765 0.040000 0.055046
0 0.472105 0.311927 0.038947 0.055046
0 0.448947 0.247706 0.038947 0.055046
0 0.517895 0.310398 0.040000 0.055046
0 0.600526 0.440367 0.041053 0.055046
0 0.380000 0.312691 0.040000 0.056575
0 0.633158 0.245413 0.038947 0.053517
0 0.147368 0.314985 0.042105 0.058104
0 0.403158 0.248471 0.040000 0.056575
0 0.497895 0.363150 0.903158 0.444954
0 0.194211 0.314985 0.041053 0.058104
0 0.251579 0.379205 0.040000 0.058104
0 0.509474 0.512997 0.040000 0.068807
0 0.484211 0.375382 0.040000 0.056575
