0 0.530000 0.745763 0.042000 0.059322
0 0.593000 0.603107 0.044000 0.059322
0 0.060500 0.669492 0.053000 0.059322
0 0.164500 0.670904 0.043000 0.059322
0 0.402500 0.815678 0.043000 0.060734
0 0.496500 0.723164 0.955000 0.466102
0 0.340500 0.601695 0.043000 0.059322
0 0.202000 0.813559 0.042000 0.059322
0 0.618500 0.673023 0.043000 0.060734
0 0.630500 0.744350 0.043000 0.059322
0 0.052500 0.812147 0.045000 0.059322
0 0.128000 0.741525 0.042000 0.059322
0 0.504500 0.817090 0.043000 0.060734
0 0.103500 0.812853 0.043000 0.060734
0 0.543000 0.602401 0.044000 0.060734
0 0.730000 0.708333 0.068000 0.131356
0 0.215000 0.673023 0.044000 0.060734
0 0.517000 0.673023 0.044000 0.060734
0 0.700000 0.814266 0.130000 0.060734
0 0.605500 0.887006 0.045000 0.059322
0 0.290000 0.601695 0.044000 0.059322
0 0.177500 0.742938 0.043000 0.059322
0 0.240000 0.601695 0.042000 0.059322
0 0.093000 0.600282 0.042000 0.059322
0 0.227000 0.742938 0.044000 0.059322
0 0.251500 0.814266 0.043000 0.060734
0 0.353500 0.887006 0.245000 0.062147
0 0.365500 0.673023 0.043000 0.060734
0 0.152500 0.812853 0.043000 0.057910
0 0.327000 0.744350 0.042000 0.059322
0 0.504500 0.887006 0.043000 0.059322
0 0.141500 0.601695 0.043000 0.059322
0 0.116000 0.671610 0.044000 0.060734
0 0.191000 0.601695 0.044000 0.059322
0 0.053500 0.882062 0.045000 0.060734
0 0.201500 0.885593 0.043000 0.059322
0 0.493000 0.603107 0.044000 0.059322
0 0.264500 0.672316 0.043000 0.059322
0 0.352000 0.815678 0.044000 0.060734
0 0.302000 0.814972 0.044000 0.059322
0 0.428000 0.745763 0.042000 0.059322
0 0.605000 0.816384 0.044000 0.059322
0 0.377500 0.744350 0.043000 0.059322
0 0.643500 0.601695 0.043000 0.059322
0 0.718000 0.601695 0.092000 0.059322
0 0.066000 0.740819 0.066000 0.057910
0 0.680500 0.744350 0.043000 0.059322
0 0.668500 0.673023 0.043000 0.060734
0 0.554500 0.816384 0.043000 0.059322
0 0.453000 0.816384 0.044000 0.062147
0 0.467000 0.673023 0.042000 0.057910
0 0.415500 0.673023 0.043000 0.060734
0 0.048000 0.600989 0.036000 0.057910
0 0.580500 0.745056 0.043000 0.060734
0 0.479500 0.745056 0.043000 0.060734
0 0.442000 0.603107 0.044000 0.059322
0 0.391000 0.603107 0.044000 0.059322
0 0.277000 0.743644 0.042000 0.057910
0 0.568000 0.673023 0.042000 0.060734
0 0.315000 0.672316 0.042000 0.059322
