0 0.497860 0.329848 0.049929 0.066540
0 0.706491 0.491920 0.054922 0.082700
0 0.571327 0.180133 0.051355 0.065589
0 0.704708 0.407795 0.052782 0.066540
0 0.513552 0.180133 0.051355 0.067490
0 0.308488 0.252852 0.052068 0.066540
0 0.248930 0.250951 0.052782 0.066540
0 0.366619 0.253327 0.051355 0.065589
0 0.776034 0.257605 0.051355 0.066540
0 0.792083 0.333650 0.050642 0.066540
0 0.322040 0.327471 0.052068 0.067490
0 0.850214 0.297529 0.081312 0.142586
0 0.202568 0.325570 0.052782 0.067490
0 0.556705 0.330798 0.052068 0.066540
0 0.645150 0.406844 0.053495 0.066540
0 0.230385 0.487167 0.055635 0.084601
0 0.042083 0.400190 0.067047 0.066540
0 0.585949 0.406369 0.052068 0.067490
0 0.039943 0.484791 0.069900 0.083650
0 0.600571 0.255703 0.052782 0.066540
0 0.483238 0.255228 0.052068 0.067490
0 0.142653 0.324144 0.051355 0.068441
0 0.425820 0.254278 0.051355 0.067490
0 0.674394 0.331749 0.052068 0.066540
0 0.380884 0.328422 0.051355 0.067490
0 0.587375 0.490019 0.053495 0.082700
0 0.542083 0.255228 0.051355 0.065589
0 0.832739 0.184886 0.107703 0.065589
0 0.746077 0.182034 0.051355 0.065589
0 0.717903 0.257605 0.053495 0.068441
0 0.129458 0.248574 0.053495 0.067490
0 0.815264 0.408745 0.154066 0.068441
0 0.055278 0.246673 0.080599 0.067490
0 0.110913 0.400190 0.052068 0.068441
0 0.468260 0.404943 0.052068 0.066540
0 0.527104 0.406369 0.054208 0.069392
0 0.462197 0.298479 0.922967 0.543726
0 0.455777 0.179183 0.051355 0.067490
0 0.409772 0.404468 0.053495 0.067490
0 0.171541 0.400665 0.052068 0.067490
0 0.687589 0.182034 0.051355 0.065589
0 0.060628 0.323669 0.097004 0.069392
0 0.101284 0.172529 0.051355 0.065589
0 0.439372 0.330323 0.051355 0.065589
0 0.615906 0.330798 0.052068 0.066540
0 0.041369 0.171103 0.049929 0.064639
0 0.262482 0.326521 0.052782 0.069392
0 0.278887 0.175380 0.051355 0.065589
0 0.629815 0.180608 0.052782 0.066540
0 0.219330 0.173954 0.053495 0.066540
0 0.160842 0.173004 0.052068 0.066540
0 0.733951 0.332700 0.052782 0.066540
0 0.410842 0.487643 0.291013 0.085551
0 0.337732 0.177281 0.052068 0.065589
0 0.396933 0.178232 0.052068 0.065589
0 0.189016 0.249049 0.052782 0.068441
0 0.350927 0.403517 0.052782 0.067490
0 0.292083 0.402567 0.053495 0.067490
0 0.658702 0.255703 0.052068 0.066540
0 0.231812 0.401616 0.052782 0.067490
