0 0.622951 0.282918 0.042155 0.064057
0 0.111241 0.201957 0.044496 0.062278
0 0.172131 0.275801 0.042155 0.064057
0 0.474239 0.281139 0.042155 0.064057
0 0.323770 0.279359 0.043326 0.064057
0 0.121194 0.275801 0.043326 0.064057
0 0.054450 0.200178 0.057377 0.062278
0 0.213115 0.203737 0.044496 0.062278
0 0.040398 0.348754 0.045667 0.064057
0 0.693208 0.355872 0.133489 0.064057
0 0.659836 0.209964 0.043326 0.064057
0 0.195550 0.352313 0.044496 0.064057
0 0.510539 0.209075 0.042155 0.062278
0 0.721311 0.246441 0.067916 0.137011
0 0.362998 0.207295 0.042155 0.062278
0 0.093091 0.349644 0.045667 0.065836
0 0.347775 0.354093 0.044496 0.064057
0 0.706674 0.136121 0.090164 0.062278
0 0.297424 0.352313 0.044496 0.064057
0 0.448478 0.355872 0.044496 0.064057
0 0.312646 0.205516 0.042155 0.062278
0 0.423888 0.281139 0.042155 0.064057
0 0.223068 0.277580 0.043326 0.064057
0 0.492974 0.259786 0.983607 0.516014
0 0.161593 0.201957 0.042155 0.062278
0 0.338407 0.133452 0.042155 0.060498
0 0.139930 0.129893 0.043326 0.060498
0 0.535714 0.136121 0.043326 0.062278
0 0.388759 0.135231 0.042155 0.060498
0 0.239461 0.131673 0.043326 0.060498
0 0.462529 0.208185 0.042155 0.060498
0 0.549180 0.355872 0.044496 0.064057
0 0.374122 0.280249 0.043326 0.062278
0 0.523419 0.282918 0.042155 0.064057
0 0.584895 0.137011 0.043326 0.060498
0 0.273419 0.279359 0.043326 0.064057
0 0.486534 0.136121 0.043326 0.062278
0 0.412178 0.208185 0.042155 0.064057
0 0.437354 0.136121 0.043326 0.062278
0 0.288642 0.131673 0.043326 0.060498
0 0.346604 0.428826 0.245902 0.067616
0 0.572600 0.282918 0.042155 0.064057
0 0.559719 0.209075 0.042155 0.062278
0 0.599532 0.431495 0.046838 0.065836
0 0.144028 0.350534 0.044496 0.064057
0 0.189110 0.130783 0.043326 0.062278
0 0.056792 0.274021 0.069087 0.064057
0 0.498829 0.430605 0.044496 0.064057
0 0.598361 0.357651 0.044496 0.064057
0 0.634075 0.137011 0.040984 0.060498
0 0.262881 0.204626 0.043326 0.060498
0 0.609485 0.209964 0.043326 0.064057
0 0.398712 0.354093 0.043326 0.064057
0 0.193208 0.427936 0.046838 0.065836
0 0.090164 0.128114 0.042155 0.060498
0 0.045667 0.126335 0.032787 0.060498
0 0.672717 0.282918 0.043326 0.064057
0 0.498244 0.355872 0.043326 0.064057
0 0.036885 0.426157 0.048009 0.065836
0 0.247073 0.352313 0.044496 0.064057
