0 0.329177 0.432566 0.047382 0.128289
0 0.074813 0.585526 0.047382 0.131579
0 0.496883 0.430921 0.048628 0.131579
0 0.187656 0.582237 0.048628 0.131579
0 0.217581 0.434211 0.046135 0.125000
0 0.243142 0.582237 0.047382 0.131579
0 0.582294 0.578947 0.049875 0.131579
0 0.720075 0.355263 0.076060 0.276316
0 0.259975 0.286184 0.046135 0.125000
0 0.069825 0.146382 0.047382 0.121711
0 0.180175 0.144737 0.046135 0.125000
0 0.162095 0.435855 0.047382 0.128289
0 0.468828 0.578947 0.049875 0.131579
0 0.022444 0.583882 0.042394 0.134868
0 0.565461 0.138158 0.048628 0.125000
0 0.482544 0.284539 0.047382 0.128289
0 0.594763 0.282895 0.049875 0.131579
0 0.290524 0.141447 0.047382 0.125000
0 0.455736 0.139803 0.048628 0.128289
0 0.440773 0.430921 0.048628 0.131579
0 0.299252 0.731908 0.276808 0.141447
0 0.019950 0.435855 0.037406 0.128289
0 0.412095 0.580592 0.048628 0.134868
0 0.048628 0.435855 0.049875 0.128289
0 0.620948 0.136513 0.047382 0.121711
0 0.131546 0.583882 0.048628 0.134868
0 0.205112 0.287829 0.048628 0.128289
0 0.273067 0.430921 0.047382 0.131579
0 0.094763 0.287829 0.047382 0.128289
0 0.538653 0.281250 0.047382 0.128289
0 0.384663 0.429276 0.046135 0.128289
0 0.316708 0.286184 0.047382 0.131579
0 0.703865 0.136513 0.100998 0.128289
0 0.127805 0.733553 0.051122 0.138158
0 0.345387 0.141447 0.047382 0.125000
0 0.299252 0.580592 0.049875 0.128289
0 0.019950 0.148026 0.037406 0.125000
0 0.039277 0.291118 0.048628 0.128289
0 0.510599 0.139803 0.048628 0.128289
0 0.650249 0.281250 0.048628 0.128289
0 0.609102 0.427632 0.048628 0.131579
0 0.525561 0.577303 0.048628 0.134868
0 0.552993 0.427632 0.048628 0.131579
0 0.371571 0.284539 0.047382 0.128289
0 0.105362 0.435855 0.048628 0.128289
0 0.016209 0.292763 0.029925 0.131579
0 0.400249 0.141447 0.047382 0.125000
0 0.582918 0.728618 0.051122 0.134868
0 0.125312 0.146382 0.048628 0.121711
0 0.009975 0.149671 0.017456 0.121711
0 0.234414 0.144737 0.047382 0.125000
0 0.150249 0.291118 0.048628 0.128289
0 0.355985 0.578947 0.048628 0.131579
0 0.665212 0.427632 0.048628 0.131579
0 0.014339 0.735197 0.026185 0.134868
0 0.427681 0.284539 0.047382 0.128289
0 0.013716 0.585526 0.024938 0.131579
0 0.687656 0.574013 0.148379 0.134868
0 0.501247 0.453947 1.000000 0.901316
0 0.469451 0.731908 0.051122 0.134868
