0 0.551295 0.595926 0.037616 0.101183
0 0.474841 0.355453 0.038105 0.101183
0 0.455056 0.476347 0.036639 0.098555
0 0.353444 0.715506 0.037616 0.101183
0 0.543723 0.474376 0.038105 0.102497
0 0.120420 0.356767 0.037616 0.098555
0 0.075965 0.356767 0.037616 0.098555
0 0.397411 0.714849 0.039570 0.105125
0 0.629458 0.357424 0.078652 0.097240
0 0.264045 0.712878 0.037616 0.101183
0 0.175134 0.714192 0.036639 0.098555
0 0.312408 0.845598 0.250611 0.127464
0 0.587934 0.475033 0.037616 0.101183
0 0.487054 0.714192 0.035173 0.095926
0 0.322667 0.475033 0.036639 0.098555
0 0.441622 0.714192 0.037128 0.101183
0 0.040547 0.844941 0.059599 0.118265
0 0.563508 0.353482 0.035662 0.094612
0 0.342208 0.356767 0.038593 0.101183
0 0.130679 0.713535 0.037616 0.099869
0 0.386175 0.357424 0.037616 0.102497
0 0.107474 0.595926 0.037128 0.101183
0 0.612360 0.716820 0.108940 0.098555
0 0.297997 0.356110 0.038105 0.099869
0 0.046898 0.597240 0.069370 0.101183
0 0.595261 0.595926 0.037616 0.103811
0 0.462628 0.597240 0.037128 0.103811
0 0.501221 0.548620 0.990718 0.839685
0 0.430630 0.356767 0.038593 0.101183
0 0.164875 0.355453 0.037616 0.101183
0 0.044211 0.476347 0.061065 0.101183
0 0.253053 0.355453 0.038105 0.101183
0 0.277479 0.473719 0.037128 0.098555
0 0.639717 0.846912 0.059111 0.116951
0 0.308500 0.714192 0.038593 0.101183
0 0.031021 0.354139 0.035662 0.095926
0 0.366634 0.474376 0.038593 0.099869
0 0.189301 0.476347 0.037616 0.101183
0 0.036395 0.716163 0.047386 0.099869
0 0.285051 0.595926 0.036639 0.098555
0 0.641426 0.536137 0.060576 0.226018
0 0.234245 0.474376 0.038593 0.099869
0 0.209819 0.355453 0.036639 0.098555
0 0.506595 0.597240 0.037128 0.101183
0 0.500977 0.476347 0.039570 0.103811
0 0.240840 0.594612 0.036150 0.098555
0 0.328774 0.593955 0.038105 0.102497
0 0.144113 0.474376 0.037128 0.099869
0 0.100391 0.477661 0.040547 0.106439
0 0.410845 0.473719 0.036150 0.095926
0 0.468002 0.844941 0.046898 0.118265
0 0.151930 0.595926 0.038105 0.101183
0 0.196629 0.595926 0.038593 0.101183
0 0.084514 0.714192 0.038105 0.101183
0 0.219590 0.714849 0.037616 0.099869
0 0.373473 0.594612 0.036639 0.101183
0 0.418417 0.594612 0.037616 0.101183
0 0.519052 0.354796 0.035662 0.097240
0 0.156815 0.844284 0.046898 0.116951
0 0.530777 0.714192 0.035662 0.095926
