0 0.245907 0.483617 0.030696 0.061893
0 0.258868 0.703277 0.030696 0.061893
0 0.164052 0.486650 0.030696 0.063107
0 0.287517 0.482403 0.032060 0.061893
0 0.504093 0.694782 0.030014 0.059466
0 0.483288 0.622573 0.030696 0.060680
0 0.052865 0.561893 0.051160 0.065534
0 0.277967 0.628034 0.030696 0.061893
0 0.484652 0.589199 0.967940 0.625000
0 0.319918 0.628034 0.031378 0.061893
0 0.082538 0.488471 0.030014 0.061893
0 0.267053 0.556432 0.030696 0.059466
0 0.308322 0.555218 0.030014 0.061893
0 0.162005 0.786408 0.041610 0.077670
0 0.360164 0.627427 0.030014 0.060680
0 0.328445 0.481796 0.030696 0.060680
0 0.057640 0.783981 0.051160 0.070388
0 0.155866 0.632888 0.030696 0.061893
0 0.381651 0.699029 0.032060 0.063107
0 0.349932 0.555218 0.031378 0.061893
0 0.609141 0.771238 0.055935 0.066748
0 0.304570 0.785194 0.227149 0.092233
0 0.442701 0.624393 0.030014 0.061893
0 0.094816 0.705704 0.030014 0.061893
0 0.226467 0.557646 0.031378 0.061893
0 0.524898 0.621966 0.030696 0.061893
0 0.553888 0.547937 0.031378 0.064320
0 0.114256 0.633495 0.029332 0.063107
0 0.422920 0.696602 0.030014 0.060680
0 0.237722 0.632282 0.030696 0.060680
0 0.177012 0.705704 0.029332 0.059466
0 0.565143 0.620146 0.030696 0.060680
0 0.471692 0.550971 0.030696 0.060680
0 0.137449 0.706917 0.029332 0.059466
0 0.195771 0.630461 0.031378 0.061893
0 0.185198 0.559466 0.030696 0.063107
0 0.607094 0.584345 0.055935 0.137136
0 0.341064 0.698422 0.031378 0.061893
0 0.216576 0.702670 0.030696 0.060680
0 0.391201 0.552791 0.030696 0.059466
0 0.410641 0.479369 0.031378 0.063107
0 0.431787 0.552791 0.031378 0.059466
0 0.370055 0.481189 0.032060 0.064320
0 0.143588 0.558252 0.030696 0.063107
0 0.204980 0.484830 0.030696 0.061893
0 0.581855 0.692961 0.102319 0.060680
0 0.463847 0.695388 0.030014 0.060680
0 0.122783 0.487257 0.030014 0.061893
0 0.299795 0.700850 0.032060 0.061893
0 0.451228 0.478155 0.032060 0.063107
0 0.050477 0.709345 0.039563 0.061893
0 0.401091 0.625607 0.031378 0.061893
0 0.103342 0.560073 0.032060 0.061893
0 0.513643 0.549757 0.031378 0.063107
0 0.533424 0.475728 0.031378 0.060680
0 0.595839 0.473908 0.074352 0.064320
0 0.042292 0.487257 0.030014 0.064320
0 0.492156 0.476942 0.032060 0.063107
0 0.054911 0.636529 0.049795 0.061893
0 0.449181 0.777913 0.042974 0.080097
