0 0.483657 0.376923 0.030919 0.064615
0 0.385159 0.322308 0.030035 0.063077
0 0.631184 0.497692 0.099823 0.072308
0 0.497350 0.448462 0.030035 0.066154
0 0.575088 0.434615 0.031802 0.069231
0 0.267668 0.339231 0.030035 0.063077
0 0.257509 0.486154 0.030919 0.067692
0 0.521643 0.372308 0.030919 0.067692
0 0.298587 0.478462 0.030035 0.067692
0 0.359099 0.543846 0.032686 0.069231
0 0.535777 0.443077 0.032686 0.067692
0 0.206272 0.418462 0.029152 0.061538
0 0.461572 0.310000 0.030919 0.066154
0 0.399735 0.537692 0.030919 0.069231
0 0.499558 0.305385 0.030919 0.066154
0 0.500442 0.424615 0.992049 0.658462
0 0.216431 0.493077 0.030035 0.069231
0 0.306537 0.333846 0.030035 0.064615
0 0.195230 0.570769 0.030035 0.067692
0 0.277385 0.556923 0.031802 0.070769
0 0.418286 0.459231 0.029152 0.066154
0 0.152385 0.579231 0.030919 0.072308
0 0.480124 0.523077 0.030919 0.070769
0 0.520318 0.518462 0.030035 0.067692
0 0.663869 0.571538 0.057420 0.078462
0 0.423587 0.316923 0.030919 0.067692
0 0.345406 0.326923 0.030035 0.066154
0 0.365724 0.633077 0.227915 0.121538
0 0.337898 0.473077 0.030919 0.066154
0 0.186837 0.350769 0.030919 0.064615
0 0.574647 0.293077 0.030919 0.063077
0 0.165194 0.427692 0.031802 0.067692
0 0.246908 0.415385 0.030919 0.067692
0 0.648410 0.387692 0.056537 0.135385
0 0.406360 0.390000 0.030035 0.066154
0 0.106007 0.363846 0.030035 0.063077
0 0.106007 0.586923 0.040636 0.066154
0 0.287102 0.408462 0.031802 0.066154
0 0.613074 0.429231 0.031802 0.067692
0 0.440371 0.530769 0.032686 0.070769
0 0.146643 0.358462 0.030035 0.064615
0 0.558304 0.510769 0.031802 0.067692
0 0.114841 0.436154 0.049470 0.069231
0 0.537544 0.298462 0.030919 0.064615
0 0.175353 0.500769 0.030919 0.069231
0 0.326413 0.401538 0.029152 0.064615
0 0.377650 0.465385 0.030919 0.066154
0 0.319346 0.550000 0.030919 0.069231
0 0.559629 0.366154 0.032686 0.067692
0 0.119258 0.509231 0.060071 0.064615
0 0.236307 0.563846 0.030919 0.069231
0 0.219965 0.650000 0.042403 0.081538
0 0.457597 0.453077 0.031802 0.066154
0 0.227032 0.346923 0.030035 0.063077
0 0.109099 0.670769 0.055654 0.086154
0 0.507951 0.599231 0.044170 0.075385
0 0.598940 0.359231 0.030035 0.069231
0 0.630300 0.283846 0.066254 0.063077
0 0.366608 0.395385 0.030035 0.064615
0 0.443905 0.382308 0.029152 0.063077
