0 0.692187 0.687917 0.533125 0.114167
0 0.605938 0.330417 0.081875 0.102500
0 0.471562 0.217083 0.081875 0.100833
0 0.979688 0.216250 0.035625 0.102500
0 0.559063 0.217500 0.081875 0.100000
0 0.505938 0.413333 0.979375 0.776667
0 0.630000 0.446250 0.083750 0.107500
0 0.426563 0.330833 0.083125 0.103333
0 0.308750 0.565000 0.086250 0.110000
0 0.647500 0.217083 0.082500 0.100833
0 0.113750 0.691667 0.141250 0.116667
0 0.824688 0.218333 0.081875 0.101667
0 0.975313 0.443750 0.041875 0.105833
0 0.784687 0.330833 0.083125 0.103333
0 0.127188 0.325833 0.135625 0.106667
0 0.448437 0.445833 0.084375 0.105000
0 0.357187 0.445417 0.084375 0.107500
0 0.109063 0.209583 0.084375 0.100833
0 0.736875 0.217917 0.081250 0.102500
0 0.493750 0.564167 0.086250 0.108333
0 0.402500 0.565833 0.085000 0.108333
0 0.953438 0.566250 0.081875 0.109167
0 0.367188 0.688333 0.113125 0.113333
0 0.959375 0.328750 0.073750 0.109167
0 0.266562 0.445417 0.085625 0.107500
0 0.720625 0.446667 0.085000 0.105000
0 0.769062 0.565000 0.085625 0.106667
0 0.901875 0.447083 0.085000 0.107500
0 0.677813 0.565000 0.085625 0.108333
0 0.983125 0.686667 0.031250 0.103333
0 0.336250 0.329167 0.083750 0.103333
0 0.811562 0.447917 0.083125 0.109167
0 0.135000 0.444167 0.161250 0.108333
0 0.694688 0.331250 0.083125 0.104167
0 0.585938 0.564167 0.085625 0.108333
0 0.381875 0.215833 0.083750 0.101667
0 0.516250 0.330417 0.083750 0.102500
0 0.245000 0.328333 0.087500 0.106667
0 0.201250 0.211250 0.082500 0.100833
0 0.539687 0.447917 0.084375 0.105833
0 0.913125 0.217500 0.082500 0.101667
0 0.861250 0.565000 0.086250 0.108333
0 0.106250 0.565000 0.115000 0.110000
0 0.214375 0.566250 0.090000 0.110833
0 0.874062 0.330417 0.081875 0.102500
0 0.292187 0.213333 0.084375 0.101667
