0 0.105484 0.354694 0.041970 0.113264
0 0.294628 0.616244 0.039731 0.111773
0 0.382205 0.909091 0.318970 0.125186
0 0.746503 0.350224 0.092893 0.113264
0 0.310856 0.350224 0.040851 0.116244
0 0.156128 0.355440 0.041410 0.114754
0 0.760772 0.558122 0.071069 0.248882
0 0.463067 0.356930 0.041970 0.117735
0 0.061276 0.764531 0.059877 0.110283
0 0.594852 0.485842 0.039172 0.110283
0 0.243145 0.617735 0.041970 0.117735
0 0.426413 0.762295 0.040291 0.111773
0 0.206771 0.353949 0.040851 0.114754
0 0.273363 0.759314 0.040851 0.111773
0 0.541690 0.486587 0.040291 0.111773
0 0.070229 0.619225 0.077784 0.108793
0 0.221041 0.767511 0.040291 0.113264
0 0.707331 0.625931 0.040291 0.113264
0 0.414941 0.353204 0.040851 0.116244
0 0.439284 0.489568 0.041410 0.111773
0 0.362619 0.353949 0.040291 0.114754
0 0.188864 0.900894 0.054281 0.114754
0 0.336318 0.486587 0.039172 0.108793
0 0.618635 0.356185 0.040851 0.116244
0 0.670677 0.353204 0.039731 0.113264
0 0.194460 0.626677 0.040851 0.114754
0 0.550923 0.616244 0.038612 0.111773
0 0.144096 0.625186 0.040851 0.114754
0 0.182988 0.489568 0.040291 0.114754
0 0.387801 0.489568 0.039172 0.111773
0 0.656407 0.627422 0.040291 0.113264
0 0.645215 0.492548 0.040291 0.111773
0 0.325406 0.763040 0.040851 0.113264
0 0.695299 0.488823 0.039731 0.113264
0 0.131505 0.488823 0.041410 0.113264
0 0.061556 0.899404 0.054841 0.111773
0 0.376609 0.763785 0.041410 0.111773
0 0.260492 0.356185 0.039731 0.116244
0 0.515949 0.353204 0.041410 0.116244
0 0.171517 0.760060 0.038612 0.110283
0 0.345551 0.616244 0.039731 0.111773
0 0.605484 0.626677 0.040291 0.111773
0 0.233912 0.488077 0.040291 0.111773
0 0.067431 0.490313 0.065473 0.110283
0 0.448237 0.616244 0.040291 0.111773
0 0.530218 0.764531 0.038612 0.113264
0 0.567991 0.352459 0.041410 0.114754
0 0.576385 0.897914 0.052602 0.114754
0 0.479855 0.762295 0.039731 0.111773
0 0.580582 0.768256 0.038612 0.108793
0 0.490487 0.490313 0.039731 0.110283
0 0.502238 0.626677 0.040851 0.111773
0 0.120313 0.763785 0.040291 0.111773
0 0.632625 0.766021 0.038612 0.110283
0 0.286514 0.485097 0.040291 0.111773
0 0.766928 0.899404 0.054281 0.111773
0 0.498601 0.548435 0.951315 0.885246
0 0.052882 0.353204 0.039731 0.113264
0 0.728316 0.766021 0.133744 0.113264
0 0.400951 0.628167 0.039731 0.111773
