0 0.224870 0.513333 0.033795 0.066667
0 0.532496 0.536667 0.033795 0.066667
0 0.203640 0.345833 0.029463 0.061667
0 0.691075 0.635833 0.047660 0.068333
0 0.208406 0.430833 0.030329 0.061667
0 0.271664 0.270833 0.030329 0.065000
0 0.506066 0.369167 0.031196 0.065000
0 0.288995 0.352500 0.032062 0.061667
0 0.185442 0.265833 0.031196 0.061667
0 0.500867 0.450000 1.000000 0.796667
0 0.165511 0.426667 0.032929 0.063333
0 0.228336 0.268333 0.032062 0.066667
0 0.513865 0.452500 0.031196 0.065000
0 0.314125 0.272500 0.032062 0.065000
0 0.576256 0.540000 0.031196 0.066667
0 0.332322 0.356667 0.032062 0.063333
0 0.592288 0.375833 0.032062 0.065000
0 0.181109 0.510833 0.032929 0.065000
0 0.443241 0.283333 0.032062 0.066667
0 0.158146 0.344167 0.032062 0.065000
0 0.488302 0.532500 0.032062 0.068333
0 0.469237 0.449167 0.033795 0.065000
0 0.245234 0.350833 0.029463 0.065000
0 0.600520 0.459167 0.032929 0.065000
0 0.268198 0.517500 0.033795 0.068333
0 0.099653 0.259167 0.032929 0.065000
0 0.418111 0.363333 0.032062 0.063333
0 0.557192 0.455833 0.031196 0.065000
0 0.461872 0.366667 0.031196 0.063333
0 0.548527 0.372500 0.031196 0.065000
0 0.106153 0.343333 0.056326 0.070000
0 0.643414 0.460833 0.032062 0.065000
0 0.136049 0.506667 0.032929 0.066667
0 0.337955 0.441667 0.031196 0.063333
0 0.486135 0.285000 0.032929 0.066667
0 0.659879 0.546667 0.110052 0.066667
0 0.295061 0.437500 0.030329 0.065000
0 0.236135 0.048333 0.286828 0.093333
0 0.689341 0.426667 0.054593 0.150000
0 0.358319 0.277500 0.032062 0.065000
0 0.251733 0.431667 0.030329 0.060000
0 0.191075 0.595833 0.045927 0.065000
0 0.142981 0.261667 0.031196 0.063333
0 0.081023 0.590000 0.049393 0.063333
0 0.679809 0.300000 0.073657 0.066667
0 0.529896 0.289167 0.032062 0.065000
0 0.400347 0.280000 0.031196 0.066667
0 0.375217 0.360833 0.031196 0.065000
0 0.634749 0.380000 0.032062 0.066667
0 0.105719 0.425833 0.064125 0.065000
0 0.087955 0.507500 0.045927 0.065000
0 0.615685 0.295000 0.032062 0.063333
0 0.572790 0.292500 0.032929 0.065000
0 0.399480 0.526667 0.034662 0.066667
0 0.356153 0.523333 0.034662 0.066667
0 0.382582 0.443333 0.032062 0.063333
0 0.521231 0.621667 0.045927 0.066667
0 0.425477 0.446667 0.031196 0.063333
0 0.356153 0.617500 0.268631 0.095000
0 0.444541 0.529167 0.032929 0.068333
0 0.311958 0.520000 0.032929 0.066667
