0 0.224112 0.614837 0.041420 0.111789
0 0.573225 0.256098 0.041420 0.105691
0 0.595414 0.372967 0.041420 0.107724
0 0.482618 0.257114 0.042160 0.107724
0 0.550666 0.376016 0.042160 0.109756
0 0.088388 0.612805 0.042160 0.111789
0 0.625370 0.613821 0.120562 0.109756
0 0.042530 0.734756 0.068787 0.111789
0 0.325814 0.377033 0.040680 0.107724
0 0.112426 0.495935 0.041420 0.109756
0 0.049556 0.494919 0.078402 0.111789
0 0.516642 0.495935 0.040680 0.109756
0 0.606139 0.493902 0.040680 0.109756
0 0.030325 0.256098 0.041420 0.105691
0 0.448964 0.613821 0.041420 0.109756
0 0.212278 0.257114 0.041420 0.107724
0 0.392382 0.256098 0.040680 0.109756
0 0.100962 0.377033 0.042160 0.111789
0 0.257027 0.257114 0.040680 0.107724
0 0.370932 0.377033 0.040680 0.107724
0 0.427515 0.495935 0.041420 0.109756
0 0.268861 0.614837 0.042160 0.107724
0 0.538462 0.613821 0.041420 0.105691
0 0.653107 0.438008 0.062130 0.225610
0 0.313979 0.615854 0.042160 0.109756
0 0.382027 0.495935 0.040680 0.109756
0 0.134615 0.614837 0.041420 0.107724
0 0.416050 0.376016 0.040680 0.105691
0 0.347633 0.257114 0.041420 0.107724
0 0.166790 0.255081 0.042160 0.107724
0 0.505547 0.376016 0.040680 0.109756
0 0.076923 0.257114 0.041420 0.107724
0 0.319527 0.735772 0.257396 0.105691
0 0.598373 0.736789 0.065089 0.111789
0 0.163092 0.736789 0.055473 0.111789
0 0.437500 0.257114 0.042160 0.107724
0 0.358728 0.614837 0.041420 0.107724
0 0.236317 0.377033 0.042160 0.107724
0 0.478550 0.735772 0.053254 0.109756
0 0.280695 0.376016 0.040680 0.109756
0 0.157544 0.495935 0.041420 0.109756
0 0.146450 0.376016 0.041420 0.109756
0 0.291790 0.494919 0.040680 0.107724
0 0.500740 0.515244 1.000000 0.973577
0 0.037352 0.614837 0.055473 0.111789
0 0.527737 0.257114 0.040680 0.107724
0 0.191198 0.376016 0.042160 0.109756
0 0.460799 0.376016 0.041420 0.109756
0 0.641642 0.256098 0.085059 0.109756
0 0.403846 0.613821 0.041420 0.109756
0 0.178994 0.614837 0.041420 0.107724
0 0.202293 0.495935 0.040680 0.109756
0 0.247411 0.495935 0.042160 0.109756
0 0.471893 0.495935 0.041420 0.109756
0 0.494083 0.614837 0.041420 0.107724
0 0.561760 0.495935 0.042160 0.109756
0 0.337278 0.496951 0.041420 0.107724
0 0.042899 0.375000 0.066568 0.111789
0 0.302885 0.257114 0.040680 0.107724
0 0.121672 0.257114 0.042160 0.107724
