0 0.190252 0.726415 0.039308 0.101887
0 0.038522 0.727358 0.039308 0.100000
0 0.500786 0.539623 1.000000 0.924528
0 0.017689 0.608491 0.033805 0.107547
0 0.556604 0.486792 0.037736 0.101887
0 0.619497 0.546226 0.069182 0.228302
0 0.020833 0.611321 0.040094 0.101887
0 0.139544 0.727358 0.040094 0.103774
0 0.165487 0.605660 0.036950 0.098113
0 0.576258 0.854717 0.055031 0.109434
0 0.606525 0.366038 0.088836 0.098113
0 0.240566 0.727358 0.042453 0.103774
0 0.017296 0.486792 0.033019 0.101887
0 0.278695 0.366038 0.038522 0.101887
0 0.010613 0.365094 0.019654 0.100000
0 0.418632 0.606604 0.038522 0.100000
0 0.038522 0.854717 0.044025 0.109434
0 0.051494 0.486792 0.044811 0.109434
0 0.469340 0.608491 0.037736 0.100000
0 0.076651 0.366038 0.041667 0.105660
0 0.026730 0.365094 0.039308 0.103774
0 0.153302 0.484906 0.039308 0.101887
0 0.380110 0.366981 0.040094 0.103774
0 0.388365 0.853774 0.051887 0.107547
0 0.291274 0.726415 0.040094 0.101887
0 0.011792 0.489623 0.022013 0.111321
0 0.209513 0.875472 0.283805 0.158491
0 0.430425 0.366981 0.040094 0.103774
0 0.215409 0.607547 0.039308 0.101887
0 0.010220 0.364151 0.018868 0.098113
0 0.531840 0.365094 0.038522 0.100000
0 0.587657 0.730189 0.131289 0.101887
0 0.443396 0.728302 0.037736 0.098113
0 0.506682 0.486792 0.038522 0.101887
0 0.316824 0.606604 0.036164 0.100000
0 0.011006 0.727358 0.020440 0.100000
0 0.329403 0.367925 0.040881 0.105660
0 0.012579 0.729245 0.023585 0.100000
0 0.014937 0.854717 0.028302 0.113208
0 0.231132 0.376415 0.039308 0.103774
0 0.355346 0.484906 0.037736 0.098113
0 0.304245 0.485849 0.039308 0.100000
0 0.063679 0.609434 0.042453 0.109434
0 0.367531 0.606604 0.038522 0.100000
0 0.253538 0.485849 0.036950 0.100000
0 0.178459 0.366038 0.040881 0.105660
0 0.406447 0.486792 0.039308 0.098113
0 0.089230 0.728302 0.041667 0.101887
0 0.128145 0.366038 0.039308 0.101887
0 0.569182 0.606604 0.037736 0.100000
0 0.493318 0.730189 0.040094 0.101887
0 0.391903 0.727358 0.038522 0.100000
0 0.342374 0.728302 0.041667 0.101887
0 0.519261 0.607547 0.038522 0.101887
0 0.266509 0.605660 0.039308 0.101887
0 0.456761 0.485849 0.037736 0.100000
0 0.481132 0.367925 0.040881 0.101887
0 0.204009 0.484906 0.036950 0.098113
0 0.102987 0.487736 0.042453 0.107547
0 0.114780 0.608491 0.042453 0.107547
