0 0.440037 0.895652 0.348708 0.182609
0 0.297048 0.717391 0.066421 0.147826
0 0.626384 0.547826 0.064576 0.147826
0 0.206642 0.213043 0.066421 0.147826
0 0.352399 0.213043 0.066421 0.147826
0 0.261070 0.547826 0.064576 0.147826
0 0.773063 0.547826 0.066421 0.147826
0 0.943727 0.547826 0.116236 0.147826
0 0.719557 0.213043 0.066421 0.147826
0 0.846863 0.547826 0.066421 0.147826
0 0.406827 0.547826 0.064576 0.147826
0 0.189114 0.547826 0.064576 0.147826
0 0.664207 0.900000 0.084871 0.173913
0 0.608856 0.380435 0.066421 0.143478
0 0.954797 0.210870 0.094096 0.152174
0 0.018450 0.210870 0.033210 0.152174
0 0.479705 0.547826 0.066421 0.147826
0 0.903137 0.378261 0.068266 0.147826
0 0.809963 0.717391 0.066421 0.147826
0 0.501845 0.504348 1.000000 1.000000
0 0.060886 0.213043 0.066421 0.147826
0 0.552583 0.547826 0.064576 0.147826
0 0.747232 0.900000 0.066421 0.173913
0 0.029520 0.380435 0.055351 0.152174
0 0.281365 0.213043 0.064576 0.147826
0 0.225092 0.717391 0.066421 0.147826
0 0.154982 0.717391 0.066421 0.147826
0 0.019373 0.895652 0.035055 0.173913
0 0.500000 0.213043 0.066421 0.147826
0 0.754613 0.378261 0.066421 0.147826
0 0.390221 0.380435 0.064576 0.143478
0 0.588561 0.717391 0.066421 0.147826
0 0.681734 0.380435 0.064576 0.143478
0 0.736162 0.717391 0.066421 0.147826
0 0.370849 0.715217 0.066421 0.143478
0 0.535055 0.380435 0.066421 0.152174
0 0.214945 0.895652 0.086716 0.173913
0 0.316421 0.380435 0.064576 0.143478
0 0.038745 0.545652 0.073801 0.152174
0 0.426199 0.213043 0.066421 0.147826
0 0.462177 0.380435 0.064576 0.143478
0 0.866236 0.208696 0.064576 0.147826
0 0.516605 0.715217 0.066421 0.143478
0 0.645756 0.213043 0.066421 0.147826
0 0.925277 0.719565 0.153137 0.152174
0 0.243542 0.382609 0.066421 0.147826
0 0.096863 0.380435 0.068266 0.152174
0 0.662362 0.717391 0.066421 0.147826
0 0.134686 0.213043 0.066421 0.147826
0 0.333948 0.547826 0.066421 0.147826
0 0.700185 0.547826 0.064576 0.147826
0 0.792435 0.213043 0.068266 0.147826
0 0.442804 0.715217 0.066421 0.143478
0 0.058118 0.715217 0.112546 0.152174
0 0.115314 0.547826 0.064576 0.147826
0 0.571956 0.213043 0.066421 0.147826
0 0.170664 0.378261 0.064576 0.147826
0 0.974170 0.380435 0.055351 0.152174
0 0.828413 0.378261 0.066421 0.147826
