0 0.375343 0.747253 0.032280 0.043956
0 0.347184 0.652015 0.033654 0.043956
0 0.411401 0.746337 0.032967 0.043956
0 0.430288 0.793498 0.033654 0.044872
0 0.358516 0.793956 0.032967 0.043956
0 0.483516 0.746337 0.031593 0.043956
0 0.366071 0.701007 0.032967 0.044872
0 0.474245 0.699634 0.032280 0.043956
0 0.123970 0.653388 0.033654 0.043040
0 0.510302 0.699634 0.031593 0.043956
0 0.227335 0.841575 0.042582 0.043956
0 0.626717 0.700549 0.050137 0.043956
0 0.322115 0.793956 0.032967 0.043956
0 0.612637 0.746337 0.076923 0.043956
0 0.182349 0.701465 0.035027 0.045788
0 0.302541 0.747711 0.032280 0.043040
0 0.212912 0.795330 0.032967 0.043040
0 0.394231 0.793040 0.032967 0.043956
0 0.135989 0.701465 0.050824 0.045788
0 0.361607 0.840201 0.223214 0.044872
0 0.630151 0.840201 0.041896 0.043040
0 0.338942 0.747711 0.033654 0.043040
0 0.199863 0.653846 0.034341 0.043956
0 0.447459 0.746337 0.032280 0.043956
0 0.546016 0.699634 0.032967 0.043956
0 0.292926 0.700549 0.033654 0.043956
0 0.501030 0.792125 0.032280 0.042125
0 0.518887 0.746795 0.032280 0.044872
0 0.528159 0.652473 0.032967 0.043040
0 0.329670 0.700549 0.032967 0.043956
0 0.384272 0.653388 0.033654 0.044872
0 0.492445 0.652015 0.032967 0.043956
0 0.138049 0.845696 0.049451 0.050366
0 0.465659 0.792582 0.031593 0.044872
0 0.219437 0.701007 0.033654 0.044872
0 0.134615 0.796703 0.042582 0.043956
0 0.256525 0.701007 0.033654 0.044872
0 0.249313 0.795788 0.034341 0.043956
0 0.402816 0.700092 0.032280 0.044872
0 0.273695 0.652473 0.033654 0.043040
0 0.581387 0.698718 0.032280 0.043956
0 0.511332 0.724817 0.834478 0.319597
0 0.420330 0.653388 0.032967 0.044872
0 0.285371 0.794872 0.033654 0.043956
0 0.563874 0.651557 0.031593 0.043040
0 0.143201 0.749084 0.061126 0.045788
0 0.175824 0.796703 0.034341 0.045788
0 0.536745 0.792582 0.032280 0.043040
0 0.616758 0.652473 0.067308 0.043040
0 0.229739 0.748626 0.033654 0.044872
0 0.193338 0.748168 0.033654 0.043956
0 0.310440 0.653388 0.034341 0.044872
0 0.554602 0.746337 0.032280 0.043956
0 0.162431 0.654304 0.035027 0.044872
0 0.497253 0.840201 0.042582 0.044872
0 0.456731 0.653388 0.032967 0.044872
0 0.438874 0.699176 0.031593 0.043040
0 0.266484 0.748168 0.032967 0.043956
0 0.236264 0.653846 0.034341 0.043956
0 0.603022 0.793040 0.093407 0.045788
