0 0.458828 0.624670 0.028932 0.056728
0 0.478116 0.552770 0.028932 0.055409
0 0.221810 0.701187 0.029674 0.059367
0 0.011869 0.857520 0.022255 0.063325
0 0.538947 0.553430 0.068991 0.056728
0 0.509644 0.695251 0.028190 0.058047
0 0.138353 0.701847 0.030415 0.058047
0 0.200297 0.774406 0.031157 0.060686
0 0.244807 0.850923 0.252226 0.065963
0 0.356083 0.554090 0.029674 0.058047
0 0.087537 0.852243 0.043027 0.060686
0 0.449184 0.769129 0.028932 0.058047
0 0.468472 0.697230 0.028932 0.059367
0 0.212537 0.628628 0.028932 0.056728
0 0.377226 0.625330 0.028932 0.055409
0 0.115356 0.775066 0.030415 0.059367
0 0.015950 0.705805 0.030415 0.058047
0 0.427671 0.699208 0.028932 0.058047
0 0.315653 0.556728 0.030415 0.058047
0 0.053783 0.703826 0.031899 0.059367
0 0.525593 0.770449 0.100148 0.058047
0 0.325668 0.772427 0.029674 0.059367
0 0.264095 0.699868 0.029674 0.059367
0 0.072700 0.777704 0.031157 0.059367
0 0.295623 0.628628 0.030415 0.056728
0 0.023739 0.557388 0.029674 0.056728
0 0.013353 0.633245 0.025223 0.060686
0 0.409125 0.771768 0.027448 0.055409
0 0.043769 0.629288 0.031157 0.060686
0 0.336424 0.625330 0.028932 0.055409
0 0.180267 0.701847 0.029674 0.058047
0 0.284496 0.773747 0.030415 0.059367
0 0.171736 0.629288 0.028932 0.058047
0 0.011128 0.781003 0.020772 0.058047
0 0.549703 0.660950 0.050445 0.134565
0 0.417656 0.625989 0.028190 0.056728
0 0.087908 0.627968 0.028932 0.055409
0 0.367582 0.771108 0.028932 0.056728
0 0.304896 0.699868 0.028190 0.059367
0 0.401335 0.844987 0.041543 0.059367
0 0.234050 0.556069 0.030415 0.056728
0 0.273739 0.555409 0.029674 0.058047
0 0.151706 0.557388 0.028932 0.056728
0 0.130193 0.629288 0.030415 0.058047
0 0.108680 0.556728 0.030415 0.058047
0 0.157641 0.775066 0.030415 0.059367
0 0.241840 0.774406 0.031157 0.060686
0 0.192136 0.556069 0.029674 0.056728
0 0.096439 0.703826 0.031157 0.059367
0 0.396884 0.552111 0.029674 0.056728
0 0.557864 0.844327 0.043027 0.060686
0 0.459941 0.672823 0.918398 0.580475
0 0.066395 0.557388 0.030415 0.056728
0 0.498516 0.624011 0.029674 0.058047
0 0.254451 0.627968 0.029674 0.058047
0 0.386869 0.697889 0.028932 0.058047
0 0.028932 0.779024 0.031157 0.059367
0 0.346068 0.698549 0.028932 0.059367
0 0.437315 0.553430 0.030415 0.056728
0 0.007789 0.558707 0.014095 0.056728
