0 0.547055 0.130566 0.062288 0.067925
0 0.910291 0.280377 0.145565 0.068679
0 0.064997 0.203774 0.109682 0.067925
0 0.749831 0.129811 0.062965 0.067925
0 0.514557 0.056604 0.063643 0.069434
0 0.084970 0.279623 0.146919 0.068679
0 0.411984 0.130943 0.061611 0.067170
0 0.816858 0.130189 0.064320 0.068679
0 0.498307 0.822264 0.514557 0.156226
0 0.615437 0.130566 0.062288 0.067925
0 0.632024 0.205660 0.061611 0.068679
0 0.225457 0.206038 0.062288 0.067925
0 0.851726 0.055472 0.063643 0.068679
0 0.716994 0.056226 0.064997 0.068679
0 0.326676 0.280755 0.062965 0.067925
0 0.446513 0.056226 0.064320 0.070189
0 0.158429 0.205283 0.060934 0.067925
0 0.277251 0.131321 0.062965 0.069434
0 0.109005 0.055849 0.062288 0.067925
0 0.292823 0.205283 0.061611 0.067925
0 0.496615 0.205660 0.061611 0.067170
0 0.462085 0.280377 0.062965 0.067170
0 0.927894 0.205283 0.113067 0.067925
0 0.953284 0.130566 0.060934 0.066415
0 0.344617 0.130943 0.062288 0.068679
0 0.766418 0.205660 0.062288 0.067170
0 0.682126 0.130566 0.062965 0.067925
0 0.258971 0.280377 0.061611 0.067170
0 0.479689 0.130943 0.061611 0.068679
0 0.360528 0.206038 0.061611 0.067925
0 0.784699 0.056604 0.063643 0.067925
0 0.394719 0.280000 0.062288 0.067925
0 0.733582 0.280377 0.062965 0.067170
0 0.800271 0.280377 0.063643 0.065660
0 0.192959 0.280377 0.062288 0.067170
0 0.649289 0.056981 0.063643 0.068679
0 0.428233 0.205283 0.061611 0.067925
0 0.208531 0.129811 0.062288 0.069434
0 0.742045 0.360000 0.062288 0.076981
0 0.378131 0.056604 0.062965 0.069434
0 0.109682 0.359623 0.063643 0.076226
0 0.178064 0.359245 0.063643 0.075472
0 0.056534 0.129434 0.094110 0.068679
0 0.311104 0.056226 0.062965 0.068679
0 0.563981 0.205283 0.060934 0.067925
0 0.700068 0.206415 0.062288 0.067170
0 0.175694 0.055849 0.062965 0.069434
0 0.935680 0.056226 0.096141 0.067170
0 0.581923 0.056981 0.062965 0.068679
0 0.884563 0.129811 0.062965 0.067925
0 0.598172 0.280755 0.062965 0.067925
0 0.499323 0.209434 0.994584 0.414340
0 0.666892 0.360377 0.079892 0.076226
0 0.529790 0.280377 0.062965 0.067170
0 0.141165 0.129434 0.062965 0.068679
0 0.243399 0.055849 0.064320 0.069434
0 0.459716 0.359623 0.326337 0.079245
0 0.664861 0.280377 0.062288 0.067170
0 0.834462 0.205660 0.062965 0.067170
