0 0.469683 0.658708 0.280784 0.213483
0 0.568097 0.305478 0.052239 0.068820
0 0.303638 0.747893 0.058769 0.085674
0 0.550373 0.531601 0.059701 0.074438
0 0.225746 0.711376 0.055970 0.074438
0 0.099347 0.702247 0.105410 0.106742
0 0.180037 0.660112 0.052239 0.073034
0 0.282183 0.681180 0.053172 0.075843
0 0.154384 0.526685 0.049440 0.070225
0 0.751399 0.502809 0.099813 0.092697
0 0.390392 0.620787 0.062500 0.073034
0 0.341884 0.569522 0.056903 0.077247
0 0.776119 0.411517 0.089552 0.087079
0 0.233675 0.630618 0.055037 0.075843
0 0.516791 0.403792 0.055970 0.071629
0 0.040112 0.583567 0.055970 0.077247
0 0.173041 0.748596 0.053172 0.089888
0 0.716884 0.298455 0.051306 0.066011
0 0.335821 0.652388 0.057836 0.077247
0 0.121735 0.853230 0.081157 0.105337
0 0.258862 0.468399 0.051306 0.071629
0 0.605410 0.427669 0.054104 0.074438
0 0.143190 0.605337 0.055037 0.078652
0 0.466884 0.361657 0.045709 0.071629
0 0.447295 0.589185 0.058769 0.080056
0 0.756996 0.345506 0.051306 0.075843
0 0.418843 0.389747 0.050373 0.068820
0 0.499067 0.562500 0.055970 0.071629
0 0.708022 0.371489 0.055970 0.071629
0 0.357743 0.487360 0.056903 0.067416
0 0.618004 0.284410 0.049440 0.060393
0 0.252332 0.545646 0.055037 0.074438
0 0.666511 0.322331 0.056903 0.068820
0 0.739272 0.217697 0.097948 0.089888
0 0.606810 0.507022 0.053172 0.070225
0 0.617071 0.349017 0.055037 0.068820
0 0.070429 0.642556 0.086754 0.096910
0 0.791045 0.291433 0.104478 0.130618
0 0.103545 0.778090 0.076493 0.095506
0 0.566231 0.377107 0.055970 0.066011
0 0.098414 0.557584 0.051306 0.075843
0 0.500933 0.495084 1.000000 0.891854
0 0.308302 0.514747 0.051306 0.077247
0 0.395989 0.542135 0.055037 0.070225
0 0.195896 0.574438 0.055970 0.070225
0 0.657649 0.476826 0.054104 0.071629
0 0.667444 0.254916 0.049440 0.068820
0 0.657649 0.400983 0.055970 0.074438
0 0.465019 0.431882 0.055037 0.071629
0 0.205690 0.497893 0.056903 0.071629
0 0.363806 0.415730 0.055970 0.061798
0 0.503731 0.483146 0.054104 0.075843
0 0.709422 0.449438 0.055037 0.075843
0 0.450093 0.511236 0.053172 0.073034
0 0.287313 0.599017 0.057836 0.082865
0 0.311101 0.441011 0.053172 0.067416
0 0.517724 0.331461 0.052239 0.073034
0 0.629664 0.566011 0.057836 0.073034
0 0.553172 0.453652 0.054104 0.075843
0 0.412313 0.460674 0.055970 0.067416
