0 0.531170 0.505089 0.041985 0.040712
0 0.057252 0.465013 0.073791 0.044529
0 0.578880 0.414122 0.040712 0.036896
0 0.121501 0.465013 0.047074 0.041985
0 0.103053 0.419847 0.043257 0.038168
0 0.233461 0.510178 0.044529 0.043257
0 0.578880 0.504453 0.043257 0.041985
0 0.461196 0.554707 0.044529 0.043257
0 0.036896 0.564885 0.071247 0.048346
0 0.607506 0.458651 0.041985 0.039440
0 0.284351 0.509542 0.044529 0.041985
0 0.533079 0.414758 0.040712 0.038168
0 0.321247 0.461832 0.041985 0.040712
0 0.051527 0.419847 0.047074 0.040712
0 0.466285 0.460560 0.041985 0.038168
0 0.370865 0.461196 0.041985 0.039440
0 0.393766 0.416031 0.041985 0.038168
0 0.486641 0.416031 0.039440 0.038168
0 0.411578 0.555980 0.044529 0.043257
0 0.309160 0.557252 0.045802 0.043257
0 0.058524 0.513359 0.091603 0.044529
0 0.676209 0.550254 0.080153 0.041985
0 0.131043 0.512723 0.045802 0.043257
0 0.270992 0.463104 0.045802 0.040712
0 0.199746 0.418575 0.043257 0.038168
0 0.560433 0.458651 0.041985 0.039440
0 0.334606 0.507634 0.043257 0.040712
0 0.256997 0.559160 0.048346 0.044529
0 0.034351 0.618321 0.066158 0.048346
0 0.151399 0.419211 0.043257 0.039440
0 0.248092 0.417303 0.043257 0.038168
0 0.610051 0.551527 0.044529 0.041985
0 0.654580 0.457379 0.041985 0.039440
0 0.360051 0.555980 0.045802 0.043257
0 0.513359 0.459288 0.041985 0.038168
0 0.695929 0.412214 0.091603 0.038168
0 0.434478 0.506361 0.041985 0.040712
0 0.418575 0.461196 0.043257 0.039440
0 0.199746 0.612595 0.048346 0.047074
0 0.625318 0.413486 0.041985 0.038168
0 0.515267 0.604326 0.045802 0.045802
0 0.171756 0.463740 0.045802 0.041985
0 0.357506 0.608142 0.254453 0.050891
0 0.221374 0.463740 0.045802 0.041985
0 0.101781 0.564249 0.045802 0.044529
0 0.345420 0.416031 0.041985 0.038168
0 0.482824 0.505089 0.041985 0.040712
0 0.675573 0.502545 0.043257 0.040712
0 0.181934 0.511450 0.045802 0.043257
0 0.560433 0.552799 0.044529 0.041985
0 0.206107 0.560433 0.045802 0.044529
0 0.153944 0.562341 0.045802 0.043257
0 0.633588 0.601781 0.083969 0.045802
0 0.627226 0.503817 0.043257 0.040712
0 0.440204 0.416031 0.040712 0.038168
0 0.297074 0.416667 0.041985 0.039440
0 0.385496 0.507634 0.043257 0.040712
0 0.496819 0.501272 0.991094 0.320611
0 0.718830 0.478372 0.078880 0.086514
0 0.510814 0.552799 0.044529 0.041985
