0 0.160000 0.373065 0.044000 0.139319
0 0.122500 0.537152 0.045000 0.139319
0 0.616000 0.357585 0.046000 0.139319
0 0.463500 0.360681 0.043000 0.139319
0 0.581500 0.520124 0.045000 0.142415
0 0.311000 0.366873 0.044000 0.139319
0 0.411500 0.363777 0.045000 0.139319
0 0.089000 0.226006 0.046000 0.136223
0 0.531500 0.523220 0.045000 0.142415
0 0.667000 0.354489 0.046000 0.139319
0 0.248500 0.695046 0.045000 0.145511
0 0.479500 0.521672 0.045000 0.145511
0 0.096500 0.701238 0.047000 0.145511
0 0.499000 0.486068 0.996000 0.965944
0 0.538000 0.202786 0.046000 0.139319
0 0.560000 0.687307 0.046000 0.142415
0 0.507500 0.687307 0.045000 0.148607
0 0.682000 0.678019 0.082000 0.148607
0 0.172500 0.534056 0.045000 0.139319
0 0.487500 0.202786 0.045000 0.139319
0 0.236000 0.213622 0.044000 0.136223
0 0.356000 0.869969 0.254000 0.154799
0 0.186000 0.218266 0.046000 0.139319
0 0.403500 0.688854 0.045000 0.145511
0 0.037500 0.704334 0.065000 0.139319
0 0.197500 0.698142 0.045000 0.145511
0 0.427500 0.524768 0.045000 0.145511
0 0.053500 0.538700 0.085000 0.142415
0 0.634500 0.518576 0.045000 0.139319
0 0.300500 0.691950 0.045000 0.145511
0 0.611500 0.684211 0.047000 0.142415
0 0.034000 0.868421 0.066000 0.151703
0 0.209500 0.371517 0.045000 0.142415
0 0.685500 0.517028 0.045000 0.142415
0 0.040500 0.227554 0.043000 0.133127
0 0.387000 0.208978 0.044000 0.139319
0 0.336500 0.208978 0.045000 0.139319
0 0.565000 0.357585 0.044000 0.139319
0 0.632000 0.852941 0.088000 0.151703
0 0.509500 0.857585 0.047000 0.148607
0 0.324500 0.527864 0.043000 0.139319
0 0.285500 0.210526 0.045000 0.136223
0 0.717000 0.195046 0.098000 0.136223
0 0.048500 0.379257 0.069000 0.139319
0 0.436500 0.205882 0.045000 0.139319
0 0.148000 0.699690 0.044000 0.142415
0 0.455000 0.688854 0.046000 0.145511
0 0.361500 0.366873 0.045000 0.139319
0 0.274000 0.529412 0.044000 0.142415
0 0.513500 0.357585 0.045000 0.139319
0 0.734000 0.434985 0.076000 0.300310
0 0.138000 0.221362 0.044000 0.133127
0 0.223000 0.532508 0.044000 0.142415
0 0.351500 0.688854 0.047000 0.145511
0 0.376000 0.526316 0.044000 0.142415
0 0.260500 0.369969 0.045000 0.139319
0 0.588500 0.201238 0.045000 0.136223
0 0.639000 0.201238 0.044000 0.136223
0 0.110500 0.377709 0.047000 0.142415
0 0.195000 0.866873 0.046000 0.148607
