0 0.536875 0.503750 0.041250 0.040000
0 0.071250 0.464375 0.072500 0.043750
0 0.583750 0.414375 0.040000 0.036250
0 0.134375 0.464375 0.046250 0.041250
0 0.116250 0.420000 0.042500 0.037500
0 0.244375 0.508750 0.043750 0.042500
0 0.583750 0.503125 0.042500 0.041250
0 0.468125 0.552500 0.043750 0.042500
0 0.051250 0.562500 0.070000 0.047500
0 0.611875 0.458125 0.041250 0.038750
0 0.294375 0.508125 0.043750 0.041250
0 0.538750 0.415000 0.040000 0.037500
0 0.330625 0.461250 0.041250 0.040000
0 0.065625 0.420000 0.046250 0.040000
0 0.473125 0.460000 0.041250 0.037500
0 0.379375 0.460625 0.041250 0.038750
0 0.401875 0.416250 0.041250 0.037500
0 0.493125 0.416250 0.038750 0.037500
0 0.419375 0.553750 0.043750 0.042500
0 0.318750 0.555000 0.045000 0.042500
0 0.072500 0.511875 0.090000 0.043750
0 0.679375 0.548125 0.078750 0.041250
0 0.143750 0.511250 0.045000 0.042500
0 0.281250 0.462500 0.045000 0.040000
0 0.211250 0.418750 0.042500 0.037500
0 0.565625 0.458125 0.041250 0.038750
0 0.343750 0.506250 0.042500 0.040000
0 0.267500 0.556875 0.047500 0.043750
0 0.042500 0.615000 0.077500 0.047500
0 0.163750 0.419375 0.042500 0.038750
0 0.258750 0.417500 0.042500 0.037500
0 0.614375 0.549375 0.043750 0.041250
0 0.658125 0.456875 0.041250 0.038750
0 0.368750 0.553750 0.045000 0.042500
0 0.519375 0.458750 0.041250 0.037500
0 0.698750 0.412500 0.090000 0.037500
0 0.441875 0.505000 0.041250 0.040000
0 0.426250 0.460625 0.042500 0.038750
0 0.211250 0.609375 0.047500 0.046250
0 0.629375 0.413750 0.041250 0.037500
0 0.521250 0.601250 0.045000 0.045000
0 0.183750 0.463125 0.045000 0.041250
0 0.366250 0.605000 0.250000 0.050000
0 0.232500 0.463125 0.045000 0.041250
0 0.115000 0.561875 0.045000 0.043750
0 0.354375 0.416250 0.041250 0.037500
0 0.489375 0.503750 0.041250 0.040000
0 0.678750 0.501250 0.042500 0.040000
0 0.193750 0.510000 0.045000 0.042500
0 0.565625 0.550625 0.043750 0.041250
0 0.217500 0.558125 0.045000 0.043750
0 0.166250 0.560000 0.045000 0.042500
0 0.637500 0.598750 0.082500 0.045000
0 0.631250 0.502500 0.042500 0.040000
0 0.447500 0.416250 0.040000 0.037500
0 0.306875 0.416875 0.041250 0.038750
0 0.393750 0.506250 0.042500 0.040000
0 0.496875 0.500000 0.986250 0.315000
0 0.721250 0.477500 0.077500 0.085000
0 0.516875 0.550625 0.043750 0.041250
