0 0.296676 0.315327 0.026167 0.045226
0 0.578854 0.229899 0.043140 0.105528
0 0.521570 0.141332 0.024752 0.046482
0 0.570721 0.141960 0.056577 0.045226
0 0.480552 0.260678 0.024752 0.046482
0 0.239038 0.200377 0.025460 0.048995
0 0.558699 0.315955 0.083451 0.046482
0 0.150990 0.139447 0.024752 0.047739
0 0.186704 0.140075 0.025460 0.048995
0 0.272984 0.199749 0.025460 0.047739
0 0.582037 0.374372 0.045262 0.050251
0 0.414781 0.260050 0.024752 0.047739
0 0.373055 0.201005 0.024752 0.047739
0 0.169731 0.199121 0.025460 0.048995
0 0.245757 0.258166 0.024752 0.048995
0 0.481259 0.235553 0.818246 0.468593
0 0.406294 0.201633 0.024752 0.046482
0 0.288897 0.140704 0.024752 0.047739
0 0.464286 0.315955 0.024752 0.043970
0 0.177864 0.257538 0.026167 0.047739
0 0.422914 0.142588 0.025460 0.046482
0 0.255304 0.139447 0.024045 0.047739
0 0.204031 0.199749 0.026167 0.050251
0 0.505304 0.201633 0.024752 0.046482
0 0.497171 0.316583 0.025460 0.045226
0 0.130481 0.258794 0.051627 0.047739
0 0.127298 0.199121 0.041018 0.046482
0 0.488685 0.141960 0.025460 0.047739
0 0.538190 0.201005 0.025460 0.047739
0 0.364215 0.316583 0.025460 0.045226
0 0.472419 0.201633 0.024045 0.046482
0 0.389675 0.142588 0.025460 0.048995
0 0.337341 0.379397 0.198020 0.055276
0 0.431047 0.317211 0.024752 0.046482
0 0.322843 0.140704 0.024752 0.047739
0 0.464639 0.376256 0.043847 0.051508
0 0.280057 0.259422 0.025460 0.048995
0 0.313649 0.260050 0.024752 0.047739
0 0.381542 0.259422 0.024752 0.048995
0 0.356436 0.141960 0.025460 0.047739
0 0.305870 0.201005 0.024752 0.047739
0 0.546676 0.258794 0.025460 0.047739
0 0.339816 0.201005 0.024752 0.047739
0 0.211103 0.258794 0.024752 0.047739
0 0.220651 0.139447 0.025460 0.047739
0 0.120934 0.317211 0.035361 0.043970
0 0.159123 0.315955 0.026874 0.046482
0 0.209335 0.375628 0.043847 0.047739
0 0.193777 0.316583 0.025460 0.045226
0 0.446959 0.258794 0.024045 0.047739
0 0.513437 0.258794 0.025460 0.047739
0 0.122702 0.376884 0.045969 0.050251
0 0.455446 0.141332 0.025460 0.046482
0 0.439533 0.201005 0.024752 0.045226
0 0.118812 0.140075 0.024045 0.046482
0 0.262023 0.315955 0.026167 0.043970
0 0.330976 0.316583 0.026874 0.045226
0 0.228784 0.315955 0.026167 0.043970
0 0.347242 0.260050 0.024045 0.047739
0 0.397100 0.316583 0.026167 0.045226
