0 0.583333 0.219219 0.067460 0.066066
0 0.240741 0.409910 0.029101 0.069069
0 0.602844 0.559309 0.054894 0.070571
0 0.176587 0.497748 0.030423 0.064565
0 0.320106 0.405405 0.029101 0.066066
0 0.398810 0.400150 0.029101 0.067568
0 0.272487 0.322823 0.027778 0.066066
0 0.370370 0.231982 0.029101 0.067568
0 0.279762 0.406907 0.029101 0.066066
0 0.409392 0.228979 0.029101 0.064565
0 0.486111 0.225225 0.029101 0.066066
0 0.177910 0.243243 0.029101 0.066066
0 0.428902 0.315315 0.028439 0.066066
0 0.498347 0.478228 0.029762 0.064565
0 0.050595 0.591592 0.053571 0.072072
0 0.517857 0.392643 0.029101 0.067568
0 0.139881 0.247748 0.028439 0.063063
0 0.557209 0.389640 0.029762 0.067568
0 0.255291 0.239489 0.027778 0.064565
0 0.062500 0.251502 0.027116 0.064565
0 0.458995 0.478979 0.029101 0.063063
0 0.051587 0.505255 0.042328 0.064565
0 0.350529 0.318318 0.027778 0.066066
0 0.234458 0.327327 0.028439 0.066066
0 0.296627 0.489489 0.029762 0.066066
0 0.447751 0.226727 0.029101 0.066066
0 0.574074 0.473724 0.103175 0.067568
0 0.256944 0.490991 0.029762 0.066066
0 0.137235 0.499249 0.031085 0.064565
0 0.096892 0.503003 0.032407 0.066066
0 0.293651 0.237237 0.027778 0.066066
0 0.068783 0.421171 0.060847 0.067568
0 0.161376 0.415165 0.029101 0.067568
0 0.525132 0.221471 0.027778 0.064565
0 0.150794 0.586336 0.054233 0.070571
0 0.216601 0.240991 0.028439 0.064565
0 0.359127 0.400901 0.027778 0.069069
0 0.477844 0.395646 0.028439 0.067568
0 0.506944 0.309309 0.028439 0.066066
0 0.458664 0.568318 0.052249 0.070571
0 0.337632 0.487988 0.029762 0.066066
0 0.377976 0.483483 0.029762 0.066066
0 0.467262 0.312312 0.028439 0.066066
0 0.200728 0.411411 0.028439 0.069069
0 0.304563 0.578078 0.238757 0.075075
0 0.438492 0.398649 0.027778 0.067568
0 0.389881 0.317568 0.028439 0.064565
0 0.216270 0.495495 0.030423 0.066066
0 0.331680 0.233483 0.028439 0.064565
0 0.122685 0.419670 0.029762 0.067568
0 0.195437 0.329580 0.028439 0.067568
0 0.544974 0.307057 0.029101 0.067568
0 0.069444 0.336336 0.047619 0.066066
0 0.487765 0.386637 0.974206 0.701201
0 0.156415 0.331832 0.029762 0.066066
0 0.101852 0.250751 0.029101 0.063063
0 0.311508 0.322072 0.027778 0.067568
0 0.117394 0.334084 0.029762 0.067568
0 0.595569 0.343844 0.052249 0.153153
0 0.418651 0.481982 0.029101 0.066066
