0 0.336043 0.489899 0.033072 0.050505
0 0.076233 0.369108 0.032511 0.047980
0 0.315583 0.550505 0.033632 0.050505
0 0.578756 0.463384 0.054372 0.117003
0 0.139013 0.606481 0.052691 0.051347
0 0.189462 0.369529 0.032511 0.048822
0 0.246076 0.428451 0.032511 0.050505
0 0.169002 0.426768 0.031951 0.048822
0 0.151345 0.368687 0.032511 0.048822
0 0.325112 0.429714 0.033632 0.051347
0 0.121917 0.545455 0.033072 0.048822
0 0.365191 0.429293 0.034193 0.050505
0 0.198150 0.548822 0.033072 0.050505
0 0.355942 0.552189 0.033632 0.052189
0 0.207399 0.428451 0.033632 0.050505
0 0.256166 0.489057 0.032511 0.048822
0 0.385090 0.368687 0.034753 0.050505
0 0.285594 0.428872 0.033072 0.049663
0 0.227859 0.370791 0.033072 0.049663
0 0.486547 0.430135 0.034753 0.052189
0 0.236827 0.549242 0.033072 0.049663
0 0.528027 0.430135 0.034753 0.052189
0 0.217489 0.487795 0.032511 0.049663
0 0.416760 0.490741 0.033072 0.050505
0 0.276065 0.549663 0.034193 0.050505
0 0.038957 0.368266 0.031951 0.046296
0 0.084361 0.544613 0.030830 0.048822
0 0.296244 0.489057 0.033072 0.048822
0 0.376121 0.490320 0.033632 0.051347
0 0.507848 0.367845 0.033632 0.050505
0 0.285594 0.612795 0.234865 0.058923
0 0.568666 0.370370 0.073430 0.050505
0 0.305493 0.369529 0.032511 0.048822
0 0.047085 0.427189 0.048206 0.047980
0 0.103980 0.485690 0.031951 0.048822
0 0.093610 0.425926 0.033632 0.050505
0 0.051850 0.486953 0.059978 0.047980
0 0.426289 0.367845 0.035314 0.050505
0 0.477859 0.552609 0.035314 0.051347
0 0.159753 0.546296 0.032511 0.050505
0 0.179372 0.486532 0.032511 0.048822
0 0.131446 0.426347 0.033072 0.049663
0 0.437220 0.551768 0.034753 0.049663
0 0.455998 0.467172 0.900785 0.400673
0 0.445628 0.429293 0.033632 0.050505
0 0.041200 0.543771 0.040919 0.048822
0 0.044283 0.602694 0.053812 0.052189
0 0.552130 0.554714 0.100897 0.052189
0 0.498599 0.490741 0.034193 0.050505
0 0.457399 0.491582 0.033632 0.050505
0 0.141256 0.485690 0.031390 0.048822
0 0.434137 0.615741 0.055493 0.056397
0 0.396581 0.552189 0.033072 0.052189
0 0.114070 0.368687 0.031951 0.047138
0 0.267096 0.369529 0.033072 0.050505
0 0.405549 0.430135 0.034193 0.050505
0 0.577915 0.616582 0.057175 0.053030
0 0.539238 0.490741 0.034753 0.050505
0 0.344731 0.368687 0.033632 0.050505
0 0.466368 0.368687 0.034753 0.048822
