0 0.496875 0.479630 0.981250 0.544444
0 0.400521 0.326852 0.048958 0.075926
0 0.218750 0.414815 0.050000 0.077778
0 0.701042 0.491667 0.047917 0.075926
0 0.582292 0.407407 0.050000 0.077778
0 0.440625 0.496296 0.047917 0.077778
0 0.294271 0.329630 0.046875 0.074074
0 0.346875 0.327778 0.047917 0.074074
0 0.243229 0.328704 0.046875 0.075926
0 0.452083 0.327778 0.047917 0.077778
0 0.744792 0.446296 0.054167 0.170370
0 0.043750 0.585185 0.062500 0.077778
0 0.142187 0.333333 0.046875 0.077778
0 0.529687 0.410185 0.048958 0.075926
0 0.117708 0.417593 0.047917 0.075926
0 0.608333 0.324074 0.050000 0.077778
0 0.230729 0.497222 0.046875 0.075926
0 0.543750 0.493519 0.047917 0.075926
0 0.729688 0.321296 0.082292 0.075926
0 0.648438 0.491667 0.048958 0.075926
0 0.191667 0.330556 0.047917 0.075926
0 0.661458 0.321296 0.047917 0.075926
0 0.504687 0.326852 0.048958 0.075926
0 0.269271 0.412037 0.046875 0.075926
0 0.595833 0.493519 0.050000 0.075926
0 0.387500 0.493519 0.047917 0.072222
0 0.466667 0.578704 0.050000 0.075926
0 0.570833 0.576852 0.047917 0.075926
0 0.205208 0.579630 0.045833 0.074074
0 0.519271 0.578704 0.046875 0.075926
0 0.167187 0.413889 0.044792 0.075926
0 0.090104 0.335185 0.046875 0.077778
0 0.257812 0.579630 0.046875 0.074074
0 0.556771 0.325000 0.048958 0.079630
0 0.156250 0.581481 0.043750 0.074074
0 0.309375 0.579630 0.047917 0.074074
0 0.594271 0.658333 0.048958 0.079630
0 0.710938 0.573148 0.121875 0.079630
0 0.478125 0.409259 0.047917 0.074074
0 0.490625 0.660185 0.050000 0.079630
0 0.226042 0.662037 0.060417 0.079630
0 0.036458 0.335185 0.045833 0.074074
0 0.361979 0.579630 0.048958 0.077778
0 0.426042 0.412037 0.047917 0.075926
0 0.282813 0.497222 0.046875 0.075926
0 0.688021 0.407407 0.048958 0.077778
0 0.049479 0.664815 0.073958 0.081481
0 0.492188 0.493519 0.048958 0.075926
0 0.104688 0.582407 0.048958 0.075926
0 0.361458 0.662963 0.200000 0.077778
0 0.056250 0.499074 0.085417 0.075926
0 0.374479 0.412037 0.046875 0.075926
0 0.129688 0.499074 0.044792 0.075926
0 0.333854 0.494444 0.046875 0.074074
0 0.635417 0.408333 0.050000 0.079630
0 0.179167 0.497222 0.045833 0.075926
0 0.050521 0.417593 0.071875 0.075926
0 0.414583 0.578704 0.047917 0.075926
0 0.622396 0.575926 0.048958 0.077778
0 0.321875 0.412037 0.047917 0.075926
