0 0.293333 0.677133 0.086667 0.133886
0 0.202000 0.677725 0.085333 0.135071
0 0.875000 0.811019 0.084667 0.133886
0 0.385000 0.675355 0.087333 0.135071
0 0.988000 0.670024 0.020000 0.126777
0 0.109333 0.832938 0.138667 0.135071
0 0.522333 0.529028 0.084667 0.136256
0 0.083667 0.236967 0.080667 0.132701
0 0.703333 0.523697 0.085333 0.132701
0 0.543333 0.235782 0.085333 0.130332
0 0.222667 0.384479 0.085333 0.136256
0 0.314000 0.380924 0.088000 0.136256
0 0.177000 0.238152 0.083333 0.135071
0 0.408000 0.382701 0.088000 0.132701
0 0.770000 0.377962 0.085333 0.135071
0 0.747667 0.670616 0.083333 0.132701
0 0.452000 0.238152 0.086667 0.135071
0 0.857333 0.376777 0.081333 0.130332
0 0.421667 0.821090 0.112667 0.135071
0 0.792667 0.526066 0.082667 0.137441
0 0.246333 0.530213 0.084667 0.133886
0 0.502000 0.504739 0.996000 0.945498
0 0.107000 0.385664 0.131333 0.136256
0 0.813000 0.234005 0.082000 0.129147
0 0.655333 0.816943 0.344000 0.136256
0 0.680000 0.380332 0.086667 0.135071
0 0.972667 0.234005 0.048000 0.126777
0 0.901000 0.234597 0.082000 0.127962
0 0.611667 0.524289 0.083333 0.133886
0 0.360000 0.235782 0.086667 0.135071
0 0.498667 0.382109 0.086667 0.133886
0 0.568667 0.672986 0.086667 0.135071
0 0.589667 0.380332 0.086000 0.132701
0 0.338000 0.529621 0.088000 0.135071
0 0.478000 0.673578 0.085333 0.133886
0 0.268333 0.236374 0.086000 0.136256
0 0.658667 0.671209 0.086667 0.133886
0 0.945000 0.376185 0.083333 0.129147
0 0.097333 0.684834 0.109333 0.142180
0 0.962667 0.521327 0.065333 0.127962
0 0.634000 0.232820 0.086667 0.133886
0 0.881000 0.521919 0.080667 0.131517
0 0.431000 0.527844 0.086000 0.131517
0 0.119000 0.532583 0.155333 0.138626
0 0.924333 0.664100 0.080667 0.126777
0 0.836333 0.669431 0.084667 0.135071
0 0.725667 0.232820 0.083333 0.131517
