0 0.122426 0.547264 0.050343 0.114428
0 0.438787 0.669154 0.051487 0.109453
0 0.424485 0.298507 0.050343 0.109453
0 0.237414 0.544776 0.049199 0.109453
0 0.064645 0.547264 0.049199 0.114428
0 0.575515 0.796020 0.050343 0.114428
0 0.338673 0.421642 0.050343 0.111940
0 0.252288 0.299751 0.049199 0.106965
0 0.151030 0.671642 0.050343 0.109453
0 0.410183 0.542289 0.049199 0.109453
0 0.013158 0.297264 0.024027 0.106965
0 0.480549 0.298507 0.050343 0.109453
0 0.281465 0.421642 0.050343 0.106965
0 0.322082 0.798507 0.216247 0.124378
0 0.049771 0.422886 0.053776 0.114428
0 0.179634 0.546020 0.050343 0.111940
0 0.677918 0.419154 0.049199 0.106965
0 0.020595 0.422886 0.038902 0.114428
0 0.495995 0.670398 0.046911 0.101990
0 0.501144 0.513682 1.000000 0.753731
0 0.092677 0.672886 0.050343 0.111940
0 0.579519 0.542289 0.046911 0.109453
0 0.381007 0.666667 0.050343 0.109453
0 0.173341 0.802239 0.067506 0.121891
0 0.310069 0.298507 0.050343 0.109453
0 0.452517 0.421642 0.049199 0.106965
0 0.224256 0.422886 0.050343 0.109453
0 0.021739 0.805970 0.041190 0.124378
0 0.592677 0.299751 0.050343 0.106965
0 0.648741 0.298507 0.048055 0.104478
0 0.109268 0.421642 0.051487 0.111940
0 0.552632 0.667910 0.045767 0.101990
0 0.462815 0.794776 0.051487 0.121891
0 0.565217 0.420398 0.048055 0.109453
0 0.208238 0.670398 0.050343 0.111940
0 0.323227 0.667910 0.051487 0.111940
0 0.368421 0.297264 0.050343 0.106965
0 0.266590 0.667910 0.050343 0.111940
0 0.466819 0.542289 0.048055 0.109453
0 0.524027 0.543532 0.048055 0.106965
0 0.394737 0.421642 0.050343 0.111940
0 0.137872 0.298507 0.051487 0.109453
0 0.722540 0.297264 0.083524 0.106965
0 0.034325 0.674129 0.052632 0.109453
0 0.692220 0.542289 0.048055 0.109453
0 0.536613 0.298507 0.050343 0.109453
0 0.621281 0.420398 0.050343 0.109453
0 0.608124 0.667910 0.046911 0.101990
0 0.352403 0.544776 0.050343 0.109453
0 0.636156 0.542289 0.048055 0.109453
0 0.024600 0.547264 0.046911 0.114428
0 0.195080 0.298507 0.049199 0.104478
0 0.737986 0.480100 0.057208 0.233831
0 0.017735 0.675373 0.033181 0.111940
0 0.080664 0.298507 0.051487 0.109453
0 0.704805 0.664179 0.125858 0.109453
0 0.167620 0.422886 0.051487 0.109453
0 0.294622 0.543532 0.049199 0.111940
0 0.024600 0.298507 0.046911 0.109453
0 0.508581 0.420398 0.049199 0.109453
