0 0.051977 0.366211 0.076135 0.058594
0 0.464129 0.369629 0.043924 0.057617
0 0.403001 0.304688 0.044656 0.058594
0 0.513909 0.370605 0.043924 0.057617
0 0.328697 0.238281 0.043924 0.056641
0 0.178624 0.237793 0.045388 0.057617
0 0.193265 0.431641 0.043924 0.056641
0 0.117862 0.366699 0.043924 0.057617
0 0.468521 0.499512 0.043924 0.061523
0 0.389458 0.432617 0.043924 0.056641
0 0.364568 0.368164 0.043924 0.056641
0 0.489385 0.435059 0.043192 0.055664
0 0.428624 0.240723 0.044656 0.057617
0 0.453514 0.305176 0.043192 0.057617
0 0.438873 0.433105 0.046120 0.057617
0 0.044290 0.300293 0.063690 0.057617
0 0.204612 0.302734 0.044656 0.058594
0 0.254392 0.303711 0.044656 0.058594
0 0.693997 0.241211 0.074671 0.056641
0 0.304173 0.302734 0.043192 0.056641
0 0.340044 0.432617 0.043192 0.056641
0 0.578697 0.241211 0.044656 0.056641
0 0.602123 0.306641 0.044656 0.058594
0 0.329063 0.497559 0.223280 0.061523
0 0.628843 0.242188 0.043924 0.056641
0 0.215959 0.367188 0.043924 0.058594
0 0.414348 0.369629 0.042460 0.057617
0 0.670205 0.435547 0.112006 0.056641
0 0.040630 0.430664 0.051977 0.058594
0 0.612738 0.371582 0.045388 0.057617
0 0.353953 0.303711 0.043192 0.058594
0 0.030015 0.235840 0.040996 0.057617
0 0.190337 0.497559 0.043924 0.059570
0 0.463397 0.356934 0.925329 0.434570
0 0.043924 0.496582 0.058565 0.063477
0 0.241947 0.431152 0.043192 0.057617
0 0.586384 0.435547 0.043924 0.056641
0 0.562958 0.371582 0.043924 0.057617
0 0.144583 0.431641 0.044656 0.056641
0 0.278551 0.238770 0.044656 0.055664
0 0.095168 0.430664 0.045388 0.056641
0 0.502562 0.305176 0.044656 0.057617
0 0.647877 0.306152 0.035139 0.057617
0 0.291362 0.432129 0.043924 0.057617
0 0.557467 0.500488 0.044656 0.059570
0 0.657394 0.371582 0.035139 0.057617
0 0.552343 0.306641 0.044656 0.058594
0 0.265739 0.367676 0.042460 0.057617
0 0.105051 0.301758 0.046120 0.058594
0 0.155198 0.302246 0.045388 0.059570
0 0.129209 0.237305 0.046120 0.058594
0 0.228770 0.237793 0.043192 0.057617
0 0.166911 0.367188 0.043924 0.058594
0 0.700220 0.339355 0.057833 0.125977
0 0.314422 0.367676 0.041728 0.057617
0 0.538067 0.434570 0.043924 0.056641
0 0.079063 0.237305 0.045388 0.058594
0 0.379209 0.239258 0.043924 0.056641
0 0.528917 0.240723 0.046120 0.057617
0 0.479136 0.240723 0.044656 0.057617
