0 0.264688 0.465000 0.039375 0.041667
0 0.248125 0.424167 0.040000 0.041667
0 0.490625 0.327083 0.037500 0.037500
0 0.481875 0.370417 0.037500 0.039167
0 0.223750 0.474167 0.040000 0.041667
0 0.167500 0.485000 0.066250 0.048333
0 0.262500 0.378333 0.037500 0.036667
0 0.142813 0.403750 0.034375 0.039167
0 0.367812 0.397500 0.038125 0.040000
0 0.575313 0.390833 0.038125 0.040000
0 0.519062 0.362083 0.038125 0.040833
0 0.417187 0.344583 0.036875 0.037500
0 0.646250 0.290417 0.060000 0.042500
0 0.411250 0.520417 0.190000 0.084167
0 0.222812 0.386667 0.038125 0.038333
0 0.345625 0.445833 0.038750 0.041667
0 0.646250 0.370833 0.033750 0.040000
0 0.453750 0.336250 0.037500 0.037500
0 0.296563 0.549583 0.040625 0.047500
0 0.563750 0.310000 0.037500 0.036667
0 0.332500 0.493333 0.040000 0.045000
0 0.378750 0.353333 0.036250 0.036667
0 0.443750 0.380417 0.037500 0.040833
0 0.162188 0.533750 0.045625 0.045833
0 0.289375 0.415833 0.038750 0.041667
0 0.625938 0.335833 0.031875 0.038333
0 0.555312 0.352917 0.038125 0.039167
0 0.168125 0.581667 0.053750 0.055000
0 0.328750 0.406667 0.038750 0.040000
0 0.462187 0.417917 0.038125 0.040833
0 0.524687 0.491250 0.041875 0.045833
0 0.412813 0.473333 0.039375 0.041667
0 0.492500 0.417083 0.768750 0.432500
0 0.668750 0.409167 0.093750 0.053333
0 0.567500 0.434583 0.040000 0.040833
0 0.406250 0.388750 0.037500 0.040833
0 0.527188 0.318333 0.036875 0.038333
0 0.604688 0.425417 0.039375 0.040833
0 0.301875 0.369583 0.037500 0.037500
0 0.250625 0.513333 0.040000 0.043333
0 0.490625 0.453750 0.041250 0.042500
0 0.529375 0.444167 0.040000 0.041667
0 0.207813 0.522500 0.040625 0.045000
0 0.373437 0.483333 0.039375 0.043333
0 0.671562 0.342917 0.060625 0.077500
0 0.157812 0.443333 0.055625 0.045000
0 0.207500 0.432917 0.040000 0.042500
0 0.612812 0.380833 0.039375 0.040000
0 0.600313 0.302083 0.038125 0.037500
0 0.451875 0.463750 0.040000 0.040833
0 0.291875 0.503333 0.040000 0.043333
0 0.595313 0.473333 0.041875 0.045000
0 0.537813 0.399167 0.038125 0.040000
0 0.423438 0.426250 0.039375 0.037500
0 0.304688 0.455000 0.039375 0.041667
0 0.500313 0.408333 0.039375 0.040000
0 0.182812 0.396667 0.038125 0.040000
0 0.340938 0.362083 0.036875 0.037500
0 0.592187 0.344167 0.039375 0.040000
0 0.383125 0.436667 0.033750 0.041667
