0 0.764286 0.848529 0.061905 0.079412
0 0.975000 0.841176 0.054762 0.082353
0 0.667857 0.770588 0.059524 0.076471
0 0.116667 0.961765 0.066667 0.082353
0 0.309524 0.864706 0.061905 0.076471
0 0.344048 0.950000 0.059524 0.082353
0 0.770238 0.685294 0.064286 0.070588
0 0.701190 0.688235 0.054762 0.070588
0 0.066667 0.792647 0.085714 0.085294
0 0.457143 0.858824 0.061905 0.076471
0 0.163095 0.872059 0.064286 0.079412
0 0.975000 0.675000 0.054762 0.079412
0 0.054762 0.714706 0.047619 0.076471
0 0.730952 0.938235 0.061905 0.082353
0 0.264286 0.702941 0.061905 0.070588
0 0.300000 0.785294 0.066667 0.082353
0 0.811905 0.936765 0.061905 0.085294
0 0.151190 0.789706 0.069048 0.073529
0 0.576190 0.942647 0.066667 0.079412
0 0.500000 0.945588 0.061905 0.079412
0 0.223810 0.783824 0.061905 0.073529
0 0.383333 0.860294 0.057143 0.073529
0 0.335714 0.698529 0.057143 0.067647
0 0.444048 0.775000 0.059524 0.067647
0 0.840476 0.680882 0.061905 0.073529
0 0.740476 0.763235 0.061905 0.073529
0 0.873810 0.991176 0.071429 0.023529
0 0.626190 0.688235 0.052381 0.076471
0 0.655952 0.944118 0.064286 0.088235
0 0.269048 0.954412 0.061905 0.079412
0 0.502381 0.789706 1.000000 0.426471
0 0.477381 0.692647 0.064286 0.073529
0 0.909524 0.841176 0.066667 0.082353
0 0.407143 0.692647 0.061905 0.073529
0 0.235714 0.869118 0.066667 0.079412
0 0.592857 0.773529 0.066667 0.082353
0 0.122619 0.710294 0.059524 0.067647
0 0.909524 0.675000 0.061905 0.067647
0 0.813095 0.760294 0.064286 0.067647
0 0.954762 0.757353 0.066667 0.079412
0 0.534524 0.857353 0.064286 0.079412
0 0.421429 0.947059 0.061905 0.076471
0 0.838095 0.845588 0.066667 0.085294
0 0.689286 0.852941 0.064286 0.082353
0 0.040476 0.961765 0.066667 0.082353
0 0.614286 0.857353 0.061905 0.079412
0 0.516667 0.772059 0.057143 0.073529
0 0.369048 0.779412 0.061905 0.076471
0 0.964286 0.926471 0.076190 0.088235
0 0.195238 0.705882 0.066667 0.070588
0 0.883333 0.930882 0.066667 0.085294
0 0.555952 0.692647 0.059524 0.073529
0 0.067857 0.876471 0.111905 0.088235
0 0.882143 0.757353 0.064286 0.073529
0 0.195238 0.960294 0.066667 0.085294
