0 0.399886 0.708333 0.044622 0.143333
0 0.495423 0.868333 0.043478 0.143333
0 0.174485 0.710000 0.042334 0.140000
0 0.342677 0.708333 0.044622 0.143333
0 0.330092 0.873333 0.266590 0.146667
0 0.600114 0.710000 0.035469 0.146667
0 0.090389 0.548333 0.043478 0.143333
0 0.633295 0.388333 0.042334 0.150000
0 0.427918 0.546667 0.043478 0.140000
0 0.652174 0.225000 0.041190 0.143333
0 0.637872 0.551667 0.040046 0.143333
0 0.300343 0.385000 0.040046 0.136667
0 0.539474 0.550000 0.044622 0.146667
0 0.679634 0.386667 0.041190 0.146667
0 0.483982 0.546667 0.045767 0.146667
0 0.357551 0.386667 0.040046 0.140000
0 0.156178 0.226667 0.049199 0.146667
0 0.202517 0.550000 0.043478 0.140000
0 0.737414 0.713333 0.035469 0.146667
0 0.441648 0.226667 0.045767 0.146667
0 0.214531 0.225000 0.044622 0.143333
0 0.413616 0.386667 0.044622 0.140000
0 0.188215 0.386667 0.044622 0.146667
0 0.371854 0.546667 0.043478 0.140000
0 0.558352 0.710000 0.034325 0.140000
0 0.244851 0.385000 0.043478 0.143333
0 0.604691 0.225000 0.042334 0.143333
0 0.314645 0.548333 0.041190 0.136667
0 0.259725 0.548333 0.041190 0.136667
0 0.581236 0.386667 0.048055 0.146667
0 0.287757 0.710000 0.040046 0.140000
0 0.075515 0.391667 0.043478 0.156667
0 0.020595 0.385000 0.038902 0.170000
0 0.708810 0.545000 0.085812 0.143333
0 0.044622 0.225000 0.048055 0.143333
0 0.118421 0.708333 0.042334 0.143333
0 0.230549 0.710000 0.044622 0.146667
0 0.510297 0.710000 0.043478 0.140000
0 0.013158 0.868333 0.024027 0.143333
0 0.497140 0.225000 0.046911 0.150000
0 0.590389 0.551667 0.041190 0.143333
0 0.553204 0.223333 0.046911 0.146667
0 0.144165 0.546667 0.048055 0.146667
0 0.041762 0.705000 0.081236 0.156667
0 0.102403 0.230000 0.042334 0.146667
0 0.386156 0.226667 0.044622 0.140000
0 0.328947 0.226667 0.042334 0.140000
0 0.716819 0.225000 0.072082 0.143333
0 0.501144 0.503333 1.000000 1.000000
0 0.649886 0.716667 0.041190 0.146667
0 0.028032 0.548333 0.053776 0.150000
0 0.605835 0.868333 0.044622 0.143333
0 0.271167 0.225000 0.043478 0.143333
0 0.012586 0.230000 0.022883 0.146667
0 0.454805 0.708333 0.044622 0.143333
0 0.161899 0.870000 0.046911 0.146667
0 0.131579 0.385000 0.043478 0.150000
0 0.731121 0.391667 0.043478 0.143333
0 0.524600 0.383333 0.046911 0.146667
0 0.469680 0.385000 0.044622 0.143333
