0 0.424479 0.671212 0.040625 0.130303
0 0.511458 0.816667 0.039583 0.130303
0 0.219271 0.672727 0.038542 0.127273
0 0.372396 0.671212 0.040625 0.130303
0 0.360938 0.821212 0.242708 0.133333
0 0.606771 0.672727 0.032292 0.133333
0 0.142708 0.525758 0.039583 0.130303
0 0.636979 0.380303 0.038542 0.136364
0 0.450000 0.524242 0.039583 0.127273
0 0.654167 0.231818 0.037500 0.130303
0 0.641146 0.528788 0.036458 0.130303
0 0.333854 0.377273 0.036458 0.124242
0 0.551562 0.527273 0.040625 0.133333
0 0.679167 0.378788 0.037500 0.133333
0 0.501042 0.524242 0.041667 0.133333
0 0.385937 0.378788 0.036458 0.127273
0 0.202604 0.233333 0.044792 0.133333
0 0.244792 0.527273 0.039583 0.127273
0 0.731771 0.675758 0.032292 0.133333
0 0.462500 0.233333 0.041667 0.133333
0 0.255729 0.231818 0.040625 0.130303
0 0.436979 0.378788 0.040625 0.127273
0 0.231771 0.378788 0.040625 0.133333
0 0.398958 0.524242 0.039583 0.127273
0 0.568750 0.672727 0.031250 0.127273
0 0.283333 0.377273 0.039583 0.130303
0 0.610938 0.231818 0.038542 0.130303
0 0.346875 0.525758 0.037500 0.124242
0 0.296875 0.525758 0.037500 0.124242
0 0.589583 0.378788 0.043750 0.133333
0 0.322396 0.672727 0.036458 0.127273
0 0.129167 0.383333 0.039583 0.142424
0 0.061458 0.377273 0.070833 0.154545
0 0.705729 0.522727 0.078125 0.130303
0 0.101042 0.231818 0.043750 0.130303
0 0.168229 0.671212 0.038542 0.130303
0 0.270313 0.672727 0.040625 0.133333
0 0.525000 0.672727 0.039583 0.127273
0 0.053646 0.816667 0.044792 0.130303
0 0.513021 0.231818 0.042708 0.136364
0 0.597917 0.528788 0.037500 0.130303
0 0.564063 0.230303 0.042708 0.133333
0 0.191667 0.524242 0.043750 0.133333
0 0.083333 0.668182 0.104167 0.142424
0 0.153646 0.236364 0.038542 0.133333
0 0.411979 0.233333 0.040625 0.127273
0 0.359896 0.233333 0.038542 0.127273
0 0.713021 0.231818 0.065625 0.130303
0 0.497396 0.490909 0.988542 0.969697
0 0.652083 0.678788 0.037500 0.133333
0 0.069792 0.525758 0.081250 0.136364
0 0.611979 0.816667 0.040625 0.130303
0 0.307292 0.231818 0.039583 0.130303
0 0.047917 0.236364 0.041667 0.133333
0 0.474479 0.671212 0.040625 0.130303
0 0.207813 0.818182 0.042708 0.133333
0 0.180208 0.377273 0.039583 0.136364
0 0.726042 0.383333 0.039583 0.130303
0 0.538021 0.375758 0.042708 0.133333
0 0.488021 0.377273 0.040625 0.130303
