0 0.196884 0.341714 0.063739 0.064448
0 0.346317 0.542847 0.063739 0.061615
0 0.838881 0.547450 0.099858 0.065156
0 0.279037 0.543555 0.065156 0.063031
0 0.053824 0.544263 0.106232 0.063031
0 0.110482 0.474858 0.063739 0.063031
0 0.030099 0.410411 0.055949 0.067280
0 0.297096 0.407932 0.060198 0.059490
0 0.700071 0.408286 0.060198 0.058782
0 0.836048 0.410765 0.064448 0.063739
0 0.398017 0.341006 0.060907 0.061615
0 0.188739 0.614377 0.074363 0.064448
0 0.036119 0.616147 0.070822 0.069405
0 0.717068 0.476983 0.058782 0.060198
0 0.564802 0.407578 0.058782 0.057365
0 0.328966 0.339943 0.057365 0.059490
0 0.515227 0.475921 0.060198 0.060907
0 0.766997 0.410057 0.063739 0.062323
0 0.446884 0.474504 0.062323 0.059490
0 0.094901 0.408994 0.066572 0.065864
0 0.914660 0.411119 0.081445 0.061615
0 0.413952 0.545326 0.067280 0.065156
0 0.466360 0.341714 0.057365 0.061615
0 0.650850 0.476629 0.060907 0.059490
0 0.570467 0.614731 0.065864 0.065156
0 0.211048 0.542847 0.062323 0.061615
0 0.431657 0.407578 0.057365 0.058782
0 0.381374 0.473796 0.063031 0.059490
0 0.733357 0.342776 0.063031 0.062323
0 0.246105 0.475212 0.064448 0.062323
0 0.313031 0.475567 0.062323 0.063031
0 0.784348 0.476629 0.063031 0.059490
0 0.599504 0.342776 0.058782 0.062323
0 0.685552 0.546034 0.065156 0.062323
0 0.142351 0.543201 0.065156 0.062323
0 0.633144 0.407932 0.062323 0.058074
0 0.497521 0.407578 0.057365 0.058782
0 0.230878 0.408994 0.065156 0.064448
0 0.480524 0.542847 0.061615 0.060198
0 0.800992 0.342422 0.059490 0.060198
0 0.888810 0.478399 0.134561 0.061615
0 0.129958 0.341006 0.064448 0.065864
0 0.752479 0.546034 0.061615 0.060907
0 0.894476 0.341006 0.111898 0.060198
0 0.418201 0.614731 0.231586 0.066572
0 0.177762 0.475567 0.065156 0.064448
0 0.500708 0.456799 1.000000 0.427762
0 0.639164 0.616856 0.067280 0.070822
0 0.582153 0.475212 0.058074 0.059490
0 0.666785 0.343130 0.060198 0.063031
0 0.067280 0.344193 0.062323 0.062323
0 0.263102 0.339589 0.057365 0.060198
0 0.036827 0.476275 0.072238 0.061615
0 0.365793 0.407224 0.060198 0.058074
0 0.531870 0.343130 0.059490 0.065864
0 0.616147 0.545680 0.062323 0.063031
0 0.549575 0.544618 0.065156 0.063739
0 0.161473 0.406516 0.062323 0.060907
0 0.264518 0.615793 0.067280 0.068697
