0 0.350821 0.497292 0.052169 0.178700
0 0.523740 0.492780 0.052169 0.180505
0 0.208968 0.677798 0.052169 0.175090
0 0.494725 0.670578 0.053927 0.182310
0 0.565064 0.314982 0.055100 0.175090
0 0.198417 0.157040 0.052169 0.173285
0 0.635404 0.856498 0.053927 0.193141
0 0.423798 0.146209 0.052755 0.173285
0 0.623095 0.314079 0.053927 0.176895
0 0.044256 0.334838 0.075615 0.171480
0 0.519343 0.857401 0.053927 0.191336
0 0.610492 0.669675 0.052169 0.176895
0 0.182005 0.503610 0.050996 0.173285
0 0.087632 0.163357 0.050996 0.171480
0 0.143025 0.161552 0.051583 0.171480
0 0.309203 0.151625 0.052169 0.169675
0 0.500586 0.492780 1.000000 0.981949
0 0.393611 0.322202 0.053341 0.178700
0 0.230657 0.860108 0.066237 0.189531
0 0.035170 0.683213 0.063306 0.171480
0 0.466002 0.495487 0.051583 0.178700
0 0.680832 0.314079 0.055686 0.180505
0 0.594959 0.140794 0.052755 0.173285
0 0.709848 0.137184 0.052755 0.173285
0 0.581184 0.492780 0.050996 0.180505
0 0.046014 0.508123 0.081477 0.171480
0 0.739156 0.312274 0.055100 0.176895
0 0.366354 0.148014 0.052755 0.173285
0 0.537515 0.143502 0.052755 0.175090
0 0.408265 0.496390 0.053341 0.176895
0 0.451055 0.320397 0.054513 0.178700
0 0.786049 0.135379 0.090270 0.173285
0 0.113130 0.332130 0.053927 0.176895
0 0.754396 0.490072 0.051583 0.178700
0 0.237397 0.500903 0.051583 0.178700
0 0.031360 0.163357 0.047479 0.167870
0 0.224795 0.328520 0.052169 0.173285
0 0.696659 0.490975 0.053341 0.180505
0 0.153283 0.679603 0.050996 0.171480
0 0.766413 0.666065 0.138921 0.180505
0 0.322392 0.673285 0.051583 0.176895
0 0.040739 0.866426 0.079132 0.187726
0 0.126905 0.505415 0.050996 0.173285
0 0.378957 0.673285 0.054513 0.180505
0 0.803634 0.398917 0.063306 0.357401
0 0.281360 0.327617 0.052755 0.175090
0 0.337046 0.323105 0.051583 0.173285
0 0.265533 0.677798 0.052755 0.178700
0 0.551876 0.670578 0.052169 0.178700
0 0.638042 0.491877 0.053341 0.182310
0 0.378370 0.861011 0.217468 0.194946
0 0.480363 0.145307 0.052169 0.175090
0 0.651817 0.141697 0.052755 0.171480
0 0.253810 0.153430 0.050410 0.169675
0 0.436401 0.672383 0.053341 0.178700
0 0.098183 0.680505 0.052169 0.173285
0 0.508499 0.319495 0.052169 0.173285
0 0.294842 0.499097 0.051583 0.175090
0 0.667351 0.668773 0.053341 0.175090
0 0.169109 0.331227 0.052169 0.175090
