0 0.658000 0.721535 0.052000 0.066832
0 0.841000 0.715347 0.058000 0.069307
0 0.577000 0.655941 0.050000 0.064356
0 0.114000 0.819307 0.056000 0.074257
0 0.276000 0.735149 0.052000 0.064356
0 0.305000 0.806931 0.050000 0.069307
0 0.663000 0.584158 0.054000 0.059406
0 0.605000 0.586634 0.046000 0.059406
0 0.072000 0.674505 0.072000 0.071782
0 0.400000 0.730198 0.052000 0.064356
0 0.041000 0.903465 0.058000 0.084158
0 0.153000 0.741337 0.054000 0.066832
0 0.871000 0.575495 0.118000 0.066832
0 0.062000 0.608911 0.040000 0.064356
0 0.618000 0.876238 0.056000 0.074257
0 0.630000 0.797030 0.052000 0.069307
0 0.238000 0.599010 0.052000 0.059406
0 0.268000 0.668317 0.056000 0.069307
0 0.698000 0.795792 0.052000 0.071782
0 0.143000 0.672030 0.058000 0.061881
0 0.500000 0.800743 0.056000 0.066832
0 0.436000 0.803218 0.052000 0.066832
0 0.204000 0.667079 0.052000 0.061881
0 0.338000 0.731436 0.048000 0.061881
0 0.298000 0.595297 0.048000 0.056931
0 0.389000 0.659653 0.050000 0.056931
0 0.722000 0.580446 0.052000 0.061881
0 0.638000 0.649752 0.052000 0.061881
0 0.750000 0.872525 0.060000 0.081683
0 0.430000 0.882426 0.300000 0.081683
0 0.542000 0.586634 0.044000 0.064356
0 0.567000 0.801980 0.054000 0.074257
0 0.242000 0.810644 0.052000 0.066832
0 0.241000 0.892327 0.058000 0.076733
0 0.501000 0.730198 0.986000 0.475248
0 0.417000 0.590347 0.054000 0.061881
0 0.780000 0.715347 0.056000 0.069307
0 0.358000 0.590347 0.052000 0.061881
0 0.214000 0.738861 0.056000 0.066832
0 0.514000 0.658416 0.056000 0.069307
0 0.119000 0.605198 0.050000 0.056931
0 0.780000 0.575495 0.052000 0.056931
0 0.699000 0.647277 0.054000 0.056931
0 0.818000 0.644802 0.056000 0.066832
0 0.897000 0.676980 0.102000 0.136139
0 0.465000 0.728960 0.054000 0.066832
0 0.370000 0.804455 0.052000 0.064356
0 0.720000 0.719059 0.056000 0.071782
0 0.595000 0.725248 0.054000 0.069307
0 0.050000 0.820545 0.056000 0.076733
0 0.532000 0.728960 0.052000 0.066832
0 0.450000 0.657178 0.048000 0.061881
0 0.326000 0.663366 0.052000 0.064356
0 0.877000 0.787129 0.166000 0.074257
0 0.180000 0.601485 0.056000 0.059406
0 0.758000 0.790842 0.056000 0.071782
0 0.483000 0.590347 0.050000 0.061881
0 0.073000 0.745050 0.094000 0.074257
0 0.757000 0.644802 0.054000 0.061881
0 0.180000 0.815594 0.056000 0.071782
