0 0.192100 0.653017 0.053030 0.120690
0 0.787879 0.522629 0.054113 0.114224
0 0.862013 0.644397 0.143939 0.120690
0 0.525974 0.399784 0.051948 0.109914
0 0.283009 0.778017 0.068182 0.120690
0 0.588203 0.397629 0.050866 0.105603
0 0.259199 0.649784 0.050866 0.114224
0 0.417749 0.522629 0.049784 0.109914
0 0.210498 0.395474 0.053030 0.114224
0 0.291126 0.522629 0.054113 0.114224
0 0.696429 0.648707 0.055195 0.125000
0 0.849026 0.522629 0.055195 0.118534
0 0.047078 0.269397 0.050866 0.112069
0 0.801407 0.278017 0.053030 0.112069
0 0.496753 0.274784 0.049784 0.109914
0 0.145563 0.398707 0.055195 0.116379
0 0.635281 0.645474 0.049784 0.109914
0 0.665043 0.523707 0.055195 0.120690
0 0.475108 0.775862 0.294372 0.129310
0 0.386905 0.647629 0.048701 0.109914
0 0.541667 0.524784 0.053030 0.114224
0 0.880411 0.275862 0.098485 0.112069
0 0.276515 0.397629 0.053030 0.109914
0 0.065476 0.528017 0.094156 0.116379
0 0.619589 0.278017 0.050866 0.116379
0 0.662879 0.768319 0.053030 0.114224
0 0.770563 0.397629 0.056277 0.114224
0 0.126623 0.655172 0.054113 0.120690
0 0.648268 0.399784 0.054113 0.109914
0 0.160714 0.524784 0.050866 0.114224
0 0.243506 0.271552 0.054113 0.112069
0 0.899892 0.457974 0.066017 0.234914
0 0.512446 0.645474 0.050866 0.109914
0 0.557359 0.279095 0.051948 0.114224
0 0.504329 0.490302 0.993506 0.834052
0 0.573052 0.646552 0.053030 0.116379
0 0.354978 0.523707 0.049784 0.112069
0 0.465368 0.398707 0.047619 0.107759
0 0.339827 0.397629 0.051948 0.109914
0 0.308442 0.274784 0.049784 0.109914
0 0.059524 0.790948 0.093074 0.129310
0 0.113095 0.271552 0.053030 0.116379
0 0.832251 0.399784 0.056277 0.118534
0 0.326299 0.654095 0.050866 0.114224
0 0.726732 0.522629 0.055195 0.114224
0 0.053030 0.660560 0.075758 0.122845
0 0.681277 0.279095 0.050866 0.114224
0 0.225649 0.524784 0.053030 0.114224
0 0.739719 0.278017 0.055195 0.112069
0 0.371212 0.273707 0.049784 0.107759
0 0.061688 0.399784 0.084416 0.118534
0 0.757035 0.646552 0.055195 0.116379
0 0.783550 0.768319 0.056277 0.118534
0 0.708874 0.396552 0.056277 0.112069
0 0.434524 0.273707 0.050866 0.107759
0 0.481061 0.522629 0.050866 0.109914
0 0.604978 0.522629 0.051948 0.109914
0 0.178571 0.271552 0.054113 0.116379
0 0.449134 0.644397 0.051948 0.112069
0 0.402597 0.397629 0.049784 0.105603
