0 0.265571 0.500000 0.046713 0.147368
0 0.307958 0.334211 0.048443 0.152632
0 0.512111 0.665789 0.044983 0.152632
0 0.183391 0.668421 0.044983 0.147368
0 0.414360 0.334211 0.046713 0.152632
0 0.374567 0.502632 0.046713 0.152632
0 0.361592 0.334211 0.044983 0.152632
0 0.553633 0.176316 0.048443 0.152632
0 0.458478 0.668421 0.048443 0.157895
0 0.014706 0.168421 0.025952 0.147368
0 0.251730 0.336842 0.046713 0.147368
0 0.115917 0.171053 0.048443 0.142105
0 0.088235 0.336842 0.048443 0.147368
0 0.607266 0.171053 0.048443 0.152632
0 0.480969 0.831579 0.048443 0.157895
0 0.237889 0.668421 0.046713 0.147368
0 0.429931 0.500000 0.046713 0.157895
0 0.038062 0.513158 0.072664 0.152632
0 0.689446 0.331579 0.046713 0.147368
0 0.320934 0.502632 0.046713 0.152632
0 0.073529 0.668421 0.046713 0.147368
0 0.279412 0.171053 0.046713 0.142105
0 0.334775 0.171053 0.046713 0.152632
0 0.293253 0.665789 0.046713 0.152632
0 0.024221 0.681579 0.044983 0.152632
0 0.539792 0.502632 0.044983 0.152632
0 0.501730 0.497368 1.000000 0.984211
0 0.703287 0.500000 0.043253 0.147368
0 0.060554 0.173684 0.048443 0.147368
0 0.198097 0.336842 0.046713 0.147368
0 0.578720 0.328947 0.046713 0.152632
0 0.170415 0.171053 0.046713 0.142105
0 0.484429 0.502632 0.044983 0.152632
0 0.027682 0.336842 0.051903 0.157895
0 0.734429 0.171053 0.081315 0.142105
0 0.589100 0.831579 0.046713 0.157895
0 0.568339 0.665789 0.046713 0.152632
0 0.390138 0.171053 0.046713 0.152632
0 0.661765 0.168421 0.046713 0.147368
0 0.470588 0.336842 0.044983 0.147368
0 0.592561 0.500000 0.046713 0.157895
0 0.499135 0.171053 0.046713 0.152632
0 0.749135 0.415789 0.055363 0.326316
0 0.155709 0.502632 0.044983 0.142105
0 0.211073 0.500000 0.044983 0.147368
0 0.128893 0.668421 0.046713 0.147368
0 0.100346 0.502632 0.044983 0.142105
0 0.648789 0.497368 0.048443 0.152632
0 0.523356 0.334211 0.046713 0.152632
0 0.141869 0.336842 0.044983 0.147368
0 0.621107 0.665789 0.048443 0.152632
0 0.224913 0.171053 0.044983 0.142105
0 0.633218 0.331579 0.048443 0.147368
0 0.443772 0.171053 0.046713 0.152632
0 0.714533 0.665789 0.128028 0.152632
0 0.205017 0.834211 0.060554 0.142105
0 0.402249 0.665789 0.046713 0.152632
0 0.347751 0.665789 0.048443 0.152632
0 0.346021 0.834211 0.207612 0.163158
0 0.032007 0.850000 0.060554 0.152632
