0 0.535211 0.327801 0.058685 0.091286
0 0.758803 0.424274 0.062207 0.093361
0 0.104460 0.634855 0.061033 0.091286
0 0.680164 0.629668 0.059859 0.093361
0 0.119131 0.432573 0.062207 0.093361
0 0.772887 0.730290 0.059859 0.095436
0 0.085094 0.331950 0.059859 0.091286
0 0.393192 0.532158 0.056338 0.093361
0 0.693662 0.426349 0.061033 0.093361
0 0.441901 0.432573 0.057512 0.093361
0 0.299296 0.633817 0.058685 0.089212
0 0.259977 0.734440 0.078638 0.095436
0 0.135563 0.533195 0.059859 0.091286
0 0.344484 0.329876 0.059859 0.091286
0 0.629695 0.428423 0.059859 0.093361
0 0.378521 0.430498 0.059859 0.093361
0 0.552817 0.632780 0.058685 0.095436
0 0.504108 0.430498 0.059859 0.093361
0 0.041667 0.432573 0.080986 0.093361
0 0.150822 0.329876 0.062207 0.091286
0 0.035211 0.640041 0.068075 0.093361
0 0.598592 0.326763 0.058685 0.093361
0 0.646714 0.531120 0.058685 0.095436
0 0.742958 0.629668 0.058685 0.093361
0 0.214202 0.327801 0.062207 0.091286
0 0.313380 0.431535 0.058685 0.091286
0 0.877934 0.321577 0.103286 0.095436
0 0.500000 0.514523 0.997653 0.663900
0 0.824531 0.423237 0.059859 0.091286
0 0.233568 0.633817 0.061033 0.089212
0 0.850939 0.626556 0.152582 0.095436
0 0.727700 0.322614 0.058685 0.093361
0 0.407864 0.328838 0.057512 0.093361
0 0.455986 0.733402 0.306338 0.093361
0 0.710681 0.529046 0.059859 0.091286
0 0.644366 0.729253 0.061033 0.093361
0 0.663146 0.323651 0.061033 0.095436
0 0.278756 0.328838 0.059859 0.093361
0 0.329225 0.531120 0.057512 0.091286
0 0.248826 0.432573 0.061033 0.093361
0 0.568075 0.428423 0.058685 0.093361
0 0.169601 0.634855 0.059859 0.091286
0 0.050469 0.534232 0.098592 0.093361
0 0.519953 0.532158 0.058685 0.093361
0 0.489437 0.631743 0.058685 0.093361
0 0.457160 0.531120 0.057512 0.091286
0 0.791080 0.321577 0.058685 0.091286
0 0.840376 0.524896 0.058685 0.091286
0 0.042840 0.737552 0.083333 0.093361
0 0.264671 0.533195 0.059859 0.091286
0 0.473005 0.328838 0.058685 0.093361
0 0.183099 0.431535 0.058685 0.095436
0 0.583920 0.530083 0.057512 0.093361
0 0.894366 0.470954 0.070423 0.199170
0 0.025235 0.331950 0.048122 0.091286
0 0.363263 0.632780 0.059859 0.091286
0 0.200704 0.533195 0.061033 0.091286
0 0.614437 0.630705 0.057512 0.091286
0 0.426056 0.632780 0.058685 0.095436
0 0.775822 0.526971 0.063380 0.091286
