0 0.578438 0.356250 0.050625 0.070833
0 0.175313 0.341250 0.046875 0.059167
0 0.695312 0.358750 0.055625 0.069167
0 0.376563 0.417917 0.043125 0.057500
0 0.349062 0.346250 0.044375 0.059167
0 0.258750 0.417500 0.050000 0.065000
0 0.785625 0.430833 0.056250 0.073333
0 0.095625 0.559167 0.092500 0.063333
0 0.623750 0.500833 0.052500 0.071667
0 0.214688 0.640000 0.063125 0.063333
0 0.536250 0.573750 0.056250 0.075833
0 0.281250 0.640833 0.047500 0.065000
0 0.296250 0.562917 0.046250 0.059167
0 0.818438 0.580833 0.148125 0.076667
0 0.666875 0.426250 0.053750 0.067500
0 0.269375 0.487917 0.046250 0.059167
0 0.085312 0.410833 0.044375 0.058333
0 0.406250 0.350417 0.047500 0.065833
0 0.464062 0.351667 0.048125 0.066667
0 0.415000 0.564583 0.047500 0.060833
0 0.740625 0.656250 0.056250 0.080833
0 0.475938 0.568750 0.049375 0.065833
0 0.830313 0.359583 0.096875 0.072500
0 0.233437 0.342917 0.046875 0.060833
0 0.753437 0.359583 0.053125 0.070833
0 0.356250 0.563750 0.046250 0.059167
0 0.684063 0.502917 0.056875 0.072500
0 0.505313 0.492500 0.045625 0.058333
0 0.089063 0.489167 0.060625 0.063333
0 0.850313 0.434167 0.066875 0.071667
0 0.433437 0.422083 0.048125 0.065833
0 0.560312 0.651667 0.051875 0.078333
0 0.607187 0.427083 0.051875 0.069167
0 0.637188 0.357083 0.051875 0.070833
0 0.656563 0.575000 0.053125 0.070000
0 0.317500 0.415833 0.046250 0.058333
0 0.290938 0.344167 0.045625 0.060000
0 0.829688 0.505000 0.115625 0.075000
0 0.210000 0.487083 0.046250 0.059167
0 0.421563 0.650000 0.209375 0.081667
0 0.329375 0.489583 0.045000 0.059167
0 0.745313 0.502500 0.054375 0.063333
0 0.520938 0.355417 0.049375 0.072500
0 0.072500 0.639167 0.066250 0.065000
0 0.116875 0.338750 0.045000 0.059167
0 0.550000 0.427083 0.053750 0.070833
0 0.150312 0.485833 0.046875 0.058333
0 0.726250 0.430417 0.058750 0.074167
0 0.445937 0.491667 0.048125 0.060000
0 0.715313 0.577500 0.054375 0.073333
0 0.200000 0.412917 0.046250 0.059167
0 0.387500 0.490000 0.045000 0.058333
0 0.594375 0.573333 0.048750 0.070000
0 0.495312 0.484167 0.930625 0.501667
0 0.565937 0.496667 0.049375 0.063333
0 0.236250 0.562500 0.046250 0.060000
0 0.140937 0.413750 0.046875 0.060833
0 0.490938 0.421667 0.048125 0.063333
0 0.175937 0.561667 0.046875 0.058333
