0 0.334699 0.448822 0.049727 0.073370
0 0.428415 0.209239 0.050273 0.072464
0 0.375137 0.209239 0.049727 0.070652
0 0.508470 0.289855 0.049727 0.074275
0 0.414208 0.368207 0.048087 0.071558
0 0.602732 0.448822 0.049180 0.073370
0 0.360929 0.368207 0.049727 0.073370
0 0.127322 0.365942 0.087432 0.072464
0 0.055738 0.364583 0.055738 0.558877
0 0.441530 0.449275 0.051366 0.072464
0 0.732787 0.530344 0.050273 0.073370
0 0.108743 0.207880 0.045902 0.071558
0 0.615301 0.290308 0.049180 0.071558
0 0.387432 0.448822 0.050273 0.073370
0 0.468579 0.368659 0.049727 0.070652
0 0.535519 0.210145 0.049180 0.072464
0 0.831967 0.330163 0.056284 0.154891
0 0.589071 0.210145 0.050273 0.072464
0 0.200546 0.367754 0.048087 0.072464
0 0.642077 0.211051 0.050273 0.072464
0 0.562568 0.289402 0.048634 0.071558
0 0.708470 0.449728 0.049727 0.071558
0 0.348087 0.288496 0.049180 0.073370
0 0.668579 0.289855 0.049727 0.072464
0 0.817760 0.211504 0.081421 0.069746
0 0.695355 0.211504 0.049727 0.071558
0 0.268033 0.208333 0.050820 0.070652
0 0.681967 0.370471 0.049180 0.072464
0 0.295082 0.288043 0.051366 0.074275
0 0.774863 0.290308 0.049180 0.073370
0 0.575956 0.369112 0.049180 0.073370
0 0.119672 0.527174 0.075410 0.072464
0 0.253279 0.368207 0.048634 0.073370
0 0.466940 0.529438 0.260656 0.076993
0 0.215301 0.208786 0.049180 0.073370
0 0.627869 0.529891 0.051366 0.074275
0 0.321585 0.208786 0.049727 0.071558
0 0.173497 0.447464 0.049727 0.072464
0 0.548634 0.449728 0.051366 0.075181
0 0.455191 0.289402 0.049180 0.073370
0 0.113661 0.447011 0.060109 0.071558
0 0.735792 0.370471 0.049727 0.072464
0 0.162295 0.208786 0.048087 0.071558
0 0.656831 0.449728 0.050273 0.073370
0 0.498907 0.355978 0.884153 0.545290
0 0.188525 0.288496 0.050273 0.073370
0 0.721858 0.290761 0.050273 0.072464
0 0.226776 0.447464 0.049180 0.072464
0 0.748087 0.211504 0.048087 0.069746
0 0.301913 0.528986 0.065027 0.074275
0 0.401639 0.288949 0.049180 0.072464
0 0.307104 0.368659 0.049180 0.072464
0 0.798907 0.449275 0.123497 0.074275
0 0.629508 0.370018 0.049180 0.073370
0 0.280328 0.448370 0.049180 0.072464
0 0.121311 0.286685 0.074317 0.073370
0 0.494536 0.448822 0.050273 0.073370
0 0.521858 0.369112 0.049180 0.073370
0 0.483060 0.209239 0.049180 0.072464
0 0.788251 0.370018 0.047541 0.071558
0 0.240710 0.287591 0.048634 0.073370
