0 0.284375 0.535417 0.045833 0.050000
0 0.513021 0.516667 0.886458 0.364583
0 0.557292 0.475000 0.045833 0.047917
0 0.833333 0.532292 0.108333 0.050000
0 0.499479 0.475521 0.044792 0.048958
0 0.296354 0.653125 0.048958 0.054167
0 0.629167 0.532813 0.047917 0.048958
0 0.514062 0.533333 0.046875 0.050000
0 0.126562 0.421875 0.044792 0.050000
0 0.845833 0.476042 0.050000 0.052083
0 0.184375 0.421875 0.045833 0.050000
0 0.671354 0.475000 0.048958 0.050000
0 0.103646 0.481250 0.040625 0.052083
0 0.197917 0.594271 0.045833 0.048958
0 0.457292 0.533333 0.045833 0.045833
0 0.787500 0.475000 0.050000 0.052083
0 0.728646 0.475521 0.051042 0.051042
0 0.271875 0.478646 0.045833 0.048958
0 0.313542 0.592708 0.045833 0.050000
0 0.686979 0.533333 0.048958 0.050000
0 0.602083 0.591667 0.047917 0.052083
0 0.386979 0.477083 0.042708 0.047917
0 0.414062 0.419792 0.046875 0.050000
0 0.658854 0.591146 0.048958 0.051042
0 0.613542 0.475000 0.047917 0.047917
0 0.122396 0.595833 0.086458 0.050000
0 0.435417 0.651042 0.208333 0.052083
0 0.108333 0.538021 0.056250 0.048958
0 0.328125 0.477604 0.045833 0.048958
0 0.585938 0.419271 0.044792 0.051042
0 0.255729 0.593750 0.044792 0.050000
0 0.792708 0.591146 0.072917 0.051042
0 0.544271 0.590625 0.048958 0.052083
0 0.342708 0.534896 0.045833 0.048958
0 0.429167 0.592708 0.043750 0.047917
0 0.472917 0.419792 0.043750 0.050000
0 0.226042 0.535937 0.045833 0.048958
0 0.399479 0.533854 0.044792 0.048958
0 0.839583 0.416667 0.089583 0.050000
0 0.155208 0.479687 0.045833 0.051042
0 0.574479 0.651042 0.046875 0.052083
0 0.356771 0.419792 0.044792 0.050000
0 0.528125 0.420312 0.045833 0.051042
0 0.717187 0.591146 0.048958 0.051042
0 0.105729 0.655208 0.059375 0.050000
0 0.571354 0.532813 0.046875 0.048958
0 0.700000 0.418229 0.047917 0.051042
0 0.631771 0.651042 0.051042 0.054167
0 0.298958 0.420833 0.045833 0.050000
0 0.443750 0.477604 0.043750 0.048958
0 0.234896 0.653125 0.057292 0.050000
0 0.757812 0.417708 0.048958 0.050000
0 0.485938 0.590625 0.044792 0.050000
0 0.213021 0.478125 0.044792 0.050000
0 0.168750 0.535937 0.043750 0.048958
0 0.370833 0.592187 0.045833 0.048958
0 0.745313 0.532292 0.048958 0.050000
0 0.642188 0.418229 0.048958 0.051042
0 0.241667 0.420833 0.047917 0.052083
