0 0.183333 0.504525 0.045833 0.104072
0 0.471354 0.615385 0.046875 0.099548
0 0.458333 0.278281 0.045833 0.099548
0 0.288021 0.502262 0.044792 0.099548
0 0.130729 0.504525 0.044792 0.104072
0 0.595833 0.730769 0.045833 0.104072
0 0.380208 0.390271 0.045833 0.101810
0 0.301563 0.279412 0.044792 0.097285
0 0.209375 0.617647 0.045833 0.099548
0 0.445312 0.500000 0.044792 0.099548
0 0.038021 0.277149 0.044792 0.097285
0 0.509375 0.278281 0.045833 0.099548
0 0.328125 0.390271 0.045833 0.097285
0 0.365104 0.733032 0.196875 0.113122
0 0.117188 0.391403 0.048958 0.104072
0 0.235417 0.503394 0.045833 0.101810
0 0.689063 0.388009 0.044792 0.097285
0 0.050521 0.391403 0.071875 0.104072
0 0.523438 0.616516 0.042708 0.092760
0 0.501042 0.473982 0.989583 0.685520
0 0.156250 0.618778 0.045833 0.101810
0 0.599479 0.500000 0.042708 0.099548
0 0.418750 0.613122 0.045833 0.099548
0 0.229687 0.736425 0.061458 0.110860
0 0.354167 0.278281 0.045833 0.099548
0 0.483854 0.390271 0.044792 0.097285
0 0.276042 0.391403 0.045833 0.099548
0 0.048438 0.739819 0.076042 0.113122
0 0.611458 0.279412 0.045833 0.097285
0 0.662500 0.278281 0.043750 0.095023
0 0.171354 0.390271 0.046875 0.101810
0 0.575000 0.614253 0.041667 0.092760
0 0.493229 0.729638 0.046875 0.110860
0 0.586458 0.389140 0.043750 0.099548
0 0.261458 0.616516 0.045833 0.101810
0 0.366146 0.614253 0.046875 0.101810
0 0.407292 0.277149 0.045833 0.097285
0 0.314583 0.614253 0.045833 0.101810
0 0.496875 0.500000 0.043750 0.099548
0 0.548958 0.501131 0.043750 0.097285
0 0.431250 0.390271 0.045833 0.101810
0 0.197396 0.278281 0.046875 0.099548
0 0.729688 0.277149 0.076042 0.097285
0 0.103125 0.619910 0.047917 0.099548
0 0.702083 0.500000 0.043750 0.099548
0 0.560417 0.278281 0.045833 0.099548
0 0.637500 0.389140 0.045833 0.099548
0 0.625521 0.614253 0.042708 0.092760
0 0.392708 0.502262 0.045833 0.099548
0 0.651042 0.500000 0.043750 0.099548
0 0.056771 0.504525 0.086458 0.104072
0 0.249479 0.278281 0.044792 0.095023
0 0.743750 0.443439 0.052083 0.212670
0 0.041667 0.621041 0.060417 0.101810
0 0.145313 0.278281 0.046875 0.099548
0 0.713542 0.610860 0.114583 0.099548
0 0.224479 0.391403 0.046875 0.099548
0 0.340104 0.501131 0.044792 0.101810
0 0.091667 0.278281 0.047917 0.099548
0 0.534896 0.389140 0.044792 0.099548
