0 0.187702 0.482283 0.061489 0.114173
0 0.750000 0.250000 0.059871 0.106299
0 0.520227 0.127953 0.059871 0.098425
0 0.499191 0.360236 0.059871 0.106299
0 0.361650 0.358268 0.059871 0.110236
0 0.894822 0.377953 0.048544 0.110236
0 0.778317 0.141732 0.058252 0.102362
0 0.254045 0.482283 0.061489 0.114173
0 0.046117 0.624016 0.066343 0.153543
0 0.082524 0.356299 0.084142 0.114173
0 0.323625 0.124016 0.058252 0.098425
0 0.389159 0.127953 0.056634 0.098425
0 0.712783 0.137795 0.059871 0.102362
0 0.671521 0.490157 0.061489 0.114173
0 0.120550 0.482283 0.059871 0.114173
0 0.227346 0.358268 0.059871 0.110236
0 0.080097 0.125984 0.037217 0.094488
0 0.086570 0.238189 0.066343 0.106299
0 0.641586 0.635827 0.066343 0.153543
0 0.392395 0.484252 0.063107 0.118110
0 0.286408 0.238189 0.061489 0.106299
0 0.322816 0.482283 0.063107 0.114173
0 0.462783 0.488189 0.061489 0.110236
0 0.741100 0.496063 0.061489 0.110236
0 0.873786 0.257874 0.048544 0.106299
0 0.531553 0.486220 0.063107 0.114173
0 0.920712 0.147638 0.093851 0.098425
0 0.895631 0.507874 0.101942 0.133858
0 0.196602 0.125984 0.059871 0.102362
0 0.835761 0.377953 0.059871 0.110236
0 0.840615 0.145669 0.056634 0.102362
0 0.807443 0.498031 0.061489 0.114173
0 0.648867 0.133858 0.058252 0.102362
0 0.567152 0.364173 0.059871 0.114173
0 0.352751 0.240157 0.058252 0.102362
0 0.814725 0.255906 0.059871 0.102362
0 0.703074 0.370079 0.059871 0.110236
0 0.484628 0.242126 0.059871 0.106299
0 0.453883 0.127953 0.056634 0.098425
0 0.441748 0.633858 0.320388 0.157480
0 0.428803 0.358268 0.058252 0.110236
0 0.551780 0.246063 0.058252 0.106299
0 0.945793 0.322835 0.088997 0.228346
0 0.219256 0.238189 0.059871 0.106299
0 0.601942 0.488189 0.064725 0.118110
0 0.584142 0.133858 0.058252 0.102362
0 0.501618 0.389764 1.000000 0.763780
0 0.293689 0.358268 0.059871 0.110236
0 0.417476 0.240157 0.058252 0.102362
0 0.133495 0.125984 0.056634 0.102362
0 0.155340 0.236220 0.061489 0.102362
0 0.161003 0.356299 0.059871 0.106299
0 0.242718 0.629921 0.064725 0.149606
0 0.618123 0.248031 0.058252 0.102362
0 0.635113 0.366142 0.059871 0.110236
0 0.260518 0.124016 0.058252 0.098425
0 0.683657 0.248031 0.059871 0.102362
0 0.056634 0.480315 0.055016 0.110236
0 0.769417 0.372047 0.059871 0.106299
0 0.781553 0.639764 0.064725 0.153543
