0 0.274904 0.500000 0.051724 0.162791
0 0.321839 0.316860 0.053640 0.168605
0 0.547893 0.683140 0.049808 0.168605
0 0.183908 0.686047 0.049808 0.162791
0 0.439655 0.316860 0.051724 0.168605
0 0.395594 0.502907 0.051724 0.168605
0 0.381226 0.316860 0.049808 0.168605
0 0.593870 0.142442 0.053640 0.168605
0 0.488506 0.686047 0.053640 0.174419
0 0.014368 0.133721 0.024904 0.162791
0 0.259579 0.319767 0.051724 0.162791
0 0.109195 0.136628 0.053640 0.156977
0 0.078544 0.319767 0.053640 0.162791
0 0.653257 0.136628 0.053640 0.168605
0 0.513410 0.866279 0.053640 0.174419
0 0.244253 0.686047 0.051724 0.162791
0 0.456897 0.500000 0.051724 0.174419
0 0.032567 0.514535 0.061303 0.168605
0 0.744253 0.313953 0.051724 0.162791
0 0.336207 0.502907 0.051724 0.168605
0 0.062261 0.686047 0.051724 0.162791
0 0.290230 0.136628 0.051724 0.156977
0 0.351533 0.136628 0.051724 0.168605
0 0.305556 0.683140 0.051724 0.168605
0 0.019157 0.700581 0.034483 0.168605
0 0.578544 0.502907 0.049808 0.168605
0 0.501916 0.505814 1.000000 1.000000
0 0.759579 0.500000 0.047893 0.162791
0 0.047893 0.139535 0.053640 0.162791
0 0.200192 0.319767 0.051724 0.162791
0 0.621648 0.311047 0.051724 0.168605
0 0.169540 0.136628 0.051724 0.156977
0 0.517241 0.502907 0.049808 0.168605
0 0.021073 0.319767 0.038314 0.174419
0 0.794061 0.136628 0.090038 0.156977
0 0.633142 0.866279 0.051724 0.174419
0 0.610153 0.683140 0.051724 0.168605
0 0.412835 0.136628 0.051724 0.168605
0 0.713602 0.133721 0.051724 0.162791
0 0.501916 0.319767 0.049808 0.162791
0 0.636973 0.500000 0.051724 0.174419
0 0.533525 0.136628 0.051724 0.168605
0 0.810345 0.406977 0.061303 0.360465
0 0.153257 0.502907 0.049808 0.156977
0 0.214559 0.500000 0.049808 0.162791
0 0.123563 0.686047 0.051724 0.162791
0 0.091954 0.502907 0.049808 0.156977
0 0.699234 0.497093 0.053640 0.168605
0 0.560345 0.316860 0.051724 0.168605
0 0.137931 0.319767 0.049808 0.162791
0 0.668582 0.683140 0.053640 0.168605
0 0.229885 0.136628 0.049808 0.156977
0 0.681992 0.313953 0.053640 0.162791
0 0.472222 0.136628 0.051724 0.168605
0 0.772031 0.683140 0.141762 0.168605
0 0.207854 0.869186 0.067050 0.156977
0 0.426245 0.683140 0.051724 0.168605
0 0.365900 0.683140 0.053640 0.168605
0 0.363985 0.869186 0.229885 0.180233
0 0.025862 0.886628 0.047893 0.168605
