0 0.847205 0.358898 0.067980 0.072034
0 0.493011 0.187712 0.067344 0.073729
0 0.985388 0.092797 0.030496 0.080508
0 0.471410 0.358051 0.066074 0.072034
0 0.966963 0.272881 0.067344 0.074576
0 0.455527 0.098305 0.068615 0.077966
0 0.104511 0.356356 0.060356 0.072034
0 0.111182 0.448729 0.071156 0.090678
0 0.570203 0.187288 0.067980 0.076271
0 0.770013 0.358475 0.066074 0.071186
0 0.323062 0.448305 0.065438 0.088136
0 0.378335 0.097458 0.069250 0.079661
0 0.723634 0.186864 0.069886 0.075424
0 0.145172 0.094915 0.070521 0.079661
0 0.736023 0.274153 0.067980 0.075424
0 0.525413 0.449153 0.326557 0.088136
0 0.104193 0.183475 0.083863 0.077119
0 0.324651 0.358051 0.066074 0.072034
0 0.982529 0.358475 0.036213 0.072881
0 0.300826 0.096186 0.070521 0.078814
0 0.619123 0.358898 0.066709 0.070339
0 0.078780 0.093220 0.043202 0.079661
0 0.264612 0.185169 0.069250 0.078814
0 0.925032 0.094915 0.072427 0.079661
0 0.398030 0.358051 0.066709 0.072034
0 0.878653 0.184322 0.071156 0.077119
0 0.730305 0.449576 0.067980 0.088983
0 0.694409 0.358051 0.069886 0.073729
0 0.175985 0.356356 0.067344 0.072034
0 0.533037 0.097458 0.069886 0.077966
0 0.767789 0.096186 0.071792 0.078814
0 0.342440 0.188136 0.069886 0.076271
0 0.924079 0.358051 0.069250 0.072034
0 0.847205 0.094915 0.071792 0.079661
0 0.209657 0.272034 0.067344 0.072881
0 0.223316 0.094915 0.070521 0.079661
0 0.545108 0.358051 0.067344 0.072034
0 0.890089 0.273305 0.069886 0.075424
0 0.956480 0.184746 0.071792 0.077966
0 0.584180 0.274153 0.066709 0.073729
0 0.250953 0.357627 0.067344 0.072881
0 0.611817 0.097458 0.069886 0.079661
0 0.358640 0.273729 0.066709 0.074576
0 0.800508 0.185593 0.071156 0.077966
0 0.418043 0.187712 0.068615 0.075424
0 0.518742 0.259322 0.963787 0.516949
0 0.188056 0.184746 0.071156 0.077966
0 0.689009 0.097881 0.070521 0.078814
0 0.645807 0.187712 0.069250 0.077119
0 0.285896 0.274576 0.067344 0.072881
0 0.813215 0.275000 0.069886 0.075424
0 0.434562 0.274576 0.066074 0.071186
0 0.878971 0.450424 0.069250 0.088983
0 0.117853 0.271186 0.099746 0.074576
0 0.508895 0.274153 0.066074 0.073729
0 0.659784 0.275000 0.066709 0.073729
