0 0.180152 0.507589 0.037927 0.047218
0 0.477560 0.456998 0.041087 0.047218
0 0.546460 0.510961 0.043616 0.048904
0 0.328698 0.401771 0.041719 0.048061
0 0.292984 0.455312 0.041087 0.048904
0 0.444690 0.348229 0.041087 0.047218
0 0.351138 0.347386 0.039823 0.047218
0 0.751264 0.459528 0.033502 0.047218
0 0.652971 0.404300 0.041719 0.048061
0 0.662137 0.459106 0.041087 0.048061
0 0.490518 0.444351 0.695322 0.360877
0 0.708597 0.459528 0.041719 0.047218
0 0.258850 0.346965 0.042351 0.048061
0 0.491783 0.348651 0.041719 0.048061
0 0.499684 0.510540 0.041087 0.048061
0 0.441530 0.569140 0.204172 0.059022
0 0.792668 0.432546 0.054362 0.104553
0 0.211441 0.346121 0.042351 0.048061
0 0.190582 0.453204 0.060051 0.048061
0 0.616308 0.458685 0.040455 0.047218
0 0.430468 0.456155 0.040455 0.047218
0 0.742415 0.405143 0.033502 0.048061
0 0.786662 0.351602 0.070164 0.047218
0 0.683944 0.512648 0.041719 0.045531
0 0.523704 0.457420 0.041087 0.048061
0 0.313843 0.567454 0.041087 0.057336
0 0.677623 0.350759 0.041719 0.047218
0 0.183944 0.399663 0.050569 0.048904
0 0.385272 0.456155 0.039823 0.045531
0 0.638432 0.512226 0.040455 0.046374
0 0.592920 0.511804 0.040455 0.047218
0 0.420986 0.401771 0.040455 0.046374
0 0.467762 0.403035 0.040455 0.047218
0 0.338496 0.454890 0.039823 0.048061
0 0.225348 0.508010 0.042351 0.046374
0 0.570164 0.569983 0.041719 0.059022
0 0.725348 0.351180 0.041087 0.046374
0 0.271176 0.508432 0.041719 0.047218
0 0.304678 0.346543 0.041719 0.047218
0 0.538243 0.349916 0.041087 0.047218
0 0.362200 0.509275 0.040455 0.047218
0 0.743363 0.512226 0.067004 0.046374
0 0.661188 0.570826 0.041719 0.059022
0 0.698799 0.405143 0.042351 0.048061
0 0.513590 0.403457 0.041087 0.048061
0 0.247155 0.454469 0.041719 0.047218
0 0.570164 0.457841 0.040455 0.047218
0 0.453540 0.509696 0.042351 0.048061
0 0.584703 0.349916 0.041719 0.047218
0 0.171302 0.344857 0.026549 0.047218
0 0.606195 0.404300 0.040455 0.048061
0 0.560367 0.403879 0.041087 0.047218
0 0.374526 0.402192 0.041087 0.047218
0 0.316688 0.508853 0.040455 0.046374
0 0.408028 0.509275 0.041087 0.047218
0 0.235461 0.400506 0.042351 0.048904
0 0.631163 0.350337 0.042351 0.048061
0 0.182364 0.566610 0.043616 0.060708
0 0.281606 0.400506 0.041087 0.048904
0 0.397914 0.348229 0.041087 0.047218
