0 0.516667 0.245580 0.060000 0.137525
0 0.648750 0.243615 0.060833 0.137525
0 0.781250 0.241650 0.060833 0.137525
0 0.067500 0.399804 0.095000 0.139489
0 0.600000 0.697446 0.061667 0.141454
0 0.284583 0.399804 0.062500 0.139489
0 0.151250 0.400786 0.064167 0.141454
0 0.931250 0.238703 0.092500 0.139489
0 0.847917 0.239686 0.059167 0.137525
0 0.217500 0.397839 0.061667 0.143418
0 0.500000 0.547151 0.060000 0.135560
0 0.906250 0.692534 0.144167 0.139489
0 0.666667 0.695481 0.060000 0.137525
0 0.566667 0.547151 0.058333 0.139489
0 0.922917 0.541257 0.110833 0.135560
0 0.830833 0.543222 0.060000 0.135560
0 0.483750 0.395874 0.059167 0.139489
0 0.947917 0.390963 0.059167 0.137525
0 0.250833 0.248527 0.061667 0.139489
0 0.049583 0.248527 0.062500 0.139489
0 0.500000 0.498035 0.996667 0.984283
0 0.433333 0.548134 0.060000 0.137525
0 0.616250 0.394892 0.059167 0.137525
0 0.632917 0.545187 0.059167 0.139489
0 0.117500 0.249509 0.061667 0.137525
0 0.187500 0.867387 0.063333 0.159136
0 0.351250 0.397839 0.060833 0.139489
0 0.467500 0.698428 0.061667 0.139489
0 0.185833 0.248527 0.061667 0.139489
0 0.335000 0.701375 0.061667 0.137525
0 0.533333 0.697446 0.060000 0.137525
0 0.382500 0.245580 0.060000 0.137525
0 0.401250 0.699411 0.060833 0.137525
0 0.814583 0.391945 0.060833 0.139489
0 0.300417 0.550098 0.060833 0.137525
0 0.465417 0.861493 0.317500 0.163065
0 0.881250 0.390963 0.059167 0.137525
0 0.748333 0.391945 0.060000 0.135560
0 0.168333 0.552063 0.061667 0.137525
0 0.095417 0.704322 0.145833 0.143418
0 0.417500 0.396857 0.060000 0.137525
0 0.076667 0.552063 0.111667 0.141454
0 0.367500 0.550098 0.060000 0.137525
0 0.733750 0.695481 0.060833 0.133595
0 0.682083 0.394892 0.059167 0.137525
0 0.049583 0.250491 0.062500 0.139489
0 0.715417 0.242633 0.060833 0.139489
0 0.235000 0.552063 0.061667 0.137525
0 0.765417 0.544204 0.059167 0.137525
0 0.317500 0.247544 0.060000 0.137525
0 0.550000 0.395874 0.060000 0.139489
0 0.582500 0.243615 0.060000 0.137525
0 0.268750 0.701375 0.060833 0.137525
0 0.204167 0.703340 0.061667 0.137525
0 0.700000 0.546169 0.060000 0.137525
0 0.798333 0.695481 0.060000 0.133595
0 0.449583 0.245580 0.060833 0.137525
0 0.121250 0.869352 0.064167 0.159136
0 0.744167 0.856582 0.060000 0.161100
