0 0.255000 0.586667 0.032500 0.060000
0 0.470625 0.656111 0.040000 0.061111
0 0.187500 0.451111 0.031250 0.060000
0 0.614688 0.493333 0.049375 0.126667
0 0.306875 0.452222 0.030000 0.055556
0 0.155938 0.518333 0.031875 0.061111
0 0.210625 0.385556 0.035000 0.062222
0 0.335000 0.657222 0.218750 0.065556
0 0.090313 0.659444 0.054375 0.070000
0 0.314688 0.519444 0.031875 0.058889
0 0.133437 0.587222 0.033125 0.063333
0 0.235937 0.519444 0.031875 0.061111
0 0.533125 0.459444 0.030000 0.058889
0 0.098750 0.450000 0.051250 0.062222
0 0.550937 0.393889 0.029375 0.056667
0 0.294063 0.586667 0.031875 0.060000
0 0.215312 0.586667 0.031875 0.060000
0 0.468750 0.521667 0.028750 0.056667
0 0.346250 0.453889 0.031250 0.056667
0 0.570000 0.460000 0.028750 0.060000
0 0.449375 0.587222 0.028750 0.058889
0 0.491875 0.472778 0.921250 0.518889
0 0.198125 0.657778 0.041250 0.064444
0 0.542500 0.523333 0.028750 0.057778
0 0.459375 0.456111 0.030000 0.054444
0 0.384375 0.454444 0.031250 0.057778
0 0.478438 0.392778 0.031875 0.058889
0 0.227813 0.453333 0.033125 0.062222
0 0.373750 0.586667 0.031250 0.057778
0 0.496563 0.457222 0.029375 0.056667
0 0.171563 0.384444 0.034375 0.062222
0 0.505313 0.523889 0.030625 0.058889
0 0.175313 0.587222 0.030625 0.061111
0 0.335000 0.587222 0.033750 0.061111
0 0.196250 0.519444 0.031250 0.061111
0 0.328125 0.388889 0.033750 0.060000
0 0.524062 0.588333 0.029375 0.056667
0 0.354375 0.520000 0.031250 0.057778
0 0.102188 0.518889 0.061875 0.062222
0 0.268437 0.452778 0.033125 0.058889
0 0.149375 0.451111 0.036250 0.064444
0 0.365938 0.388889 0.033125 0.057778
0 0.135000 0.384444 0.033750 0.062222
0 0.515000 0.394444 0.031250 0.060000
0 0.441250 0.391111 0.031250 0.057778
0 0.250312 0.385556 0.033125 0.060000
0 0.403438 0.390000 0.031875 0.060000
0 0.093125 0.384444 0.031250 0.062222
0 0.411875 0.588889 0.031250 0.060000
0 0.617500 0.658889 0.050000 0.064444
0 0.275000 0.520000 0.030000 0.060000
0 0.430625 0.520556 0.030000 0.056667
0 0.578750 0.524444 0.028750 0.060000
0 0.605000 0.396667 0.065000 0.057778
0 0.087500 0.588889 0.042500 0.062222
0 0.288750 0.387778 0.033750 0.060000
0 0.392813 0.520000 0.029375 0.057778
0 0.593125 0.590556 0.092500 0.061111
0 0.487812 0.587222 0.029375 0.056667
0 0.421250 0.455556 0.030000 0.055556
