0 0.234143 0.547212 0.033738 0.049460
0 0.156883 0.426709 0.034413 0.051259
0 0.561066 0.428058 0.031714 0.050360
0 0.188259 0.547212 0.033738 0.051259
0 0.394737 0.607464 0.035088 0.051259
0 0.166329 0.607914 0.033063 0.050360
0 0.143050 0.546763 0.033738 0.050360
0 0.112011 0.426259 0.033738 0.050360
0 0.121795 0.607464 0.033063 0.049460
0 0.651484 0.671763 0.050607 0.053957
0 0.631242 0.426709 0.082996 0.051259
0 0.428475 0.428058 0.035088 0.050360
0 0.324561 0.547662 0.035088 0.050360
0 0.133266 0.486511 0.033063 0.050360
0 0.440283 0.607014 0.034413 0.050360
0 0.024966 0.608363 0.045884 0.051259
0 0.076586 0.607464 0.034413 0.051259
0 0.292173 0.426709 0.035088 0.051259
0 0.371120 0.546763 0.033738 0.050360
0 0.088394 0.486960 0.035088 0.051259
0 0.246289 0.426709 0.035088 0.051259
0 0.473347 0.427608 0.035762 0.051259
0 0.023954 0.668165 0.046559 0.053957
0 0.360324 0.487410 0.035088 0.050360
0 0.137989 0.668615 0.045209 0.053058
0 0.416667 0.547212 0.034413 0.049460
0 0.495614 0.486960 0.034413 0.049460
0 0.313765 0.486960 0.035088 0.049460
0 0.476046 0.669964 0.047908 0.053957
0 0.450742 0.486960 0.035088 0.049460
0 0.518556 0.427608 0.035762 0.051259
0 0.540823 0.487410 0.035762 0.050360
0 0.211538 0.608363 0.034413 0.051259
0 0.405196 0.486511 0.034413 0.048561
0 0.098853 0.547212 0.033063 0.051259
0 0.178138 0.486511 0.033738 0.050360
0 0.485830 0.607464 0.033738 0.049460
0 0.550945 0.547212 0.035762 0.051259
0 0.500675 0.505845 1.000000 0.517086
0 0.067139 0.426709 0.034413 0.049460
0 0.307355 0.670863 0.273279 0.055755
0 0.530027 0.607464 0.034413 0.051259
0 0.461538 0.547212 0.033738 0.049460
0 0.223347 0.486960 0.033738 0.049460
0 0.031377 0.548112 0.056005 0.051259
0 0.201417 0.426259 0.034413 0.050360
0 0.589406 0.488759 0.029015 0.051259
0 0.348853 0.607914 0.035088 0.050360
0 0.644062 0.517536 0.058704 0.112410
0 0.268556 0.486511 0.033738 0.048561
0 0.302969 0.608363 0.035088 0.051259
0 0.337382 0.428058 0.035088 0.050360
0 0.033063 0.487410 0.056680 0.053957
0 0.382928 0.428058 0.035762 0.052158
0 0.506748 0.548112 0.035088 0.049460
0 0.618421 0.607914 0.111336 0.053957
0 0.257085 0.607464 0.035088 0.051259
0 0.279015 0.546763 0.034413 0.050360
0 0.021930 0.427158 0.033063 0.050360
0 0.597503 0.547662 0.034413 0.052158
