0 0.297368 0.449843 0.029323 0.065831
0 0.154887 0.372257 0.028571 0.067398
0 0.430075 0.281348 0.030075 0.067398
0 0.339850 0.449060 0.031579 0.067398
0 0.323308 0.533699 0.043609 0.070533
0 0.248496 0.206897 0.029323 0.065831
0 0.032331 0.548589 0.045113 0.081505
0 0.227820 0.287618 0.028571 0.064263
0 0.177444 0.545455 0.234586 0.084639
0 0.408647 0.199843 0.029323 0.064263
0 0.008271 0.463166 0.015038 0.070533
0 0.049248 0.458464 0.029323 0.067398
0 0.379323 0.447492 0.029323 0.064263
0 0.127068 0.210031 0.028571 0.068966
0 0.349624 0.282915 0.030075 0.064263
0 0.086466 0.211599 0.030075 0.065831
0 0.288722 0.206113 0.030075 0.064263
0 0.012406 0.462382 0.023308 0.072100
0 0.910526 0.148119 0.180451 0.293103
0 0.007895 0.217868 0.014286 0.068966
0 0.090602 0.458464 0.030827 0.070533
0 0.113910 0.373824 0.029323 0.067398
0 0.013158 0.302508 0.024812 0.072100
0 0.359774 0.365987 0.030827 0.067398
0 0.031955 0.377743 0.030827 0.072100
0 0.368797 0.199843 0.027820 0.064263
0 0.389474 0.281348 0.030075 0.064263
0 0.046617 0.216301 0.030075 0.072100
0 0.237218 0.369906 0.030827 0.065831
0 0.455639 0.444357 0.102256 0.067398
0 0.024060 0.294671 0.030075 0.068966
0 0.010902 0.215517 0.020301 0.067398
0 0.400376 0.362853 0.030827 0.067398
0 0.441353 0.362069 0.030075 0.065831
0 0.483459 0.527429 0.054135 0.070533
0 0.214662 0.452194 0.029323 0.067398
0 0.015038 0.550940 0.028571 0.076803
0 0.173308 0.455329 0.030827 0.070533
0 0.011654 0.467085 0.021805 0.072100
0 0.105639 0.291536 0.030827 0.068966
0 0.131203 0.456113 0.029323 0.068966
0 0.329323 0.202194 0.028571 0.065831
0 0.072556 0.377743 0.030827 0.072100
0 0.426692 0.332288 0.851880 0.661442
0 0.186090 0.289185 0.029323 0.064263
0 0.008271 0.300157 0.015038 0.076803
0 0.256015 0.451411 0.030827 0.068966
0 0.318797 0.366771 0.031579 0.065831
0 0.278195 0.367555 0.030075 0.067398
0 0.146241 0.290752 0.030827 0.067398
0 0.167669 0.207680 0.030075 0.067398
0 0.008271 0.377743 0.015038 0.065831
0 0.007895 0.216301 0.014286 0.062696
0 0.016541 0.383229 0.031579 0.073668
0 0.480075 0.318966 0.053383 0.155172
0 0.208647 0.206897 0.027820 0.062696
0 0.469549 0.195141 0.069925 0.067398
0 0.064286 0.296238 0.029323 0.072100
0 0.308271 0.285266 0.030075 0.062696
0 0.267293 0.285266 0.027820 0.062696
0 0.195865 0.371473 0.029323 0.065831
