0 0.695937 0.332605 0.049803 0.046329
0 0.661861 0.361014 0.049803 0.045455
0 0.405636 0.397727 0.053735 0.059441
0 0.411861 0.557692 0.062254 0.066434
0 0.396134 0.325175 0.050459 0.064685
0 0.751311 0.286713 0.095020 0.082168
0 0.461009 0.518357 0.059633 0.055944
0 0.609109 0.326923 0.049148 0.052448
0 0.159240 0.662587 0.117955 0.120629
0 0.813237 0.315997 0.049803 0.046329
0 0.194299 0.454545 0.057012 0.071678
0 0.689712 0.417395 0.062254 0.060315
0 0.637942 0.236451 0.046527 0.048077
0 0.537353 0.552448 0.292267 0.281469
0 0.643512 0.300262 0.048493 0.049825
0 0.197248 0.541521 0.064220 0.072552
0 0.625164 0.390297 0.051114 0.049825
0 0.625164 0.175262 0.044561 0.053322
0 0.709699 0.252185 0.044561 0.042832
0 0.671691 0.211538 0.045872 0.047203
0 0.250000 0.690122 0.068807 0.076049
0 0.530144 0.311189 0.049803 0.052448
0 0.309305 0.641608 0.068152 0.071678
0 0.676278 0.275787 0.047182 0.046329
0 0.603211 0.260490 0.046527 0.050699
0 0.815858 0.405157 0.049803 0.046329
0 0.505242 0.483829 0.057667 0.056818
0 0.448558 0.367570 0.051769 0.055070
0 0.248362 0.418706 0.057667 0.071678
0 0.242792 0.598776 0.064875 0.076923
0 0.532438 0.385052 0.050459 0.053322
0 0.555374 0.222902 0.046527 0.054196
0 0.357798 0.430070 0.056356 0.062937
0 0.447575 0.446241 0.055046 0.063811
0 0.217890 0.828234 0.102883 0.114510
0 0.300459 0.392045 0.053080 0.058566
0 0.307012 0.463724 0.062254 0.065559
0 0.350262 0.357080 0.053080 0.058566
0 0.490826 0.414336 0.055046 0.057692
0 0.727392 0.201486 0.086501 0.093531
0 0.300459 0.556381 0.067497 0.072552
0 0.363368 0.696678 0.084535 0.096154
0 0.519332 0.248689 0.046527 0.048077
0 0.353211 0.516608 0.060288 0.071678
0 0.119594 0.594406 0.101573 0.101399
0 0.672018 0.146416 0.072739 0.065559
0 0.571429 0.355769 0.052425 0.052448
0 0.137287 0.492570 0.059633 0.070804
0 0.479358 0.272290 0.047837 0.058566
0 0.403014 0.483829 0.055046 0.063811
0 0.587484 0.418706 0.051769 0.050699
0 0.591743 0.199738 0.043250 0.053322
0 0.069790 0.534965 0.057012 0.075175
0 0.568807 0.284528 0.047182 0.049825
0 0.176606 0.743444 0.085845 0.098776
0 0.547510 0.451049 0.055701 0.050699
0 0.441022 0.297203 0.047182 0.061189
0 0.361075 0.598339 0.061599 0.069056
0 0.252294 0.501748 0.061599 0.066434
0 0.500655 0.482080 1.000000 0.962413
0 0.490826 0.339161 0.049803 0.055944
