0 0.370000 0.566116 0.040000 0.096419
0 0.214444 0.460055 0.037778 0.093664
0 0.393333 0.457300 0.037778 0.093664
0 0.272222 0.242424 0.037778 0.093664
0 0.515556 0.347107 0.037778 0.093664
0 0.325556 0.568871 0.037778 0.096419
0 0.482778 0.455923 0.038889 0.096419
0 0.337778 0.349862 0.037778 0.093664
0 0.227778 0.242424 0.037778 0.093664
0 0.405556 0.242424 0.037778 0.093664
0 0.169444 0.460055 0.038889 0.093664
0 0.099444 0.570248 0.038889 0.093664
0 0.361667 0.242424 0.038889 0.093664
0 0.099444 0.242424 0.027778 0.093664
0 0.605556 0.348485 0.040000 0.096419
0 0.348333 0.457300 0.036667 0.093664
0 0.449444 0.241047 0.038889 0.096419
0 0.493889 0.239669 0.038889 0.093664
0 0.505556 0.677686 0.040000 0.099174
0 0.233889 0.680441 0.038889 0.099174
0 0.191111 0.570248 0.037778 0.093664
0 0.527778 0.455923 0.037778 0.096419
0 0.383333 0.349862 0.037778 0.093664
0 0.617778 0.454545 0.040000 0.093664
0 0.661667 0.454545 0.038889 0.099174
0 0.549444 0.566116 0.038889 0.096419
0 0.706667 0.398072 0.062222 0.206612
0 0.235556 0.568871 0.037778 0.096419
0 0.596111 0.676309 0.041111 0.096419
0 0.680556 0.563361 0.118889 0.096419
0 0.145000 0.568871 0.038889 0.096419
0 0.426667 0.349862 0.037778 0.093664
0 0.497778 0.435262 0.906667 0.738292
0 0.582222 0.238292 0.040000 0.090909
0 0.692778 0.236915 0.081111 0.093664
0 0.250000 0.351240 0.037778 0.096419
0 0.112778 0.458678 0.061111 0.096419
0 0.258889 0.458678 0.037778 0.096419
0 0.370556 0.679063 0.218889 0.101928
0 0.627222 0.239669 0.038889 0.093664
0 0.595000 0.566116 0.038889 0.096419
0 0.293889 0.351240 0.038889 0.096419
0 0.183889 0.243802 0.038889 0.090909
0 0.280556 0.568871 0.038889 0.096419
0 0.460000 0.567493 0.040000 0.099174
0 0.160556 0.351240 0.038889 0.096419
0 0.560556 0.347107 0.038889 0.093664
0 0.316667 0.242424 0.037778 0.093664
0 0.304444 0.458678 0.037778 0.096419
0 0.504444 0.566116 0.040000 0.096419
0 0.098889 0.680441 0.040000 0.099174
0 0.437778 0.455923 0.037778 0.096419
0 0.109444 0.351240 0.050000 0.096419
0 0.472222 0.348485 0.037778 0.090909
0 0.650000 0.345730 0.040000 0.096419
0 0.537778 0.239669 0.040000 0.093664
0 0.204444 0.348485 0.037778 0.096419
0 0.138889 0.242424 0.037778 0.093664
0 0.415556 0.566116 0.040000 0.096419
0 0.571667 0.455923 0.038889 0.096419
