0 0.315860 0.657068 0.045699 0.036649
0 0.543011 0.619110 0.043011 0.034031
0 0.626344 0.582461 0.043011 0.034031
0 0.649194 0.547120 0.040323 0.031414
0 0.258065 0.617801 0.043011 0.036649
0 0.438172 0.579843 0.043011 0.034031
0 0.696237 0.547120 0.037634 0.031414
0 0.767473 0.583770 0.040323 0.031414
0 0.639785 0.619110 0.043011 0.034031
0 0.348118 0.617801 0.045699 0.036649
0 0.522849 0.662304 0.045699 0.036649
0 0.423387 0.662304 0.045699 0.036649
0 0.471774 0.662304 0.045699 0.036649
0 0.177419 0.700262 0.048387 0.039267
0 0.822581 0.603403 0.064516 0.065445
0 0.254032 0.581152 0.045699 0.036649
0 0.688172 0.619110 0.043011 0.034031
0 0.282258 0.543194 0.043011 0.034031
0 0.392473 0.579843 0.043011 0.034031
0 0.767473 0.664921 0.034946 0.036649
0 0.396505 0.619110 0.045699 0.034031
0 0.504032 0.705497 0.174731 0.039267
0 0.200269 0.654450 0.083333 0.041885
0 0.801075 0.547120 0.075269 0.031414
0 0.532258 0.582461 0.043011 0.034031
0 0.465054 0.547120 0.043011 0.031414
0 0.736559 0.619110 0.043011 0.034031
0 0.209677 0.581152 0.037634 0.036649
0 0.513441 0.617801 0.768817 0.251309
0 0.513441 0.547120 0.043011 0.031414
0 0.673387 0.582461 0.040323 0.034031
0 0.444892 0.619110 0.045699 0.034031
0 0.571237 0.662304 0.045699 0.036649
0 0.623656 0.662304 0.043011 0.036649
0 0.494624 0.619110 0.043011 0.034031
0 0.579301 0.581152 0.040323 0.036649
0 0.301075 0.617801 0.043011 0.036649
0 0.622312 0.706806 0.045699 0.036649
0 0.420699 0.544503 0.040323 0.031414
0 0.372312 0.662304 0.045699 0.036649
0 0.740591 0.547120 0.040323 0.031414
0 0.724462 0.706806 0.045699 0.036649
0 0.721774 0.662304 0.045699 0.036649
0 0.344086 0.578534 0.043011 0.036649
0 0.381720 0.700262 0.048387 0.039267
0 0.720430 0.582461 0.043011 0.034031
0 0.591398 0.619110 0.043011 0.034031
0 0.784946 0.620419 0.043011 0.036649
0 0.266129 0.657068 0.048387 0.036649
0 0.208333 0.620419 0.045699 0.036649
0 0.557796 0.547120 0.040323 0.031414
0 0.485215 0.582461 0.045699 0.034031
0 0.375000 0.545812 0.040323 0.034031
0 0.297043 0.578534 0.045699 0.036649
0 0.327957 0.544503 0.043011 0.031414
0 0.672043 0.663613 0.043011 0.034031
0 0.603495 0.547120 0.040323 0.031414
0 0.236559 0.545812 0.043011 0.034031
