0 0.365633 0.652244 0.046512 0.112179
0 0.184755 0.528846 0.043928 0.108974
0 0.392765 0.525641 0.043928 0.108974
0 0.251938 0.275641 0.043928 0.108974
0 0.534884 0.397436 0.043928 0.108974
0 0.313953 0.655449 0.043928 0.112179
0 0.496770 0.524038 0.045220 0.112179
0 0.328165 0.400641 0.043928 0.108974
0 0.200258 0.275641 0.043928 0.108974
0 0.406977 0.275641 0.043928 0.108974
0 0.132429 0.528846 0.045220 0.108974
0 0.051034 0.657051 0.045220 0.108974
0 0.355943 0.275641 0.045220 0.108974
0 0.051034 0.275641 0.032300 0.108974
0 0.639535 0.399038 0.046512 0.112179
0 0.340439 0.525641 0.042636 0.108974
0 0.458010 0.274038 0.045220 0.112179
0 0.509690 0.272436 0.045220 0.108974
0 0.523256 0.782051 0.046512 0.115385
0 0.207364 0.785256 0.045220 0.115385
0 0.157623 0.657051 0.043928 0.108974
0 0.549096 0.524038 0.043928 0.112179
0 0.381137 0.400641 0.043928 0.108974
0 0.653747 0.522436 0.046512 0.108974
0 0.704780 0.522436 0.045220 0.115385
0 0.574289 0.652244 0.045220 0.112179
0 0.757106 0.456731 0.072351 0.240385
0 0.209302 0.655449 0.043928 0.112179
0 0.628553 0.780449 0.047804 0.112179
0 0.726744 0.649038 0.138243 0.112179
0 0.104005 0.655449 0.045220 0.112179
0 0.431525 0.400641 0.043928 0.108974
0 0.501292 0.500000 1.000000 0.858974
0 0.612403 0.270833 0.046512 0.105769
0 0.740956 0.269231 0.094315 0.108974
0 0.226098 0.402244 0.043928 0.112179
0 0.066537 0.527244 0.071059 0.112179
0 0.236434 0.527244 0.043928 0.112179
0 0.366279 0.783654 0.254522 0.118590
0 0.664729 0.272436 0.045220 0.108974
0 0.627261 0.652244 0.045220 0.112179
0 0.277132 0.402244 0.045220 0.112179
0 0.149225 0.277244 0.045220 0.105769
0 0.261628 0.655449 0.045220 0.112179
0 0.470284 0.653846 0.046512 0.115385
0 0.122093 0.402244 0.045220 0.112179
0 0.587209 0.397436 0.045220 0.108974
0 0.303618 0.275641 0.043928 0.108974
0 0.289406 0.527244 0.043928 0.112179
0 0.521964 0.652244 0.046512 0.112179
0 0.050388 0.785256 0.046512 0.115385
0 0.444444 0.524038 0.043928 0.112179
0 0.062661 0.402244 0.058140 0.112179
0 0.484496 0.399038 0.043928 0.105769
0 0.691214 0.395833 0.046512 0.112179
0 0.560724 0.272436 0.046512 0.108974
0 0.173127 0.399038 0.043928 0.112179
0 0.096899 0.275641 0.043928 0.108974
0 0.418605 0.652244 0.046512 0.112179
0 0.600129 0.524038 0.045220 0.112179
