0 0.624853 0.348498 0.052291 0.069788
0 0.517039 0.428004 0.054054 0.071555
0 0.254700 0.351590 0.052291 0.070671
0 0.641304 0.426237 0.053467 0.071555
0 0.502350 0.349823 0.052879 0.070671
0 0.883666 0.425795 0.051704 0.072438
0 0.714747 0.272085 0.052291 0.068905
0 0.193890 0.353357 0.052879 0.072438
0 0.864865 0.347615 0.051704 0.071555
0 0.793478 0.505742 0.044066 0.073322
0 0.235899 0.512367 0.053467 0.072438
0 0.654524 0.272527 0.052879 0.068021
0 0.361340 0.511042 0.054054 0.073322
0 0.579025 0.427562 0.053467 0.072438
0 0.267039 0.431979 0.052291 0.072438
0 0.298472 0.511926 0.052879 0.073322
0 0.391598 0.430212 0.053467 0.072438
0 0.412456 0.273852 0.051704 0.067138
0 0.594595 0.273410 0.052879 0.069788
0 0.933020 0.387367 0.070505 0.145760
0 0.169506 0.276943 0.051116 0.068021
0 0.910693 0.272527 0.089307 0.066254
0 0.317274 0.352473 0.052879 0.070671
0 0.473561 0.272968 0.051704 0.067138
0 0.126322 0.354682 0.064630 0.069788
0 0.482080 0.592314 0.296710 0.076855
0 0.806404 0.348940 0.053467 0.072438
0 0.205347 0.431537 0.051116 0.071555
0 0.763514 0.426237 0.052291 0.071555
0 0.351351 0.273852 0.051704 0.067138
0 0.424207 0.509717 0.054054 0.074205
0 0.676557 0.506625 0.054642 0.073322
0 0.329318 0.430212 0.052291 0.072438
0 0.534665 0.272968 0.052879 0.068905
0 0.665687 0.588781 0.055229 0.076855
0 0.527321 0.409011 0.937133 0.487633
0 0.824618 0.426237 0.053467 0.071555
0 0.737955 0.506184 0.055229 0.074205
0 0.613396 0.507509 0.057579 0.076855
0 0.440071 0.350265 0.052879 0.069788
0 0.296416 0.595848 0.054642 0.075088
0 0.106639 0.597173 0.054642 0.075972
0 0.550235 0.507509 0.054642 0.073322
0 0.794653 0.587014 0.065217 0.075088
0 0.702996 0.425795 0.052291 0.072438
0 0.487368 0.508834 0.055817 0.075972
0 0.129553 0.432420 0.080494 0.071555
0 0.774089 0.272085 0.051116 0.067138
0 0.115746 0.277827 0.035253 0.066254
0 0.173325 0.513251 0.054054 0.074205
0 0.745887 0.347615 0.053467 0.069788
0 0.832844 0.271643 0.049941 0.066254
0 0.378672 0.351148 0.052291 0.069788
0 0.453878 0.428004 0.052291 0.071555
0 0.563161 0.349382 0.053467 0.071555
0 0.289953 0.274735 0.053467 0.068905
0 0.849295 0.507509 0.058167 0.073322
0 0.111046 0.514134 0.052879 0.072438
0 0.685076 0.348057 0.052879 0.070671
0 0.230024 0.275618 0.052291 0.067138
