0 0.371330 0.606154 0.044905 0.070769
0 0.186097 0.505385 0.045769 0.075385
0 0.559154 0.327692 0.042314 0.080000
0 0.670553 0.333846 0.044041 0.086154
0 0.517271 0.359231 0.044905 0.081538
0 0.474957 0.386923 0.043178 0.078462
0 0.636874 0.509231 0.040587 0.067692
0 0.502159 0.444615 0.044041 0.073846
0 0.676598 0.173077 0.083765 0.106154
0 0.214594 0.716154 0.044041 0.072308
0 0.493955 0.524615 0.044905 0.073846
0 0.224093 0.555385 0.047496 0.070769
0 0.215458 0.639231 0.044041 0.072308
0 0.610535 0.216923 0.043178 0.076923
0 0.395078 0.360769 0.044041 0.075385
0 0.707686 0.268462 0.076857 0.149231
0 0.522884 0.273846 0.042314 0.080000
0 0.308290 0.418462 0.046632 0.073846
0 0.141192 0.619231 0.054404 0.087692
0 0.294473 0.586154 0.044905 0.076923
0 0.554404 0.568462 0.041451 0.069231
0 0.520294 0.432308 0.838515 0.861538
0 0.645078 0.273077 0.041451 0.078462
0 0.437824 0.332308 0.041451 0.083077
0 0.566494 0.246154 0.043178 0.080000
0 0.626943 0.360769 0.043178 0.075385
0 0.390328 0.443077 0.044905 0.076923
0 0.148532 0.536154 0.039724 0.075385
0 0.431779 0.413846 0.044905 0.073846
0 0.602332 0.300769 0.042314 0.084615
0 0.585060 0.391538 0.042314 0.078462
0 0.166235 0.676923 0.063040 0.089231
0 0.193437 0.805385 0.048359 0.087692
0 0.459845 0.473846 0.042314 0.073846
0 0.416667 0.501538 0.044041 0.073846
0 0.226684 0.476154 0.047496 0.078462
0 0.175302 0.744615 0.044905 0.073846
0 0.306995 0.500769 0.049223 0.078462
0 0.544473 0.415385 0.042314 0.073846
0 0.376079 0.530000 0.045769 0.075385
0 0.266839 0.446154 0.048359 0.073846
0 0.290155 0.662308 0.041451 0.069231
0 0.309585 0.721538 0.044041 0.064615
0 0.699050 0.397692 0.113126 0.121538
0 0.481002 0.301538 0.043178 0.083077
0 0.578152 0.471538 0.040587 0.075385
0 0.454231 0.553846 0.043178 0.073846
0 0.430052 0.643077 0.207254 0.181538
0 0.253886 0.612308 0.044905 0.073846
0 0.619171 0.443077 0.039724 0.073846
0 0.252591 0.689231 0.045769 0.073846
0 0.264680 0.530000 0.047496 0.075385
0 0.535406 0.500000 0.041451 0.076923
0 0.413212 0.579231 0.045769 0.075385
0 0.332038 0.636154 0.047496 0.075385
0 0.348014 0.471538 0.044905 0.075385
0 0.335924 0.556923 0.044905 0.070769
0 0.351900 0.389231 0.049223 0.073846
0 0.184801 0.586923 0.050086 0.078462
