0 0.582168 0.457895 0.050117 0.073684
0 0.647436 0.292982 0.047786 0.070175
0 0.512238 0.215789 0.047786 0.070175
0 0.757576 0.293860 0.048951 0.071930
0 0.190559 0.459649 0.050117 0.073684
0 0.484848 0.294737 0.046620 0.070175
0 0.692308 0.457018 0.048951 0.071930
0 0.275641 0.378070 0.047786 0.071930
0 0.220280 0.377193 0.046620 0.070175
0 0.747086 0.455263 0.048951 0.071930
0 0.347319 0.214912 0.046620 0.068421
0 0.319347 0.296491 0.046620 0.070175
0 0.701632 0.292982 0.046620 0.070175
0 0.782051 0.211404 0.046620 0.068421
0 0.374709 0.296491 0.047786 0.070175
0 0.442890 0.375439 0.046620 0.070175
0 0.639860 0.539474 0.048951 0.071930
0 0.415501 0.457895 0.047786 0.070175
0 0.402098 0.214912 0.046620 0.068421
0 0.619464 0.214035 0.047786 0.070175
0 0.181818 0.214912 0.046620 0.068421
0 0.593240 0.292982 0.046620 0.070175
0 0.526224 0.457018 0.047786 0.071930
0 0.637529 0.457018 0.048951 0.071930
0 0.125874 0.460526 0.062937 0.075439
0 0.673660 0.212281 0.046620 0.070175
0 0.301865 0.542982 0.048951 0.071930
0 0.773310 0.373684 0.047786 0.070175
0 0.456876 0.214912 0.046620 0.068421
0 0.291375 0.214912 0.048951 0.068421
0 0.237179 0.214912 0.047786 0.068421
0 0.750000 0.538596 0.050117 0.073684
0 0.208042 0.296491 0.047786 0.073684
0 0.565268 0.214912 0.046620 0.068421
0 0.359557 0.458772 0.047786 0.071930
0 0.863054 0.209649 0.099068 0.068421
0 0.506410 0.323684 0.875291 0.580702
0 0.263403 0.294737 0.046620 0.070175
0 0.663170 0.373684 0.046620 0.070175
0 0.142774 0.377193 0.092075 0.073684
0 0.538462 0.294737 0.046620 0.070175
0 0.429487 0.295614 0.045455 0.068421
0 0.247669 0.460526 0.047786 0.071930
0 0.608392 0.373684 0.046620 0.070175
0 0.122378 0.544737 0.065268 0.075439
0 0.717949 0.374561 0.046620 0.071930
0 0.828089 0.372807 0.047786 0.071930
0 0.497669 0.375439 0.046620 0.070175
0 0.331585 0.376316 0.047786 0.071930
0 0.471445 0.541228 0.273893 0.075439
0 0.811189 0.292105 0.046620 0.071930
0 0.880536 0.331579 0.078089 0.150877
0 0.553613 0.375439 0.046620 0.070175
0 0.850816 0.452632 0.144522 0.073684
0 0.470862 0.457895 0.048951 0.073684
0 0.387529 0.376316 0.047786 0.071930
0 0.137529 0.294737 0.074592 0.073684
0 0.727273 0.213158 0.046620 0.068421
0 0.124709 0.214035 0.046620 0.070175
0 0.303613 0.458772 0.047786 0.071930
