0 0.349085 0.683432 0.051829 0.041420
0 0.606707 0.640533 0.048780 0.038462
0 0.701220 0.599112 0.048780 0.038462
0 0.727134 0.559172 0.045732 0.035503
0 0.283537 0.639053 0.048780 0.041420
0 0.487805 0.596154 0.048780 0.038462
0 0.780488 0.559172 0.042683 0.035503
0 0.861280 0.600592 0.045732 0.035503
0 0.716463 0.640533 0.048780 0.038462
0 0.385671 0.639053 0.051829 0.041420
0 0.583841 0.689349 0.051829 0.041420
0 0.471037 0.689349 0.051829 0.041420
0 0.525915 0.689349 0.051829 0.041420
0 0.192073 0.732249 0.054878 0.044379
0 0.923780 0.622781 0.073171 0.073964
0 0.278963 0.597633 0.051829 0.041420
0 0.771341 0.640533 0.048780 0.038462
0 0.310976 0.554734 0.048780 0.038462
0 0.435976 0.596154 0.048780 0.038462
0 0.861280 0.692308 0.039634 0.041420
0 0.440549 0.640533 0.051829 0.038462
0 0.562500 0.738166 0.198171 0.044379
0 0.217988 0.680473 0.094512 0.047337
0 0.899390 0.559172 0.085366 0.035503
0 0.594512 0.599112 0.048780 0.038462
0 0.518293 0.559172 0.048780 0.035503
0 0.826220 0.640533 0.048780 0.038462
0 0.228659 0.597633 0.042683 0.041420
0 0.570122 0.639053 0.865854 0.284024
0 0.573171 0.559172 0.048780 0.035503
0 0.754573 0.599112 0.045732 0.038462
0 0.495427 0.640533 0.051829 0.038462
0 0.638720 0.689349 0.051829 0.041420
0 0.698171 0.689349 0.048780 0.041420
0 0.551829 0.640533 0.048780 0.038462
0 0.647866 0.597633 0.045732 0.041420
0 0.332317 0.639053 0.048780 0.041420
0 0.696646 0.739645 0.051829 0.041420
0 0.467988 0.556213 0.045732 0.035503
0 0.413110 0.689349 0.051829 0.041420
0 0.830793 0.559172 0.045732 0.035503
0 0.812500 0.739645 0.051829 0.041420
0 0.809451 0.689349 0.051829 0.041420
0 0.381098 0.594675 0.048780 0.041420
0 0.423780 0.732249 0.054878 0.044379
0 0.807927 0.599112 0.048780 0.038462
0 0.661585 0.640533 0.048780 0.038462
0 0.881098 0.642012 0.048780 0.041420
0 0.292683 0.683432 0.054878 0.041420
0 0.227134 0.642012 0.051829 0.041420
0 0.623476 0.559172 0.045732 0.035503
0 0.541159 0.599112 0.051829 0.038462
0 0.416159 0.557692 0.045732 0.038462
0 0.327744 0.594675 0.051829 0.041420
0 0.362805 0.556213 0.048780 0.035503
0 0.753049 0.690828 0.048780 0.038462
0 0.675305 0.559172 0.045732 0.035503
0 0.259146 0.557692 0.048780 0.038462
