0 0.288421 0.206557 0.044211 0.065574
0 0.557895 0.435246 0.044211 0.070492
0 0.390000 0.204918 0.043158 0.065574
0 0.137368 0.522131 0.060000 0.070492
0 0.592632 0.200000 0.044211 0.068852
0 0.737368 0.354098 0.045263 0.068852
0 0.377895 0.360656 0.044211 0.068852
0 0.454211 0.437705 0.045263 0.068852
0 0.610000 0.434426 0.045263 0.068852
0 0.542105 0.201639 0.044211 0.065574
0 0.506316 0.436885 0.046316 0.070492
0 0.662105 0.433607 0.046316 0.070492
0 0.275263 0.363115 0.043158 0.067213
0 0.774211 0.273770 0.045263 0.068852
0 0.612632 0.515574 0.046316 0.070492
0 0.440526 0.203279 0.043158 0.065574
0 0.314737 0.284426 0.044211 0.067213
0 0.326316 0.360656 0.044211 0.068852
0 0.713684 0.432787 0.046316 0.068852
0 0.299474 0.520492 0.045263 0.070492
0 0.212632 0.286066 0.044211 0.067213
0 0.415789 0.281148 0.042105 0.067213
0 0.428421 0.359016 0.044211 0.068852
0 0.517895 0.279508 0.044211 0.067213
0 0.263158 0.283607 0.044211 0.068852
0 0.840000 0.310656 0.073684 0.145902
0 0.811053 0.429508 0.137895 0.072131
0 0.620000 0.276230 0.044211 0.067213
0 0.224211 0.363115 0.044211 0.067213
0 0.531579 0.357377 0.044211 0.068852
0 0.634737 0.354098 0.044211 0.068852
0 0.789474 0.352459 0.044211 0.068852
0 0.569474 0.277869 0.044211 0.067213
0 0.644211 0.197541 0.044211 0.067213
0 0.300000 0.440984 0.044211 0.068852
0 0.339474 0.205738 0.043158 0.067213
0 0.746316 0.195902 0.044211 0.067213
0 0.492632 0.324590 0.827368 0.524590
0 0.466842 0.281148 0.043158 0.067213
0 0.154211 0.363934 0.083158 0.068852
0 0.365263 0.282787 0.044211 0.067213
0 0.197368 0.441803 0.045263 0.070492
0 0.479474 0.358197 0.043158 0.067213
0 0.454737 0.517213 0.252632 0.073770
0 0.671053 0.275410 0.045263 0.068852
0 0.139474 0.442623 0.057895 0.068852
0 0.694737 0.197541 0.044211 0.067213
0 0.722632 0.275410 0.045263 0.068852
0 0.824211 0.193443 0.094737 0.068852
0 0.250000 0.440984 0.045263 0.068852
0 0.715789 0.513934 0.046316 0.070492
0 0.685789 0.354098 0.045263 0.068852
0 0.136842 0.208197 0.042105 0.065574
0 0.492632 0.203279 0.044211 0.065574
0 0.583158 0.355738 0.044211 0.068852
0 0.351579 0.439344 0.044211 0.068852
0 0.148947 0.285246 0.068421 0.068852
0 0.187895 0.208197 0.043158 0.065574
0 0.403158 0.437705 0.044211 0.068852
0 0.238947 0.207377 0.044211 0.067213
