0 0.562778 0.454090 0.047778 0.070117
0 0.625000 0.297162 0.045556 0.066778
0 0.496111 0.223706 0.045556 0.066778
0 0.730000 0.297997 0.046667 0.068447
0 0.189444 0.455760 0.047778 0.070117
0 0.470000 0.298831 0.044444 0.066778
0 0.667778 0.453255 0.046667 0.068447
0 0.270556 0.378130 0.045556 0.068447
0 0.217778 0.377295 0.044444 0.066778
0 0.720000 0.451586 0.046667 0.068447
0 0.338889 0.222871 0.044444 0.065109
0 0.312222 0.300501 0.044444 0.066778
0 0.676667 0.297162 0.044444 0.066778
0 0.753333 0.219533 0.044444 0.065109
0 0.365000 0.300501 0.045556 0.066778
0 0.430000 0.375626 0.044444 0.066778
0 0.617778 0.531720 0.046667 0.068447
0 0.403889 0.454090 0.045556 0.066778
0 0.391111 0.222871 0.044444 0.065109
0 0.598333 0.222037 0.045556 0.066778
0 0.181111 0.222871 0.044444 0.065109
0 0.573333 0.297162 0.044444 0.066778
0 0.509444 0.453255 0.045556 0.068447
0 0.615556 0.453255 0.046667 0.068447
0 0.127778 0.456594 0.060000 0.071786
0 0.650000 0.220367 0.044444 0.066778
0 0.295556 0.535058 0.046667 0.068447
0 0.745000 0.373957 0.045556 0.066778
0 0.443333 0.222871 0.044444 0.065109
0 0.285556 0.222871 0.046667 0.065109
0 0.233889 0.222871 0.045556 0.065109
0 0.722778 0.530885 0.047778 0.070117
0 0.206111 0.300501 0.045556 0.070117
0 0.546667 0.222871 0.044444 0.065109
0 0.350556 0.454925 0.045556 0.068447
0 0.830556 0.217863 0.094444 0.065109
0 0.490556 0.326377 0.834444 0.552588
0 0.258889 0.298831 0.044444 0.066778
0 0.640000 0.373957 0.044444 0.066778
0 0.143889 0.377295 0.087778 0.070117
0 0.521111 0.298831 0.044444 0.066778
0 0.417222 0.299666 0.043333 0.065109
0 0.243889 0.456594 0.045556 0.068447
0 0.587778 0.373957 0.044444 0.066778
0 0.124444 0.536728 0.062222 0.071786
0 0.692222 0.374791 0.044444 0.068447
0 0.797222 0.373122 0.045556 0.068447
0 0.482222 0.375626 0.044444 0.066778
0 0.323889 0.376461 0.045556 0.068447
0 0.457222 0.533389 0.261111 0.071786
0 0.781111 0.296327 0.044444 0.068447
0 0.847222 0.333890 0.074444 0.143573
0 0.535556 0.375626 0.044444 0.066778
0 0.818889 0.449082 0.137778 0.070117
0 0.456667 0.454090 0.046667 0.070117
0 0.377222 0.376461 0.045556 0.068447
0 0.138889 0.298831 0.071111 0.070117
0 0.701111 0.221202 0.044444 0.065109
0 0.126667 0.222037 0.044444 0.066778
0 0.297222 0.454925 0.045556 0.068447
