0 0.351562 0.619444 0.040625 0.063889
0 0.183984 0.528472 0.041406 0.068056
0 0.521484 0.368056 0.038281 0.072222
0 0.622266 0.373611 0.039844 0.077778
0 0.483594 0.396528 0.040625 0.073611
0 0.445312 0.421528 0.039062 0.070833
0 0.591797 0.531944 0.036719 0.061111
0 0.469922 0.473611 0.039844 0.066667
0 0.627734 0.228472 0.075781 0.095833
0 0.209766 0.718750 0.039844 0.065278
0 0.462500 0.545833 0.040625 0.066667
0 0.218359 0.573611 0.042969 0.063889
0 0.210547 0.649306 0.039844 0.065278
0 0.567969 0.268056 0.039062 0.069444
0 0.373047 0.397917 0.039844 0.068056
0 0.655859 0.314583 0.069531 0.134722
0 0.488672 0.319444 0.038281 0.072222
0 0.294531 0.450000 0.042188 0.066667
0 0.143359 0.631250 0.049219 0.079167
0 0.282031 0.601389 0.040625 0.069444
0 0.517188 0.585417 0.037500 0.062500
0 0.486328 0.436111 0.758594 0.830556
0 0.599219 0.318750 0.037500 0.070833
0 0.411719 0.372222 0.037500 0.075000
0 0.528125 0.294444 0.039062 0.072222
0 0.582812 0.397917 0.039062 0.068056
0 0.368750 0.472222 0.040625 0.069444
0 0.150000 0.556250 0.035937 0.068056
0 0.406250 0.445833 0.040625 0.066667
0 0.560547 0.343750 0.038281 0.076389
0 0.544922 0.425694 0.038281 0.070833
0 0.166016 0.683333 0.057031 0.080556
0 0.190625 0.799306 0.043750 0.079167
0 0.431641 0.500000 0.038281 0.066667
0 0.392578 0.525000 0.039844 0.066667
0 0.220703 0.502083 0.042969 0.070833
0 0.174219 0.744444 0.040625 0.066667
0 0.293359 0.524306 0.044531 0.070833
0 0.508203 0.447222 0.038281 0.066667
0 0.355859 0.550694 0.041406 0.068056
0 0.257031 0.475000 0.043750 0.066667
0 0.278125 0.670139 0.037500 0.062500
0 0.295703 0.723611 0.039844 0.058333
0 0.648047 0.431250 0.102344 0.109722
0 0.450781 0.344444 0.039062 0.075000
0 0.538672 0.497917 0.036719 0.068056
0 0.426563 0.572222 0.039062 0.066667
0 0.404687 0.652778 0.187500 0.163889
0 0.245312 0.625000 0.040625 0.066667
0 0.575781 0.472222 0.035937 0.066667
0 0.244141 0.694444 0.041406 0.066667
0 0.255078 0.550694 0.042969 0.068056
0 0.500000 0.523611 0.037500 0.069444
0 0.389453 0.595139 0.041406 0.068056
0 0.316016 0.646528 0.042969 0.068056
0 0.330469 0.497917 0.040625 0.068056
0 0.319531 0.575000 0.040625 0.063889
0 0.333984 0.423611 0.044531 0.066667
0 0.182812 0.602083 0.045312 0.070833
