0 0.284091 0.180851 0.047727 0.070922
0 0.575000 0.428191 0.047727 0.076241
0 0.393750 0.179078 0.046591 0.070922
0 0.121023 0.522163 0.064773 0.076241
0 0.612500 0.173759 0.047727 0.074468
0 0.768750 0.340426 0.048864 0.074468
0 0.380682 0.347518 0.047727 0.074468
0 0.463068 0.430851 0.048864 0.074468
0 0.631250 0.427305 0.048864 0.074468
0 0.557955 0.175532 0.047727 0.070922
0 0.519318 0.429965 0.050000 0.076241
0 0.687500 0.426418 0.050000 0.076241
0 0.269886 0.350177 0.046591 0.072695
0 0.808523 0.253546 0.048864 0.074468
0 0.634091 0.515071 0.050000 0.076241
0 0.448295 0.177305 0.046591 0.070922
0 0.312500 0.265071 0.047727 0.072695
0 0.325000 0.347518 0.047727 0.074468
0 0.743182 0.425532 0.050000 0.074468
0 0.296023 0.520390 0.048864 0.076241
0 0.202273 0.266844 0.047727 0.072695
0 0.421591 0.261525 0.045455 0.072695
0 0.435227 0.345745 0.047727 0.074468
0 0.531818 0.259752 0.047727 0.072695
0 0.256818 0.264184 0.047727 0.074468
0 0.879545 0.293440 0.079545 0.157801
0 0.848295 0.421986 0.148864 0.078014
0 0.642045 0.256206 0.047727 0.072695
0 0.214773 0.350177 0.047727 0.072695
0 0.546591 0.343972 0.047727 0.074468
0 0.657955 0.340426 0.047727 0.074468
0 0.825000 0.338652 0.047727 0.074468
0 0.587500 0.257979 0.047727 0.072695
0 0.668182 0.171099 0.047727 0.072695
0 0.296591 0.434397 0.047727 0.074468
0 0.339205 0.179965 0.046591 0.072695
0 0.778409 0.169326 0.047727 0.072695
0 0.504545 0.308511 0.893182 0.567376
0 0.476705 0.261525 0.046591 0.072695
0 0.139205 0.351064 0.089773 0.074468
0 0.367045 0.263298 0.047727 0.072695
0 0.185795 0.435284 0.048864 0.076241
0 0.490341 0.344858 0.046591 0.072695
0 0.463636 0.516844 0.272727 0.079787
0 0.697159 0.255319 0.048864 0.074468
0 0.123295 0.436170 0.062500 0.074468
0 0.722727 0.171099 0.047727 0.072695
0 0.752841 0.255319 0.048864 0.074468
0 0.862500 0.166667 0.102273 0.074468
0 0.242614 0.434397 0.048864 0.074468
0 0.745455 0.513298 0.050000 0.076241
0 0.713068 0.340426 0.048864 0.074468
0 0.120455 0.182624 0.045455 0.070922
0 0.504545 0.177305 0.047727 0.070922
0 0.602273 0.342199 0.047727 0.074468
0 0.352273 0.432624 0.047727 0.074468
0 0.133523 0.265957 0.073864 0.074468
0 0.175568 0.182624 0.046591 0.070922
0 0.407955 0.430851 0.047727 0.074468
0 0.230682 0.181738 0.047727 0.072695
