0 0.638750 0.350093 0.045000 0.059590
0 0.711875 0.420857 0.038750 0.059590
0 0.851250 0.310987 0.062500 0.130354
0 0.348125 0.282123 0.046250 0.057728
0 0.416875 0.352886 0.046250 0.057728
0 0.321250 0.212291 0.045000 0.055866
0 0.164375 0.215084 0.036250 0.057728
0 0.184375 0.283054 0.046250 0.059590
0 0.676875 0.278399 0.046250 0.057728
0 0.528125 0.351024 0.046250 0.057728
0 0.213750 0.214153 0.045000 0.055866
0 0.621875 0.278399 0.046250 0.057728
0 0.471875 0.351024 0.046250 0.057728
0 0.239375 0.283054 0.046250 0.059590
0 0.485625 0.211359 0.046250 0.057728
0 0.664375 0.420857 0.038750 0.059590
0 0.611250 0.495345 0.047500 0.059590
0 0.555625 0.421788 0.048750 0.061453
0 0.361875 0.352886 0.046250 0.057728
0 0.430000 0.212291 0.045000 0.055866
0 0.221875 0.426443 0.046250 0.059590
0 0.111875 0.500931 0.048750 0.063315
0 0.583125 0.350093 0.046250 0.059590
0 0.757500 0.207635 0.045000 0.057728
0 0.458750 0.282123 0.045000 0.057728
0 0.280625 0.499069 0.046250 0.059590
0 0.305625 0.353818 0.046250 0.059590
0 0.403750 0.280261 0.045000 0.057728
0 0.444375 0.423650 0.048750 0.061453
0 0.750625 0.349162 0.046250 0.057728
0 0.613125 0.421788 0.046250 0.061453
0 0.488125 0.323091 0.843750 0.445065
0 0.724375 0.495345 0.048750 0.059590
0 0.129375 0.352886 0.068750 0.061453
0 0.376250 0.212291 0.045000 0.055866
0 0.732500 0.278399 0.047500 0.057728
0 0.693750 0.348231 0.047500 0.059590
0 0.118750 0.214153 0.035000 0.055866
0 0.445625 0.497207 0.263750 0.063315
0 0.294375 0.283054 0.046250 0.059590
0 0.831250 0.206704 0.082500 0.059590
0 0.805625 0.348231 0.046250 0.059590
0 0.787500 0.276536 0.047500 0.057728
0 0.568125 0.279330 0.046250 0.055866
0 0.539375 0.210428 0.046250 0.055866
0 0.278125 0.426443 0.046250 0.059590
0 0.333125 0.424581 0.046250 0.059590
0 0.196875 0.354749 0.046250 0.057728
0 0.593125 0.208566 0.046250 0.055866
0 0.389375 0.424581 0.046250 0.059590
0 0.701875 0.208566 0.046250 0.055866
0 0.500625 0.422719 0.046250 0.059590
0 0.117500 0.427374 0.050000 0.061453
0 0.267500 0.213222 0.047500 0.057728
0 0.125000 0.283054 0.052500 0.059590
0 0.511875 0.280261 0.046250 0.057728
0 0.251875 0.354749 0.046250 0.057728
0 0.171250 0.425512 0.037500 0.061453
0 0.647500 0.208566 0.047500 0.055866
0 0.765000 0.419926 0.052500 0.061453
