0 0.587093 0.207529 0.051378 0.075290
0 0.095238 0.131274 0.050125 0.073359
0 0.218672 0.481660 0.053885 0.079151
0 0.279449 0.388996 0.052632 0.079151
0 0.820175 0.112934 0.111529 0.075290
0 0.209900 0.130309 0.051378 0.075290
0 0.412907 0.211390 0.048872 0.075290
0 0.399749 0.476834 0.290727 0.081081
0 0.498747 0.123552 0.050125 0.073359
0 0.368421 0.299228 0.050125 0.077220
0 0.427318 0.298263 0.050125 0.075290
0 0.033208 0.484556 0.063910 0.081081
0 0.310777 0.301158 0.050125 0.077220
0 0.250627 0.301158 0.050125 0.077220
0 0.645990 0.204633 0.051378 0.077220
0 0.784461 0.290541 0.052632 0.079151
0 0.122180 0.218147 0.051378 0.077220
0 0.557644 0.122587 0.050125 0.075290
0 0.663534 0.293436 0.051378 0.077220
0 0.706140 0.204633 0.053885 0.077220
0 0.701128 0.472973 0.053885 0.081081
0 0.267544 0.127413 0.048872 0.073359
0 0.672306 0.117761 0.051378 0.073359
0 0.577694 0.384170 0.052632 0.077220
0 0.614662 0.119691 0.051378 0.077220
0 0.179198 0.216216 0.050125 0.077220
0 0.470551 0.210425 0.051378 0.077220
0 0.052632 0.304054 0.095238 0.079151
0 0.810150 0.378378 0.159148 0.081081
0 0.338972 0.388031 0.051378 0.077220
0 0.529449 0.209459 0.048872 0.075290
0 0.192982 0.303089 0.050125 0.077220
0 0.161654 0.391892 0.052632 0.077220
0 0.221178 0.391892 0.051378 0.077220
0 0.765664 0.202703 0.052632 0.077220
0 0.605263 0.294402 0.050125 0.075290
0 0.486842 0.297297 0.048872 0.077220
0 0.102130 0.392857 0.053885 0.079151
0 0.383459 0.126448 0.050125 0.075290
0 0.034461 0.392857 0.066416 0.079151
0 0.546366 0.295367 0.050125 0.077220
0 0.464912 0.301158 0.927318 0.598456
0 0.516917 0.385135 0.053885 0.079151
0 0.296366 0.214286 0.048872 0.077220
0 0.580827 0.475869 0.053885 0.079151
0 0.325815 0.127413 0.050125 0.073359
0 0.397870 0.387066 0.053885 0.079151
0 0.048246 0.217181 0.078947 0.075290
0 0.442356 0.126448 0.050125 0.075290
0 0.637218 0.383205 0.051378 0.079151
0 0.724311 0.291506 0.052632 0.077220
0 0.238095 0.215251 0.050125 0.075290
0 0.354010 0.212355 0.048872 0.073359
0 0.731830 0.115830 0.050125 0.073359
0 0.153509 0.130309 0.051378 0.075290
0 0.842732 0.245174 0.086466 0.166023
0 0.133459 0.304054 0.051378 0.075290
0 0.458020 0.386100 0.051378 0.077220
0 0.036341 0.132239 0.050125 0.075290
0 0.697995 0.382239 0.052632 0.077220
