0 0.475234 0.639810 0.053271 0.118483
0 0.716355 0.388626 0.051402 0.109005
0 0.126636 0.640995 0.055140 0.120853
0 0.391121 0.513033 0.049533 0.111374
0 0.521495 0.276066 0.048598 0.101896
0 0.791589 0.635071 0.095327 0.123223
0 0.494393 0.501185 0.986916 0.765403
0 0.629907 0.270142 0.048598 0.099526
0 0.428505 0.778436 0.329907 0.125592
0 0.221495 0.514218 0.050467 0.113744
0 0.737850 0.270142 0.047664 0.099526
0 0.382710 0.393365 0.049533 0.104265
0 0.334579 0.514218 0.050467 0.113744
0 0.817290 0.270142 0.100000 0.099526
0 0.305607 0.278436 0.046729 0.097156
0 0.534579 0.640995 0.054206 0.120853
0 0.563551 0.510664 0.050467 0.111374
0 0.241121 0.643365 0.054206 0.120853
0 0.358411 0.643365 0.053271 0.120853
0 0.626168 0.776066 0.056075 0.125592
0 0.300000 0.644550 0.054206 0.123223
0 0.231308 0.778436 0.055140 0.125592
0 0.448598 0.513033 0.050467 0.111374
0 0.146729 0.278436 0.048598 0.101896
0 0.088318 0.510664 0.094393 0.116114
0 0.359346 0.277251 0.047664 0.099526
0 0.200000 0.278436 0.048598 0.101896
0 0.327103 0.395735 0.050467 0.104265
0 0.736449 0.509479 0.052336 0.113744
0 0.845327 0.450237 0.088785 0.227488
0 0.252336 0.278436 0.048598 0.101896
0 0.711682 0.638626 0.053271 0.120853
0 0.659346 0.383886 0.049533 0.104265
0 0.621028 0.508294 0.051402 0.111374
0 0.162150 0.393365 0.051402 0.109005
0 0.678505 0.509479 0.050467 0.113744
0 0.653271 0.638626 0.054206 0.116114
0 0.184112 0.643365 0.054206 0.120853
0 0.549065 0.388626 0.049533 0.104265
0 0.492991 0.390995 0.049533 0.104265
0 0.060280 0.639810 0.070093 0.123223
0 0.754206 0.774882 0.072897 0.127962
0 0.771495 0.385071 0.049533 0.106635
0 0.165888 0.514218 0.051402 0.113744
0 0.792991 0.509479 0.051402 0.113744
0 0.437850 0.392180 0.047664 0.106635
0 0.093925 0.390995 0.077570 0.109005
0 0.506075 0.511848 0.049533 0.113744
0 0.594393 0.639810 0.052336 0.118483
0 0.271963 0.393365 0.050467 0.109005
0 0.683645 0.271327 0.047664 0.097156
0 0.575701 0.272512 0.048598 0.099526
0 0.413551 0.277251 0.047664 0.099526
0 0.416822 0.642180 0.054206 0.123223
0 0.093925 0.277251 0.049533 0.099526
0 0.468224 0.274882 0.048598 0.099526
0 0.277103 0.514218 0.051402 0.113744
0 0.216822 0.392180 0.050467 0.106635
0 0.044393 0.774882 0.077570 0.132701
0 0.604206 0.386256 0.049533 0.104265
