0 0.362500 0.455000 0.040000 0.043333
0 0.581562 0.554583 0.041875 0.047500
0 0.452813 0.455417 0.039375 0.042500
0 0.133437 0.455417 0.043125 0.044167
0 0.439375 0.554167 0.041250 0.048333
0 0.658438 0.501250 0.041875 0.045833
0 0.164375 0.612500 0.047500 0.051667
0 0.204375 0.677917 0.050000 0.067500
0 0.335625 0.504167 0.041250 0.045000
0 0.271250 0.455000 0.040000 0.043333
0 0.225625 0.455000 0.042500 0.043333
0 0.214062 0.612500 0.045625 0.051667
0 0.093750 0.503333 0.055000 0.048333
0 0.560625 0.607500 0.043750 0.050000
0 0.313125 0.610833 0.043750 0.051667
0 0.391562 0.555417 0.041875 0.047500
0 0.511563 0.607917 0.043125 0.050833
0 0.197500 0.556667 0.045000 0.050000
0 0.676562 0.552917 0.043125 0.047500
0 0.462813 0.608750 0.044375 0.050833
0 0.288438 0.503750 0.041875 0.045833
0 0.612812 0.503333 0.041875 0.045000
0 0.294687 0.556250 0.043125 0.050833
0 0.358750 0.675417 0.253750 0.069167
0 0.408438 0.455000 0.039375 0.041667
0 0.048438 0.679167 0.055625 0.068333
0 0.149062 0.556667 0.045625 0.050000
0 0.193438 0.503750 0.043125 0.047500
0 0.520625 0.502500 0.040000 0.045000
0 0.585938 0.454583 0.039375 0.040833
0 0.497500 0.454583 0.038750 0.042500
0 0.087813 0.556667 0.069375 0.051667
0 0.316875 0.455000 0.040000 0.043333
0 0.146563 0.503750 0.044375 0.047500
0 0.413125 0.609583 0.043750 0.050833
0 0.063437 0.612500 0.049375 0.051667
0 0.180000 0.454583 0.042500 0.044167
0 0.609062 0.607500 0.044375 0.050000
0 0.514062 0.673750 0.044375 0.067500
0 0.720938 0.526667 0.075625 0.098333
0 0.534687 0.553750 0.041875 0.047500
0 0.363125 0.610417 0.046250 0.052500
0 0.241250 0.504167 0.043750 0.046667
0 0.246250 0.556667 0.045000 0.050000
0 0.382812 0.503750 0.040625 0.045833
0 0.486875 0.553333 0.041250 0.046667
0 0.614688 0.674167 0.046875 0.066667
0 0.475625 0.502500 0.040000 0.045000
0 0.629375 0.553750 0.043750 0.047500
0 0.094062 0.454167 0.031875 0.041667
0 0.566875 0.502917 0.040000 0.044167
0 0.696562 0.451250 0.083125 0.042500
0 0.541562 0.454583 0.040625 0.042500
0 0.630938 0.453750 0.039375 0.042500
0 0.700937 0.607917 0.131875 0.050833
0 0.263750 0.611667 0.046250 0.051667
0 0.497812 0.551667 0.979375 0.355000
0 0.343125 0.555417 0.042500 0.049167
0 0.429063 0.503750 0.040625 0.045833
0 0.114375 0.612083 0.048750 0.054167
