0 0.671875 0.543556 0.056250 0.101432
0 0.734375 0.544749 0.058750 0.103819
0 0.776875 0.437351 0.056250 0.099045
0 0.582187 0.653341 0.056875 0.106205
0 0.075938 0.443914 0.076875 0.095465
0 0.422812 0.441527 0.054375 0.097852
0 0.141875 0.443914 0.055000 0.095465
0 0.480625 0.442124 0.056250 0.099045
0 0.225312 0.649761 0.055625 0.103819
0 0.795625 0.544153 0.057500 0.102625
0 0.685000 0.336516 0.056250 0.095465
0 0.644062 0.653938 0.055625 0.102625
0 0.792188 0.653938 0.104375 0.109785
0 0.365938 0.440334 0.054375 0.095465
0 0.415000 0.759547 0.331250 0.103819
0 0.626250 0.337112 0.055000 0.096659
0 0.373750 0.542363 0.053750 0.101432
0 0.309375 0.445107 0.055000 0.095465
0 0.316875 0.543556 0.053750 0.099045
0 0.259062 0.544153 0.054375 0.100239
0 0.218438 0.757160 0.055625 0.099045
0 0.454375 0.340692 0.053750 0.091885
0 0.398125 0.341289 0.053750 0.093079
0 0.568750 0.338902 0.053750 0.095465
0 0.551562 0.543556 0.055625 0.101432
0 0.147500 0.544749 0.053750 0.099045
0 0.496250 0.532220 0.982500 0.625298
0 0.491875 0.542959 0.053750 0.100239
0 0.112187 0.650358 0.054375 0.105012
0 0.252500 0.442721 0.053750 0.097852
0 0.231875 0.346062 0.051250 0.088305
0 0.717187 0.438544 0.058125 0.101432
0 0.342500 0.649761 0.056250 0.103819
0 0.283750 0.651551 0.056250 0.105012
0 0.432812 0.544749 0.055625 0.099045
0 0.177500 0.347852 0.050000 0.087112
0 0.706250 0.653938 0.058750 0.105012
0 0.610938 0.541766 0.055625 0.102625
0 0.832500 0.335322 0.112500 0.097852
0 0.123125 0.347852 0.053750 0.087112
0 0.203125 0.545346 0.053750 0.100239
0 0.613125 0.763126 0.057500 0.099045
0 0.287187 0.344869 0.051875 0.090692
0 0.071875 0.347852 0.047500 0.084726
0 0.854062 0.491050 0.094375 0.211217
0 0.744375 0.335919 0.053750 0.094272
0 0.595938 0.437351 0.056875 0.099045
0 0.401250 0.649761 0.057500 0.106205
0 0.047813 0.650358 0.066875 0.095465
0 0.169063 0.650358 0.054375 0.102625
0 0.341562 0.343079 0.053125 0.091885
0 0.520938 0.653341 0.056875 0.108592
0 0.656875 0.436158 0.057500 0.099045
0 0.038750 0.757160 0.065000 0.101432
0 0.511875 0.342482 0.052500 0.093079
0 0.538125 0.440334 0.053750 0.097852
0 0.197500 0.442124 0.053750 0.099045
0 0.461562 0.652745 0.055625 0.102625
0 0.073438 0.542959 0.091875 0.100239
