0 0.400629 0.865352 0.033962 0.041107
0 0.366981 0.911074 0.034591 0.043624
0 0.514465 0.867869 0.032704 0.041107
0 0.438679 0.866611 0.033333 0.040268
0 0.341824 0.960151 0.038365 0.046141
0 0.162893 0.906040 0.056604 0.043624
0 0.211635 0.859480 0.037107 0.042785
0 0.276730 0.817953 0.035220 0.038591
0 0.523899 0.914430 0.032704 0.043624
0 0.406289 0.911913 0.033962 0.041946
0 0.287736 0.862836 0.035849 0.041107
0 0.445597 0.912332 0.034591 0.042785
0 0.382075 0.960990 0.037107 0.047819
0 0.220755 0.957634 0.040252 0.046141
0 0.590566 0.869966 0.033962 0.040268
0 0.662264 0.966862 0.106918 0.046141
0 0.422956 0.821309 0.032075 0.038591
0 0.211635 0.906879 0.037107 0.043624
0 0.312893 0.819211 0.033333 0.039430
0 0.422327 0.962668 0.035849 0.046141
0 0.495912 0.823406 0.032075 0.037752
0 0.349371 0.820470 0.033333 0.038591
0 0.484906 0.913171 0.033962 0.042785
0 0.250000 0.860738 0.035849 0.041946
0 0.552201 0.868708 0.032704 0.041107
0 0.533019 0.824245 0.032075 0.037752
0 0.261321 0.957634 0.038365 0.047819
0 0.642453 0.917366 0.034591 0.042785
0 0.476730 0.867030 0.032704 0.039430
0 0.172327 0.815436 0.026415 0.036913
0 0.328616 0.910235 0.034591 0.043624
0 0.301572 0.958893 0.038365 0.046980
0 0.602830 0.916527 0.034591 0.042785
0 0.324843 0.863255 0.034591 0.040268
0 0.362579 0.863674 0.033333 0.041107
0 0.459434 0.822567 0.032075 0.037752
0 0.661006 0.824245 0.067925 0.039430
0 0.203459 0.816695 0.035849 0.037752
0 0.679245 0.893456 0.061635 0.090604
0 0.250314 0.908557 0.036478 0.043624
0 0.140566 0.956376 0.040881 0.046980
0 0.463522 0.963087 0.036478 0.046980
0 0.544025 0.963926 0.035220 0.046980
0 0.503774 0.963507 0.035220 0.046141
0 0.240566 0.817114 0.035849 0.038591
0 0.628302 0.869547 0.033962 0.041107
0 0.169811 0.858641 0.046541 0.042785
0 0.180503 0.956795 0.041509 0.047819
0 0.563522 0.915688 0.033962 0.042785
0 0.585220 0.966023 0.035849 0.046141
0 0.289308 0.908557 0.036478 0.043624
0 0.569497 0.824664 0.032075 0.036913
0 0.606289 0.825084 0.032704 0.037752
0 0.385849 0.820470 0.033333 0.038591
0 0.500314 0.867450 0.783019 0.266779
