0 0.074194 0.586583 0.063226 0.067661
0 0.104194 0.658830 0.041935 0.069954
0 0.268387 0.570528 0.038710 0.063073
0 0.052258 0.741399 0.043871 0.074541
0 0.130968 0.581995 0.041290 0.065367
0 0.443548 0.556766 0.036774 0.063073
0 0.324516 0.428899 0.037419 0.059633
0 0.609355 0.544151 0.036774 0.060780
0 0.470968 0.698968 0.040000 0.067661
0 0.281290 0.431766 0.037419 0.058486
0 0.168710 0.507454 0.040645 0.063073
0 0.302581 0.498280 0.037419 0.060780
0 0.176774 0.579128 0.040000 0.066514
0 0.346129 0.494839 0.036774 0.060780
0 0.105806 0.442087 0.038710 0.060780
0 0.367742 0.427179 0.036129 0.058486
0 0.197097 0.650803 0.041935 0.067661
0 0.552258 0.618693 0.038710 0.063073
0 0.400968 0.560206 0.036774 0.063073
0 0.150323 0.439794 0.040000 0.058486
0 0.424194 0.629587 0.039355 0.066514
0 0.430968 0.489106 0.036129 0.058486
0 0.512581 0.483372 0.035484 0.058486
0 0.150323 0.655390 0.042581 0.069954
0 0.568710 0.415138 0.035484 0.055046
0 0.214194 0.504587 0.040000 0.064220
0 0.445161 0.563073 0.877419 0.534404
0 0.222581 0.574541 0.040000 0.066514
0 0.380000 0.633601 0.038710 0.065367
0 0.485806 0.553326 0.036129 0.060780
0 0.527097 0.550459 0.037419 0.061927
0 0.238065 0.434060 0.037419 0.058486
0 0.332903 0.714450 0.224516 0.087156
0 0.593548 0.477638 0.036129 0.058486
0 0.313226 0.566514 0.038065 0.064220
0 0.630323 0.611812 0.109677 0.067661
0 0.123871 0.510894 0.041290 0.065367
0 0.408387 0.425459 0.036129 0.057339
0 0.471935 0.486239 0.036774 0.059633
0 0.357097 0.563073 0.038065 0.061927
0 0.335161 0.637041 0.040645 0.067661
0 0.193871 0.729931 0.043226 0.072248
0 0.529032 0.417431 0.036129 0.055046
0 0.388710 0.492546 0.036774 0.060780
0 0.646774 0.507454 0.063871 0.125000
0 0.449032 0.422018 0.036129 0.057339
0 0.057097 0.663417 0.041935 0.069954
0 0.626774 0.411124 0.072903 0.056193
0 0.290323 0.641628 0.041290 0.067661
0 0.258710 0.501720 0.038710 0.060780
0 0.194194 0.436927 0.040000 0.059633
0 0.489032 0.419151 0.036129 0.056193
0 0.067742 0.444381 0.028387 0.058486
0 0.510323 0.621560 0.038710 0.064220
0 0.467742 0.625000 0.038710 0.064220
0 0.558065 0.691514 0.040000 0.066514
0 0.553548 0.481078 0.036129 0.058486
0 0.568710 0.547018 0.036774 0.059633
0 0.073548 0.514908 0.050323 0.064220
0 0.243548 0.645642 0.041935 0.068807
