0 0.189375 0.440661 0.046250 0.071984
0 0.479375 0.358949 0.043750 0.068093
0 0.311250 0.282101 0.045000 0.066148
0 0.794375 0.356031 0.043750 0.070039
0 0.415000 0.280156 0.042500 0.066148
0 0.584375 0.357977 0.043750 0.070039
0 0.139375 0.280156 0.071250 0.070039
0 0.123750 0.523346 0.062500 0.073930
0 0.698125 0.200389 0.043750 0.066148
0 0.778750 0.277237 0.045000 0.068093
0 0.543750 0.202335 0.042500 0.066148
0 0.466875 0.281128 0.043750 0.068093
0 0.717500 0.437743 0.047500 0.070039
0 0.375625 0.359922 0.043750 0.070039
0 0.664375 0.437743 0.046250 0.070039
0 0.453125 0.439689 0.046250 0.070039
0 0.322500 0.359922 0.045000 0.070039
0 0.242500 0.440661 0.045000 0.068093
0 0.293125 0.522374 0.046250 0.071984
0 0.720625 0.518482 0.046250 0.071984
0 0.206875 0.281128 0.046250 0.068093
0 0.611875 0.437743 0.046250 0.070039
0 0.217500 0.359922 0.045000 0.070039
0 0.594375 0.201362 0.043750 0.068093
0 0.506250 0.437743 0.045000 0.070039
0 0.127500 0.440661 0.060000 0.071984
0 0.726875 0.280156 0.046250 0.070039
0 0.518125 0.281128 0.043750 0.068093
0 0.636875 0.357977 0.043750 0.070039
0 0.270000 0.360895 0.045000 0.068093
0 0.363125 0.282101 0.043750 0.066148
0 0.258750 0.280156 0.045000 0.070039
0 0.621250 0.279183 0.045000 0.068093
0 0.347500 0.439689 0.045000 0.070039
0 0.750000 0.200389 0.045000 0.066148
0 0.401250 0.438716 0.045000 0.068093
0 0.286250 0.202335 0.047500 0.066148
0 0.426875 0.358949 0.043750 0.068093
0 0.559375 0.438716 0.046250 0.071984
0 0.845000 0.317121 0.075000 0.147860
0 0.531875 0.357977 0.043750 0.070039
0 0.688750 0.357977 0.045000 0.070039
0 0.295625 0.439689 0.043750 0.070039
0 0.570625 0.280156 0.043750 0.066148
0 0.827500 0.197471 0.095000 0.068093
0 0.338125 0.203307 0.043750 0.064202
0 0.144375 0.359922 0.086250 0.070039
0 0.493125 0.202335 0.043750 0.066148
0 0.816250 0.434825 0.140000 0.071984
0 0.673750 0.277237 0.045000 0.068093
0 0.129375 0.202335 0.043750 0.066148
0 0.181875 0.202335 0.043750 0.066148
0 0.235000 0.202335 0.045000 0.066148
0 0.741250 0.357977 0.045000 0.070039
0 0.615000 0.519455 0.047500 0.070039
0 0.646250 0.200389 0.045000 0.066148
0 0.453125 0.519455 0.258750 0.073930
0 0.490625 0.305447 0.841250 0.564202
0 0.440625 0.202335 0.043750 0.066148
0 0.388750 0.202335 0.045000 0.066148
