0 0.415723 0.451342 0.050314 0.057047
0 0.491195 0.485738 0.049057 0.060403
0 0.678931 0.337668 0.043396 0.052852
0 0.209748 0.538171 0.047170 0.064597
0 0.057862 0.528523 0.046541 0.062081
0 0.114151 0.504614 0.047170 0.066275
0 0.462579 0.432466 0.052201 0.057886
0 0.367296 0.472735 0.050314 0.059564
0 0.274214 0.440436 0.047799 0.062081
0 0.335220 0.629195 0.054088 0.070470
0 0.637736 0.354446 0.042767 0.052852
0 0.624528 0.424497 0.044025 0.055369
0 0.636792 0.552852 0.064780 0.065436
0 0.741509 0.339765 0.084277 0.107383
0 0.224843 0.679530 0.049686 0.068792
0 0.594969 0.373322 0.042767 0.055369
0 0.422956 0.382970 0.048428 0.054530
0 0.084906 0.591023 0.077987 0.086409
0 0.264151 0.517198 0.050314 0.066275
0 0.167925 0.706795 0.049057 0.078020
0 0.182704 0.623322 0.047170 0.067114
0 0.168868 0.486158 0.047170 0.064597
0 0.259119 0.740772 0.066667 0.088926
0 0.701887 0.264262 0.080503 0.063758
0 0.641195 0.289010 0.042138 0.056208
0 0.624214 0.490352 0.045912 0.056208
0 0.326101 0.421141 0.049686 0.058725
0 0.103145 0.656879 0.094340 0.088926
0 0.580503 0.443792 0.044025 0.055369
0 0.315723 0.492030 0.049057 0.059564
0 0.221384 0.462668 0.047799 0.064597
0 0.344654 0.552013 0.049057 0.063758
0 0.802201 0.476930 0.058491 0.056208
0 0.468239 0.364094 0.049686 0.057047
0 0.444025 0.506292 0.051572 0.059564
0 0.532075 0.534396 0.052830 0.062081
0 0.507233 0.411913 0.047170 0.055369
0 0.438679 0.579279 0.055975 0.066275
0 0.156604 0.563758 0.051572 0.072148
0 0.236792 0.598993 0.048428 0.065436
0 0.745912 0.434564 0.119497 0.082215
0 0.512579 0.343540 0.045283 0.056208
0 0.279874 0.652265 0.050314 0.067953
0 0.578302 0.511326 0.048428 0.057886
0 0.537107 0.465185 0.047799 0.057886
0 0.452516 0.646812 0.335220 0.221477
0 0.376730 0.401846 0.050314 0.058725
0 0.598742 0.307047 0.041509 0.055369
0 0.556918 0.324245 0.042138 0.054530
0 0.394969 0.528104 0.050314 0.059564
0 0.387421 0.602349 0.054088 0.067114
0 0.550314 0.391779 0.047799 0.058725
0 0.112264 0.814597 0.068553 0.088926
0 0.290881 0.574664 0.049686 0.067114
0 0.667296 0.470218 0.046541 0.054530
0 0.667296 0.405201 0.045283 0.053691
0 0.505346 0.499581 0.989308 0.869966
0 0.100314 0.736577 0.063522 0.078859
0 0.485849 0.555789 0.054717 0.062919
0 0.710692 0.386326 0.044025 0.051174
