0 0.072867 0.175343 0.010325 0.017014
0 0.199729 0.195912 0.033852 0.017014
0 0.208362 0.165947 0.017603 0.037836
0 0.057634 0.215719 0.014049 0.017522
0 0.113490 0.175216 0.010325 0.016760
0 0.089794 0.134840 0.010664 0.017268
0 0.039100 0.195023 0.010494 0.016760
0 0.035714 0.134586 0.010494 0.016760
0 0.116791 0.134586 0.010494 0.016760
0 0.144042 0.134840 0.010833 0.016760
0 0.110020 0.155155 0.010494 0.016760
0 0.154282 0.175597 0.010664 0.017014
0 0.133971 0.195531 0.011002 0.017268
0 0.166808 0.164551 0.308226 0.140681
0 0.123731 0.155028 0.010494 0.016506
0 0.167654 0.175597 0.010664 0.017014
0 0.027844 0.175597 0.020142 0.016506
0 0.184834 0.135221 0.010833 0.017014
0 0.069736 0.155536 0.010833 0.017522
0 0.024204 0.215592 0.013879 0.016760
0 0.024120 0.195658 0.013710 0.016506
0 0.210054 0.216227 0.014557 0.017522
0 0.096564 0.155155 0.010325 0.016760
0 0.052894 0.195023 0.010325 0.016760
0 0.083192 0.154901 0.010664 0.016760
0 0.108412 0.216353 0.082769 0.018791
0 0.137356 0.154901 0.010325 0.016252
0 0.194821 0.175343 0.010494 0.017014
0 0.147427 0.195785 0.010494 0.016760
0 0.086408 0.175216 0.010325 0.016760
0 0.056110 0.155028 0.010664 0.017014
0 0.140741 0.175470 0.010664 0.017268
0 0.099949 0.175216 0.010325 0.016760
0 0.025982 0.154901 0.016757 0.016760
0 0.161137 0.195785 0.010833 0.016760
0 0.022089 0.134586 0.009648 0.016760
0 0.062288 0.134713 0.010494 0.017014
0 0.093263 0.195404 0.010494 0.017014
0 0.059326 0.175216 0.010325 0.017268
0 0.150812 0.155282 0.010833 0.016506
0 0.045870 0.174962 0.010156 0.016760
0 0.178148 0.155282 0.011002 0.017014
0 0.159276 0.216353 0.014895 0.017776
0 0.174509 0.195531 0.010833 0.016760
0 0.042654 0.154901 0.010494 0.017268
0 0.079722 0.195404 0.010494 0.017014
0 0.191351 0.155028 0.011002 0.017014
0 0.103419 0.134967 0.010833 0.017522
0 0.066351 0.195277 0.010494 0.016760
0 0.106804 0.195658 0.010833 0.017522
0 0.120515 0.195531 0.010833 0.017268
0 0.126947 0.175216 0.010494 0.017268
0 0.075999 0.134713 0.010494 0.017014
0 0.181280 0.175470 0.010833 0.017268
0 0.048917 0.134840 0.010494 0.017268
0 0.171209 0.134840 0.011002 0.017268
0 0.205230 0.134713 0.023866 0.016506
0 0.130332 0.134713 0.010833 0.017014
0 0.157837 0.134840 0.011002 0.016760
0 0.164607 0.155155 0.010664 0.016760
