0 0.447188 0.675833 0.028125 0.043333
0 0.155938 0.726250 0.038125 0.045833
0 0.132188 0.526250 0.029375 0.042500
0 0.576250 0.602917 0.051250 0.095833
0 0.201250 0.625417 0.027500 0.044167
0 0.493437 0.576250 0.030625 0.044167
0 0.287500 0.526250 0.028750 0.044167
0 0.072188 0.627083 0.055625 0.042500
0 0.240000 0.626250 0.026250 0.044167
0 0.438125 0.527500 0.028750 0.043333
0 0.529375 0.576250 0.030000 0.044167
0 0.315625 0.626250 0.027500 0.044167
0 0.230313 0.575417 0.028125 0.042500
0 0.371563 0.675833 0.029375 0.045000
0 0.103125 0.676250 0.028750 0.044167
0 0.581562 0.728333 0.040625 0.045000
0 0.353438 0.625833 0.028125 0.045000
0 0.463750 0.598750 0.862500 0.347500
0 0.170625 0.526250 0.028750 0.042500
0 0.391250 0.625417 0.028750 0.045833
0 0.066875 0.575000 0.046250 0.041667
0 0.552813 0.675833 0.094375 0.046667
0 0.456250 0.575833 0.028750 0.043333
0 0.325000 0.526250 0.027500 0.042500
0 0.566875 0.527500 0.067500 0.043333
0 0.060937 0.677500 0.036875 0.041667
0 0.182188 0.676250 0.028125 0.044167
0 0.409375 0.675000 0.027500 0.045000
0 0.248438 0.525833 0.028125 0.043333
0 0.475000 0.527083 0.030000 0.042500
0 0.257812 0.675833 0.026875 0.045000
0 0.362812 0.527500 0.029375 0.043333
0 0.400313 0.526250 0.029375 0.042500
0 0.344062 0.575833 0.028125 0.043333
0 0.268437 0.576667 0.026875 0.043333
0 0.428125 0.625000 0.028750 0.045000
0 0.441563 0.725833 0.039375 0.046667
0 0.298750 0.726250 0.231250 0.049167
0 0.483438 0.675833 0.029375 0.045000
0 0.418750 0.576667 0.028750 0.043333
0 0.539062 0.625417 0.030625 0.045833
0 0.502188 0.625833 0.030625 0.046667
0 0.162500 0.626250 0.027500 0.044167
0 0.219375 0.676250 0.027500 0.045833
0 0.115000 0.575833 0.028750 0.043333
0 0.511875 0.527917 0.030000 0.042500
0 0.143437 0.676250 0.028125 0.044167
0 0.277187 0.625833 0.028125 0.043333
0 0.055938 0.525833 0.025625 0.041667
0 0.191875 0.575833 0.027500 0.043333
0 0.306563 0.575833 0.026875 0.043333
0 0.334062 0.675000 0.028125 0.045000
0 0.060937 0.727917 0.038125 0.044167
0 0.153438 0.575417 0.028125 0.044167
0 0.381875 0.575833 0.027500 0.041667
0 0.296250 0.675417 0.028750 0.045833
0 0.123750 0.625417 0.027500 0.042500
0 0.093438 0.525417 0.029375 0.042500
0 0.210625 0.525833 0.027500 0.043333
0 0.464375 0.626250 0.030000 0.045833
