0 0.519830 0.262760 0.036827 0.051040
0 0.376416 0.257089 0.036119 0.052930
0 0.506374 0.283081 0.988669 0.448960
0 0.057720 0.379490 0.051700 0.057656
0 0.484065 0.323724 0.036119 0.051985
0 0.592068 0.200378 0.035411 0.054820
0 0.365085 0.384688 0.038952 0.054820
0 0.531161 0.326560 0.035411 0.051985
0 0.719901 0.455577 0.048867 0.054820
0 0.566572 0.264650 0.035411 0.051040
0 0.128895 0.247637 0.038244 0.056711
0 0.507436 0.388469 0.036119 0.051040
0 0.058428 0.442344 0.051700 0.054820
0 0.545326 0.196597 0.035411 0.054820
0 0.072238 0.312854 0.076487 0.054820
0 0.327904 0.255198 0.036827 0.052930
0 0.047805 0.173913 0.036119 0.054820
0 0.366856 0.450378 0.296034 0.061437
0 0.435552 0.324197 0.036827 0.052930
0 0.639164 0.201323 0.034703 0.052930
0 0.216360 0.380907 0.037535 0.052930
0 0.413598 0.386106 0.038244 0.051985
0 0.115793 0.379017 0.038952 0.056711
0 0.450071 0.193289 0.037535 0.055766
0 0.424929 0.259452 0.036827 0.051985
0 0.669618 0.329395 0.033286 0.051985
0 0.202195 0.182420 0.037535 0.058601
0 0.229108 0.251418 0.038952 0.054820
0 0.241147 0.316163 0.038952 0.053875
0 0.151558 0.181474 0.038244 0.058601
0 0.659703 0.267486 0.034703 0.051040
0 0.577550 0.329395 0.036119 0.051985
0 0.063739 0.245747 0.060907 0.052930
0 0.179178 0.250945 0.038244 0.055766
0 0.708569 0.202741 0.080028 0.051985
0 0.278329 0.252363 0.036827 0.052930
0 0.497167 0.195180 0.036827 0.053875
0 0.268059 0.381853 0.043201 0.054820
0 0.315864 0.383270 0.038244 0.053875
0 0.685198 0.392250 0.112606 0.052930
0 0.290722 0.318053 0.037535 0.053875
0 0.472734 0.260870 0.036119 0.051040
0 0.351629 0.188091 0.037535 0.054820
0 0.100212 0.178166 0.038952 0.055766
0 0.388456 0.321834 0.037535 0.051985
0 0.400850 0.191399 0.036827 0.055766
0 0.166431 0.379490 0.035411 0.053875
0 0.191572 0.315217 0.037535 0.055766
0 0.339235 0.319471 0.036827 0.052930
0 0.547805 0.452741 0.050283 0.054820
0 0.461048 0.387996 0.038244 0.053875
0 0.302054 0.185728 0.037535 0.055766
0 0.600212 0.390832 0.034703 0.051985
0 0.140935 0.313800 0.036827 0.054820
0 0.614023 0.266068 0.035411 0.051985
0 0.183428 0.444234 0.050992 0.054820
0 0.252833 0.183837 0.036827 0.055766
0 0.716006 0.300095 0.059490 0.114367
0 0.554887 0.388941 0.034703 0.050095
0 0.623938 0.328922 0.033994 0.052930
