0 0.022009 0.548107 0.037246 0.055205
0 0.056998 0.481073 0.037246 0.056782
0 0.010158 0.414826 0.018059 0.056782
0 0.421558 0.411672 0.037246 0.056782
0 0.154628 0.480284 0.038375 0.055205
0 0.145598 0.614353 0.036117 0.055205
0 0.434537 0.612776 0.038375 0.058360
0 0.015801 0.483438 0.029345 0.055205
0 0.292325 0.614353 0.038375 0.058360
0 0.602144 0.511041 0.064334 0.126183
0 0.429458 0.678233 0.050790 0.059937
0 0.591422 0.409306 0.085779 0.058360
0 0.501129 0.507098 1.000000 0.474763
0 0.493792 0.479495 0.037246 0.056782
0 0.177201 0.411672 0.038375 0.056782
0 0.217269 0.547319 0.037246 0.056782
0 0.126411 0.411672 0.038375 0.056782
0 0.608352 0.678233 0.054176 0.059937
0 0.014108 0.481861 0.025959 0.055205
0 0.248307 0.681388 0.295711 0.063091
0 0.445260 0.481073 0.037246 0.056782
0 0.067156 0.682965 0.048533 0.056782
0 0.481941 0.611987 0.038375 0.059937
0 0.571106 0.609621 0.119639 0.058360
0 0.097065 0.615931 0.036117 0.055205
0 0.252822 0.480284 0.036117 0.055205
0 0.325621 0.414826 0.037246 0.056782
0 0.275959 0.413249 0.037246 0.056782
0 0.553612 0.544164 0.037246 0.056782
0 0.203160 0.480284 0.038375 0.055205
0 0.243792 0.614353 0.038375 0.058360
0 0.010158 0.415615 0.018059 0.055205
0 0.518059 0.411672 0.038375 0.056782
0 0.457111 0.546530 0.036117 0.055205
0 0.373025 0.413249 0.037246 0.056782
0 0.195260 0.615142 0.036117 0.056782
0 0.470090 0.412461 0.037246 0.058360
0 0.106095 0.480284 0.038375 0.055205
0 0.028781 0.414038 0.037246 0.058360
0 0.314334 0.548107 0.037246 0.058360
0 0.505079 0.545741 0.039503 0.056782
0 0.409142 0.545741 0.037246 0.056782
0 0.071106 0.548896 0.036117 0.056782
0 0.047968 0.616719 0.034989 0.053628
0 0.169300 0.547319 0.036117 0.056782
0 0.387133 0.612776 0.038375 0.058360
0 0.397291 0.480284 0.036117 0.055205
0 0.361738 0.546530 0.037246 0.058360
0 0.018623 0.552050 0.034989 0.053628
0 0.012980 0.684543 0.023702 0.053628
0 0.012980 0.619085 0.023702 0.055205
0 0.265801 0.547319 0.037246 0.056782
0 0.339729 0.613565 0.038375 0.059937
0 0.009594 0.616719 0.016930 0.056782
0 0.349323 0.480284 0.037246 0.055205
0 0.226298 0.411672 0.037246 0.056782
0 0.120203 0.548107 0.037246 0.055205
0 0.301919 0.481861 0.037246 0.055205
0 0.077314 0.413249 0.037246 0.056782
0 0.540632 0.480284 0.038375 0.058360
