0 0.222900 0.544689 0.029785 0.049084
0 0.588867 0.604029 0.097656 0.049084
0 0.613770 0.517582 0.050781 0.109158
0 0.178955 0.661172 0.040527 0.050549
0 0.340088 0.544322 0.029785 0.048352
0 0.271729 0.427839 0.030762 0.049817
0 0.125488 0.601465 0.030273 0.048352
0 0.115723 0.427106 0.030273 0.048352
0 0.349609 0.427106 0.030273 0.048352
0 0.428223 0.427839 0.031250 0.048352
0 0.330078 0.486447 0.030273 0.048352
0 0.457764 0.545421 0.030762 0.049084
0 0.399170 0.602930 0.031738 0.049817
0 0.493896 0.513553 0.889160 0.405861
0 0.369629 0.486081 0.030273 0.047619
0 0.496338 0.545421 0.030762 0.049084
0 0.093018 0.545421 0.058105 0.047619
0 0.545898 0.428938 0.031250 0.049084
0 0.213867 0.487546 0.031250 0.050549
0 0.082520 0.660806 0.040039 0.048352
0 0.082275 0.603297 0.039551 0.047619
0 0.618652 0.662637 0.041992 0.050549
0 0.291260 0.486447 0.029785 0.048352
0 0.165283 0.601465 0.029785 0.048352
0 0.252686 0.485714 0.030762 0.048352
0 0.325439 0.663004 0.238770 0.054212
0 0.408936 0.485714 0.029785 0.046886
0 0.574707 0.544689 0.030273 0.049084
0 0.437988 0.603663 0.030273 0.048352
0 0.261963 0.544322 0.029785 0.048352
0 0.174561 0.486081 0.030762 0.049084
0 0.418701 0.545055 0.030762 0.049817
0 0.301025 0.544322 0.029785 0.048352
0 0.087646 0.485714 0.048340 0.048352
0 0.477539 0.603663 0.031250 0.048352
0 0.076416 0.427106 0.027832 0.048352
0 0.192383 0.427473 0.030273 0.049084
0 0.281738 0.602564 0.030273 0.049084
0 0.183838 0.544322 0.029785 0.049817
0 0.447754 0.486813 0.031250 0.047619
0 0.145020 0.543590 0.029297 0.048352
0 0.526611 0.486813 0.031738 0.049084
0 0.472168 0.663004 0.042969 0.051282
0 0.516113 0.602930 0.031250 0.048352
0 0.135742 0.485714 0.030273 0.049817
0 0.242676 0.602564 0.030273 0.049084
0 0.564697 0.486081 0.031738 0.049084
0 0.311035 0.428205 0.031250 0.050549
0 0.204102 0.602198 0.030273 0.048352
0 0.320801 0.603297 0.031250 0.050549
0 0.360352 0.602930 0.031250 0.049817
0 0.378906 0.544322 0.030273 0.049817
0 0.231934 0.427473 0.030273 0.049084
0 0.535645 0.545055 0.031250 0.049817
0 0.153809 0.427839 0.030273 0.049817
0 0.506592 0.427839 0.031738 0.049817
0 0.604736 0.427473 0.068848 0.047619
0 0.388672 0.427473 0.031250 0.049084
0 0.468018 0.427839 0.031738 0.048352
0 0.487549 0.486447 0.030762 0.048352
