0 0.217541 0.067689 0.027848 0.037168
0 0.125678 0.015735 0.026401 0.030928
0 0.084810 0.283098 0.169259 0.050190
0 0.244394 0.223277 0.034901 0.043407
0 0.203617 0.116251 0.030018 0.038795
0 0.008047 0.166712 0.015732 0.040966
0 0.008137 0.166305 0.015913 0.040695
0 0.033635 0.221921 0.033996 0.043950
0 0.127396 0.115708 0.028029 0.037710
0 0.183183 0.066875 0.027848 0.037168
0 0.217089 0.167797 0.032007 0.040423
0 0.009042 0.219750 0.017722 0.043407
0 0.055696 0.060092 0.007957 0.010038
0 0.165642 0.115979 0.028933 0.038795
0 0.007233 0.068502 0.014105 0.037710
0 0.090687 0.016007 0.026944 0.031470
0 0.255787 0.067282 0.029476 0.037439
0 0.200723 0.285540 0.046293 0.050190
0 0.108137 0.066603 0.026763 0.037168
0 0.177486 0.168340 0.030922 0.041508
0 0.007595 0.116386 0.014828 0.037439
0 0.088336 0.115708 0.028752 0.038795
0 0.075226 0.222463 0.032188 0.045035
0 0.256691 0.168475 0.032731 0.041237
0 0.017541 0.167526 0.030018 0.041508
0 0.145479 0.066603 0.027306 0.037168
0 0.201989 0.223549 0.033635 0.043407
0 0.013653 0.116929 0.026944 0.037982
0 0.035262 0.067282 0.028210 0.037439
0 0.071790 0.067417 0.026763 0.037168
0 0.056510 0.167526 0.030561 0.040423
0 0.241772 0.116522 0.030741 0.038795
0 0.005696 0.068909 0.011031 0.037439
0 0.007324 0.068774 0.014286 0.037168
0 0.159494 0.223413 0.031826 0.043679
0 0.160669 0.015600 0.026944 0.030657
0 0.008680 0.220564 0.016998 0.043407
0 0.007776 0.117472 0.015190 0.037982
0 0.050452 0.116929 0.028571 0.038524
0 0.137071 0.168204 0.030018 0.041780
0 0.276854 0.116658 0.027486 0.039067
0 0.117812 0.222599 0.032369 0.043679
0 0.096293 0.168068 0.029837 0.041508
