0 0.076208 0.191997 0.010601 0.017466
0 0.206465 0.213113 0.034758 0.017466
0 0.215328 0.182351 0.018074 0.038843
0 0.060567 0.233446 0.014425 0.017987
0 0.117918 0.191867 0.010601 0.017205
0 0.093587 0.150417 0.010949 0.017727
0 0.041536 0.212200 0.010775 0.017205
0 0.038060 0.150156 0.010775 0.017205
0 0.121307 0.150156 0.010775 0.017205
0 0.149287 0.150417 0.011123 0.017205
0 0.114355 0.171272 0.010775 0.017205
0 0.159802 0.192258 0.010949 0.017466
0 0.138947 0.212722 0.011296 0.017727
0 0.172662 0.180918 0.316475 0.144421
0 0.128432 0.171142 0.010775 0.016945
0 0.173531 0.192258 0.010949 0.017466
0 0.029979 0.192258 0.020681 0.016945
0 0.191171 0.150808 0.011123 0.017466
0 0.072993 0.171663 0.011123 0.017987
0 0.026243 0.233316 0.014251 0.017205
0 0.026156 0.212852 0.014077 0.016945
0 0.217066 0.233968 0.014946 0.017987
0 0.100539 0.171272 0.010601 0.017205
0 0.055700 0.212200 0.010601 0.017205
0 0.086809 0.171011 0.010949 0.017205
0 0.112704 0.234098 0.084984 0.019291
0 0.142423 0.171011 0.010601 0.016684
0 0.201425 0.191997 0.010775 0.017466
0 0.152763 0.212982 0.010775 0.017205
0 0.090111 0.191867 0.010601 0.017205
0 0.059002 0.171142 0.010949 0.017466
0 0.145899 0.192127 0.010949 0.017727
0 0.104015 0.191867 0.010601 0.017205
0 0.028067 0.171011 0.017205 0.017205
0 0.166840 0.212982 0.011123 0.017205
0 0.024070 0.150156 0.009906 0.017205
0 0.065346 0.150287 0.010775 0.017466
0 0.097150 0.212591 0.010775 0.017466
0 0.062304 0.191867 0.010601 0.017727
0 0.156239 0.171403 0.011123 0.016945
0 0.048488 0.191606 0.010428 0.017205
0 0.184307 0.171403 0.011296 0.017466
0 0.164929 0.234098 0.015294 0.018248
0 0.180570 0.212722 0.011123 0.017205
0 0.045186 0.171011 0.010775 0.017727
0 0.083246 0.212591 0.010775 0.017466
0 0.197862 0.171142 0.011296 0.017466
0 0.107577 0.150547 0.011123 0.017987
0 0.069517 0.212461 0.010775 0.017205
0 0.111053 0.212852 0.011123 0.017987
0 0.125130 0.212722 0.011123 0.017727
0 0.131734 0.191867 0.010775 0.017727
0 0.079423 0.150287 0.010775 0.017466
0 0.187522 0.192127 0.011123 0.017727
0 0.051616 0.150417 0.010775 0.017727
0 0.177181 0.150417 0.011296 0.017727
0 0.212113 0.150287 0.024505 0.016945
0 0.135210 0.150287 0.011123 0.017466
0 0.163452 0.150417 0.011296 0.017205
0 0.170403 0.171272 0.010949 0.017205
