0 0.341406 0.449301 0.053646 0.085664
0 0.463021 0.646416 0.357292 0.091783
0 0.260156 0.352710 0.054688 0.084790
0 0.321354 0.353147 0.054167 0.083916
0 0.158073 0.448864 0.052604 0.086538
0 0.198437 0.350962 0.054167 0.086538
0 0.401042 0.449738 0.053125 0.084790
0 0.421615 0.260490 0.053646 0.083916
0 0.478906 0.261364 0.051562 0.083916
0 0.710677 0.262675 0.051562 0.083042
0 0.489323 0.423514 0.964063 0.586538
0 0.847396 0.265734 0.090625 0.083916
0 0.652083 0.263112 0.052083 0.082168
0 0.059635 0.645105 0.077604 0.089161
0 0.497656 0.355332 0.051562 0.084790
0 0.497656 0.547203 0.052604 0.087413
0 0.614062 0.357080 0.052083 0.083042
0 0.240625 0.255245 0.054167 0.083916
0 0.381250 0.353584 0.052083 0.083042
0 0.253906 0.649476 0.055729 0.087413
0 0.459635 0.449301 0.052604 0.083916
0 0.180469 0.253934 0.053646 0.084790
0 0.555729 0.355332 0.051042 0.081294
0 0.361719 0.258304 0.053646 0.083042
0 0.804948 0.551136 0.072396 0.084790
0 0.677083 0.552448 0.053125 0.083916
0 0.093490 0.545455 0.135937 0.089161
0 0.378906 0.546766 0.054688 0.088287
0 0.256510 0.548077 0.054688 0.087413
0 0.439844 0.354458 0.051562 0.083042
0 0.119792 0.253059 0.052083 0.083042
0 0.535937 0.262675 0.052083 0.083042
0 0.438542 0.546329 0.054167 0.087413
0 0.556250 0.547203 0.054167 0.087413
0 0.769792 0.263549 0.051042 0.083042
0 0.840885 0.454983 0.109896 0.084790
0 0.196354 0.547640 0.054167 0.086538
0 0.593750 0.263549 0.052083 0.081294
0 0.219010 0.450175 0.053646 0.085664
0 0.576562 0.451049 0.052083 0.085664
0 0.067448 0.350087 0.074479 0.084790
0 0.635156 0.451923 0.052604 0.083916
0 0.317708 0.548077 0.055208 0.087413
0 0.615885 0.548077 0.052604 0.087413
0 0.075521 0.446678 0.094792 0.087413
0 0.301563 0.256556 0.054167 0.084790
0 0.518750 0.449738 0.051042 0.084790
0 0.138021 0.350524 0.053125 0.085664
0 0.279948 0.450175 0.054688 0.085664
0 0.747396 0.650350 0.076042 0.087413
0 0.676562 0.649913 0.054167 0.086538
0 0.673177 0.357517 0.053646 0.083916
