0 0.586508 0.518765 0.051323 0.115012
0 0.493915 0.486683 0.984656 0.806295
0 0.189683 0.663438 0.053439 0.118644
0 0.255820 0.384383 0.054497 0.117433
0 0.277513 0.522397 0.054497 0.117433
0 0.484656 0.254237 0.050794 0.111380
0 0.503968 0.654964 0.052381 0.116223
0 0.316667 0.660412 0.054497 0.119855
0 0.362434 0.250000 0.053968 0.112591
0 0.725397 0.251816 0.051852 0.111380
0 0.053439 0.383172 0.074074 0.117433
0 0.191270 0.383172 0.054497 0.117433
0 0.320106 0.383777 0.052910 0.116223
0 0.564021 0.383777 0.049735 0.108959
0 0.083333 0.663438 0.139153 0.121065
0 0.464815 0.518765 0.051323 0.115012
0 0.525926 0.517554 0.049735 0.112591
0 0.687302 0.655569 0.051852 0.115012
0 0.858995 0.519976 0.109524 0.115012
0 0.424603 0.251211 0.052381 0.112591
0 0.047619 0.806901 0.077249 0.119855
0 0.403439 0.520581 0.051323 0.116223
0 0.646825 0.519976 0.051323 0.115012
0 0.625926 0.654964 0.050794 0.116223
0 0.150000 0.523608 0.053439 0.117433
0 0.689153 0.797215 0.052381 0.117433
0 0.503968 0.384383 0.050265 0.112591
0 0.299471 0.249395 0.052910 0.113801
0 0.564815 0.654964 0.052381 0.116223
0 0.251058 0.805085 0.053439 0.118644
0 0.807143 0.384383 0.050265 0.112591
0 0.253175 0.661622 0.054497 0.117433
0 0.380423 0.657385 0.053968 0.118644
0 0.748942 0.656780 0.051323 0.115012
0 0.544180 0.254843 0.052381 0.110169
0 0.062963 0.521792 0.097354 0.121065
0 0.707937 0.521792 0.051852 0.113801
0 0.624603 0.384988 0.050265 0.111380
0 0.665344 0.253632 0.052381 0.112591
0 0.443915 0.384383 0.050794 0.112591
0 0.341799 0.520581 0.052910 0.113801
0 0.821429 0.656780 0.071429 0.117433
0 0.878042 0.384988 0.071429 0.111380
0 0.761111 0.797821 0.073545 0.116223
0 0.172222 0.246973 0.053439 0.118644
0 0.769577 0.521186 0.052381 0.115012
0 0.468783 0.799031 0.366138 0.121065
0 0.604497 0.254237 0.052381 0.108959
0 0.786243 0.250605 0.050794 0.111380
0 0.235714 0.248184 0.054497 0.116223
0 0.865344 0.253027 0.091534 0.113801
0 0.684921 0.384988 0.052381 0.111380
0 0.746032 0.385593 0.051852 0.112591
0 0.442593 0.655569 0.052381 0.117433
0 0.213757 0.523002 0.053968 0.116223
0 0.128042 0.384988 0.055026 0.118644
0 0.382804 0.383172 0.051323 0.112591
0 0.108730 0.245157 0.053439 0.115012
