0 0.837812 0.652917 0.133125 0.152500
0 0.948750 0.652083 0.098750 0.145833
0 0.970000 0.840000 0.056250 0.171667
0 0.850625 0.242083 0.106250 0.104167
0 0.753750 0.495833 0.122500 0.138333
0 0.950000 0.242083 0.098750 0.104167
0 0.745938 0.241667 0.105625 0.106667
0 0.149688 0.850417 0.134375 0.175833
0 0.586562 0.850000 0.731875 0.193333
0 0.259375 0.499583 0.123750 0.137500
0 0.059062 0.660417 0.110625 0.155833
0 0.636875 0.240417 0.103750 0.109167
0 0.245312 0.362083 0.114375 0.119167
0 0.206250 0.242500 0.106250 0.106667
0 0.131250 0.362083 0.116250 0.122500
0 0.628125 0.496667 0.118750 0.136667
0 0.141875 0.502917 0.123750 0.137500
0 0.591250 0.360000 0.108750 0.120000
0 0.576250 0.655833 0.125000 0.156667
0 0.313125 0.240417 0.102500 0.107500
0 0.820937 0.357917 0.114375 0.115833
0 0.933125 0.358333 0.120000 0.116667
0 0.309375 0.658750 0.130000 0.155833
0 0.964688 0.494167 0.066875 0.125000
0 0.707187 0.655417 0.130625 0.155833
0 0.026250 0.242500 0.047500 0.106667
0 0.527813 0.240417 0.101875 0.109167
0 0.383125 0.500000 0.117500 0.135000
0 0.505938 0.497083 0.114375 0.135833
0 0.705937 0.358333 0.114375 0.118333
0 0.100625 0.242917 0.108750 0.107500
0 0.177500 0.659583 0.130000 0.155833
0 0.421250 0.240833 0.098750 0.108333
0 0.475938 0.360417 0.104375 0.120833
0 0.040625 0.362083 0.076250 0.122500
0 0.443437 0.658333 0.123125 0.155000
0 0.360938 0.361250 0.110625 0.122500
0 0.039688 0.498750 0.076875 0.132500
0 0.872812 0.495000 0.125625 0.131667
