0 0.519115 0.682515 0.048290 0.150307
0 0.191147 0.210123 0.046278 0.144172
0 0.466801 0.684049 0.048290 0.153374
0 0.204225 0.868098 0.048290 0.147239
0 0.088028 0.217791 0.047284 0.141104
0 0.642857 0.845092 0.086519 0.150307
0 0.473843 0.358896 0.046278 0.141104
0 0.497485 0.200920 0.047284 0.144172
0 0.396378 0.203988 0.046278 0.144172
0 0.598592 0.199387 0.046278 0.141104
0 0.371730 0.363497 0.047284 0.144172
0 0.521127 0.851227 0.048290 0.150307
0 0.363179 0.861963 0.257545 0.153374
0 0.216298 0.369632 0.048290 0.144172
0 0.541751 0.518405 0.045272 0.141104
0 0.046781 0.375767 0.071429 0.144172
0 0.415493 0.688650 0.048290 0.150307
0 0.231891 0.530675 0.047284 0.147239
0 0.163481 0.369632 0.047284 0.144172
0 0.242958 0.208589 0.047284 0.141104
0 0.139839 0.213190 0.046278 0.138037
0 0.695171 0.512270 0.046278 0.147239
0 0.447183 0.202454 0.047284 0.147239
0 0.311368 0.690184 0.047284 0.147239
0 0.387324 0.523006 0.046278 0.144172
0 0.524145 0.355828 0.046278 0.141104
0 0.575453 0.352761 0.046278 0.141104
0 0.319920 0.365031 0.046278 0.141104
0 0.036720 0.708589 0.067404 0.147239
0 0.293763 0.205521 0.046278 0.141104
0 0.692153 0.671779 0.082495 0.147239
0 0.268109 0.366564 0.047284 0.144172
0 0.206740 0.699387 0.047284 0.147239
0 0.283199 0.529141 0.047284 0.144172
0 0.035714 0.217791 0.045272 0.141104
0 0.422032 0.360429 0.047284 0.144172
0 0.258551 0.694785 0.048290 0.150307
0 0.626258 0.354294 0.047284 0.144172
0 0.621227 0.679448 0.047284 0.144172
0 0.490443 0.519939 0.047284 0.144172
0 0.500503 0.496933 0.994970 0.969325
0 0.726861 0.194785 0.099598 0.138037
0 0.593058 0.516871 0.045272 0.144172
0 0.035211 0.880368 0.068410 0.153374
0 0.051811 0.541411 0.089537 0.144172
0 0.336016 0.524540 0.046278 0.147239
0 0.363179 0.688650 0.048290 0.150307
0 0.438632 0.521472 0.046278 0.147239
0 0.743964 0.430982 0.079477 0.297546
0 0.548290 0.199387 0.046278 0.141104
0 0.643863 0.512270 0.046278 0.147239
0 0.178571 0.533742 0.047284 0.147239
0 0.153421 0.700920 0.047284 0.144172
0 0.344567 0.203988 0.047284 0.144172
0 0.649396 0.196319 0.045272 0.141104
0 0.112173 0.374233 0.047284 0.141104
0 0.100101 0.705521 0.049296 0.147239
0 0.676559 0.351227 0.045272 0.144172
0 0.126761 0.535276 0.046278 0.144172
0 0.570926 0.680982 0.047284 0.147239
