0 0.513158 0.493734 0.031250 0.042607
0 0.419408 0.536967 0.032895 0.038847
0 0.495066 0.537594 0.032895 0.037594
0 0.312089 0.578947 0.033717 0.040100
0 0.329770 0.621554 0.034539 0.040100
0 0.401316 0.494361 0.031250 0.041353
0 0.646793 0.536341 0.033717 0.040100
0 0.602796 0.622807 0.034539 0.040100
0 0.250000 0.494987 0.032895 0.042607
0 0.608964 0.537594 0.035362 0.040100
0 0.250822 0.621554 0.034539 0.040100
0 0.342516 0.536967 0.033717 0.038847
0 0.380757 0.536341 0.032895 0.037594
0 0.174753 0.493108 0.032072 0.041353
0 0.516859 0.558271 0.785362 0.307018
0 0.659128 0.578321 0.035362 0.041353
0 0.212993 0.494987 0.032895 0.042607
0 0.446546 0.622180 0.034539 0.041353
0 0.288240 0.666040 0.033717 0.046366
0 0.290707 0.622180 0.033717 0.038847
0 0.439145 0.494361 0.031250 0.041353
0 0.524671 0.622180 0.034539 0.041353
0 0.682155 0.494361 0.069901 0.038847
0 0.621299 0.579574 0.035362 0.041353
0 0.571135 0.537594 0.033717 0.037594
0 0.273438 0.578947 0.033717 0.040100
0 0.266859 0.537594 0.033717 0.040100
0 0.525905 0.666667 0.033717 0.047619
0 0.543586 0.578947 0.034539 0.040100
0 0.428043 0.578947 0.033717 0.040100
0 0.325658 0.493734 0.031250 0.042607
0 0.476151 0.494361 0.031250 0.043860
0 0.408306 0.622180 0.035362 0.041353
0 0.504934 0.578947 0.034539 0.040100
0 0.167352 0.622180 0.046875 0.043860
0 0.655839 0.622180 0.063322 0.041353
0 0.228207 0.536967 0.033717 0.038847
0 0.456826 0.536967 0.033717 0.038847
0 0.180921 0.578321 0.064145 0.041353
0 0.234786 0.578321 0.033717 0.041353
0 0.180510 0.535088 0.053454 0.040100
0 0.363487 0.493734 0.031250 0.042607
0 0.304688 0.536967 0.032072 0.038847
0 0.587993 0.494361 0.031250 0.043860
0 0.582237 0.580201 0.034539 0.040100
0 0.626234 0.494987 0.032072 0.045113
0 0.485197 0.622180 0.034539 0.043860
0 0.466283 0.579574 0.034539 0.041353
0 0.288240 0.494361 0.032072 0.043860
0 0.162007 0.667293 0.050987 0.048872
0 0.563734 0.622180 0.033717 0.041353
0 0.389391 0.580201 0.033717 0.040100
0 0.405839 0.668546 0.194901 0.043860
0 0.351151 0.580827 0.034539 0.041353
0 0.210526 0.622180 0.032895 0.041353
0 0.533306 0.537594 0.033717 0.037594
0 0.695312 0.558271 0.056743 0.083960
0 0.368832 0.622180 0.035362 0.041353
0 0.619655 0.667920 0.064967 0.045113
0 0.550987 0.493108 0.031250 0.041353
