0 0.575215 0.246114 0.038682 0.072539
0 0.303009 0.321244 0.038682 0.072539
0 0.428367 0.321244 0.037249 0.072539
0 0.542980 0.472798 0.037249 0.069948
0 0.166905 0.471503 0.038682 0.072539
0 0.396848 0.396373 0.037249 0.072539
0 0.229226 0.396373 0.037249 0.072539
0 0.689828 0.360104 0.058739 0.150259
0 0.511461 0.321244 0.037249 0.072539
0 0.113897 0.246114 0.038682 0.072539
0 0.176934 0.321244 0.038682 0.072539
0 0.679799 0.244819 0.078797 0.069948
0 0.407593 0.246114 0.038682 0.072539
0 0.637536 0.321244 0.037249 0.072539
0 0.459885 0.472798 0.037249 0.075130
0 0.617479 0.246114 0.037249 0.072539
0 0.323782 0.244819 0.037249 0.069948
0 0.376074 0.472798 0.038682 0.075130
0 0.601719 0.549223 0.068768 0.072539
0 0.282235 0.243523 0.037249 0.072539
0 0.187679 0.396373 0.037249 0.072539
0 0.355301 0.397668 0.037249 0.069948
0 0.606017 0.397668 0.037249 0.069948
0 0.522923 0.397668 0.037249 0.069948
0 0.469914 0.321244 0.037249 0.072539
0 0.553009 0.321244 0.037249 0.072539
0 0.343840 0.321244 0.037249 0.072539
0 0.595272 0.321244 0.038682 0.072539
0 0.647564 0.396373 0.037249 0.072539
0 0.438395 0.396373 0.037249 0.072539
0 0.156160 0.246114 0.037249 0.072539
0 0.239971 0.243523 0.038682 0.072539
0 0.129656 0.397668 0.070201 0.069948
0 0.418338 0.471503 0.037249 0.072539
0 0.366046 0.243523 0.038682 0.072539
0 0.272206 0.396373 0.037249 0.072539
0 0.501433 0.471503 0.037249 0.072539
0 0.501433 0.549223 0.037249 0.072539
0 0.335244 0.471503 0.037249 0.072539
0 0.119628 0.549223 0.050143 0.072539
0 0.468481 0.353627 0.782235 0.505181
0 0.564470 0.397668 0.037249 0.069948
0 0.250716 0.550518 0.037249 0.069948
0 0.260745 0.321244 0.037249 0.072539
0 0.251433 0.471503 0.038682 0.072539
0 0.449857 0.246114 0.037249 0.072539
0 0.123926 0.321244 0.058739 0.072539
0 0.292980 0.471503 0.038682 0.072539
0 0.218481 0.321244 0.038682 0.072539
0 0.642550 0.472798 0.067335 0.069948
0 0.584527 0.472798 0.037249 0.069948
0 0.197708 0.244819 0.037249 0.075130
0 0.209885 0.471503 0.038682 0.072539
0 0.491404 0.243523 0.037249 0.072539
0 0.481375 0.396373 0.037249 0.072539
0 0.375358 0.550518 0.203438 0.075130
0 0.533668 0.243523 0.038682 0.072539
0 0.313754 0.397668 0.037249 0.069948
0 0.386103 0.321244 0.035817 0.072539
0 0.119628 0.472798 0.050143 0.069948
