0 0.595333 0.277778 0.036000 0.067633
0 0.342000 0.347826 0.036000 0.067633
0 0.458667 0.347826 0.034667 0.067633
0 0.565333 0.489130 0.034667 0.065217
0 0.215333 0.487923 0.036000 0.067633
0 0.429333 0.417874 0.034667 0.067633
0 0.273333 0.417874 0.034667 0.067633
0 0.702000 0.384058 0.054667 0.140097
0 0.536000 0.347826 0.034667 0.067633
0 0.166000 0.277778 0.036000 0.067633
0 0.224667 0.347826 0.036000 0.067633
0 0.692667 0.276570 0.073333 0.065217
0 0.439333 0.277778 0.036000 0.067633
0 0.653333 0.347826 0.034667 0.067633
0 0.488000 0.489130 0.034667 0.070048
0 0.634667 0.277778 0.034667 0.067633
0 0.361333 0.276570 0.034667 0.065217
0 0.410000 0.489130 0.036000 0.070048
0 0.620000 0.560386 0.064000 0.067633
0 0.322667 0.275362 0.034667 0.067633
0 0.234667 0.417874 0.034667 0.067633
0 0.390667 0.419082 0.034667 0.065217
0 0.624000 0.419082 0.034667 0.065217
0 0.546667 0.419082 0.034667 0.065217
0 0.497333 0.347826 0.034667 0.067633
0 0.574667 0.347826 0.034667 0.067633
0 0.380000 0.347826 0.034667 0.067633
0 0.614000 0.347826 0.036000 0.067633
0 0.662667 0.417874 0.034667 0.067633
0 0.468000 0.417874 0.034667 0.067633
0 0.205333 0.277778 0.034667 0.067633
0 0.283333 0.275362 0.036000 0.067633
0 0.180667 0.419082 0.065333 0.065217
0 0.449333 0.487923 0.034667 0.067633
0 0.400667 0.275362 0.036000 0.067633
0 0.313333 0.417874 0.034667 0.067633
0 0.526667 0.487923 0.034667 0.067633
0 0.526667 0.560386 0.034667 0.067633
0 0.372000 0.487923 0.034667 0.067633
0 0.171333 0.560386 0.046667 0.067633
0 0.496000 0.378019 0.728000 0.471014
0 0.585333 0.419082 0.034667 0.065217
0 0.293333 0.561594 0.034667 0.065217
0 0.302667 0.347826 0.034667 0.067633
0 0.294000 0.487923 0.036000 0.067633
0 0.478667 0.277778 0.034667 0.067633
0 0.175333 0.347826 0.054667 0.067633
0 0.332667 0.487923 0.036000 0.067633
0 0.263333 0.347826 0.036000 0.067633
0 0.658000 0.489130 0.062667 0.065217
0 0.604000 0.489130 0.034667 0.065217
0 0.244000 0.276570 0.034667 0.070048
0 0.255333 0.487923 0.036000 0.067633
0 0.517333 0.275362 0.034667 0.067633
0 0.508000 0.417874 0.034667 0.067633
0 0.409333 0.561594 0.189333 0.070048
0 0.556667 0.275362 0.036000 0.067633
0 0.352000 0.419082 0.034667 0.065217
0 0.419333 0.347826 0.033333 0.067633
0 0.171333 0.489130 0.046667 0.065217
