0 0.295410 0.476562 0.085938 0.106771
0 0.286133 0.359701 0.085938 0.102214
0 0.256104 0.246094 0.079590 0.093750
0 0.181885 0.353841 0.121582 0.099609
0 0.138428 0.589844 0.106934 0.110677
0 0.868652 0.516276 0.089844 0.110677
0 0.575684 0.497721 0.088867 0.107422
0 0.342529 0.250326 0.080566 0.097005
0 0.176514 0.242839 0.072754 0.096354
0 0.465576 0.369792 0.084473 0.101562
0 0.787598 0.277018 0.083008 0.099609
0 0.427246 0.257487 0.081055 0.095703
0 0.387451 0.484701 0.089355 0.107422
0 0.621826 0.627279 0.093262 0.116536
0 0.671875 0.502930 0.088867 0.107422
0 0.769531 0.509115 0.089844 0.109375
0 0.961182 0.525391 0.073730 0.110677
0 0.415283 0.749023 0.093262 0.117839
0 0.520508 0.502930 0.958008 0.796224
0 0.697510 0.270833 0.082520 0.096354
0 0.607666 0.266602 0.080566 0.095703
0 0.744629 0.385417 0.085938 0.102865
0 0.723145 0.776367 0.515625 0.158203
0 0.723145 0.634766 0.094727 0.119792
0 0.557617 0.375651 0.083984 0.101562
0 0.924316 0.650391 0.093750 0.121094
0 0.838867 0.391602 0.086914 0.103516
0 0.935303 0.396810 0.089355 0.103516
0 0.650635 0.379557 0.083496 0.097656
0 0.375000 0.362305 0.083984 0.102214
0 0.823730 0.642904 0.093750 0.119141
0 0.234863 0.597982 0.092773 0.111328
0 0.481201 0.490885 0.089355 0.108073
0 0.966309 0.283854 0.067383 0.100260
0 0.879883 0.280599 0.084961 0.102865
0 0.118652 0.719727 0.111328 0.119141
0 0.328857 0.604818 0.091309 0.111979
0 0.522461 0.621094 0.093750 0.117188
0 0.176270 0.468750 0.146484 0.106771
0 0.517090 0.261719 0.080078 0.095052
0 0.424805 0.612956 0.091797 0.113932
