0 0.389057 0.069672 0.156590 0.137523
0 0.194982 0.503188 0.088875 0.139344
0 0.041112 0.647086 0.081016 0.139344
0 0.116989 0.214481 0.091294 0.144809
0 0.239722 0.359745 0.090085 0.142077
0 0.034764 0.217213 0.068319 0.146630
0 0.333434 0.357013 0.086457 0.138434
0 0.075574 0.072404 0.090689 0.142987
0 0.023277 0.074226 0.045345 0.146630
0 0.018440 0.647541 0.035671 0.134791
0 0.145707 0.361566 0.091898 0.143898
0 0.234885 0.647086 0.111850 0.141166
0 0.447703 0.406193 0.894196 0.810565
0 0.169287 0.071494 0.088271 0.141166
0 0.022068 0.362022 0.042926 0.146630
0 0.011487 0.510018 0.021765 0.143898
0 0.050786 0.362022 0.085852 0.142987
0 0.101270 0.504098 0.086457 0.137523
0 0.211004 0.215392 0.090689 0.144809
0 0.263906 0.069217 0.087666 0.136612
0 0.310459 0.503643 0.136034 0.140255
0 0.306530 0.213570 0.088271 0.142987
0 0.023579 0.503643 0.045949 0.138434
0 0.014510 0.217213 0.027811 0.142987
0 0.412938 0.285974 0.114873 0.293260
