0 0.762285 0.465611 0.057740 0.143013
0 0.300061 0.427948 0.038698 0.069869
0 0.331081 0.576965 0.038084 0.068777
0 0.249386 0.576965 0.039312 0.070961
0 0.371929 0.576965 0.038698 0.070961
0 0.630221 0.427402 0.038084 0.070961
0 0.290541 0.576419 0.038084 0.069869
0 0.650491 0.353712 0.038084 0.067686
0 0.351658 0.503275 0.037469 0.069869
0 0.723280 0.502183 0.037469 0.069869
0 0.567875 0.353712 0.038698 0.067686
0 0.362101 0.354803 0.037469 0.067686
0 0.423526 0.427948 0.037469 0.069869
0 0.526720 0.354258 0.037469 0.068777
0 0.588759 0.427948 0.038698 0.069869
0 0.320332 0.354258 0.038698 0.068777
0 0.206388 0.653930 0.040541 0.072052
0 0.217752 0.502183 0.059582 0.067686
0 0.402948 0.353712 0.038084 0.067686
0 0.678747 0.654476 0.072482 0.068777
0 0.211916 0.427948 0.047912 0.069869
0 0.238636 0.354803 0.038698 0.067686
0 0.712838 0.427402 0.038698 0.070961
0 0.413084 0.576419 0.037469 0.069869
0 0.201781 0.353712 0.027641 0.067686
0 0.619472 0.576419 0.038698 0.069869
0 0.495700 0.576965 0.038084 0.068777
0 0.444103 0.353712 0.038084 0.067686
0 0.660319 0.576965 0.038084 0.068777
0 0.506143 0.428493 0.038084 0.070961
0 0.433661 0.502729 0.036855 0.068777
0 0.609337 0.353712 0.039312 0.067686
0 0.681511 0.503275 0.038698 0.069869
0 0.671376 0.427948 0.039312 0.069869
0 0.465295 0.427948 0.037469 0.069869
0 0.516892 0.502183 0.037469 0.069869
0 0.564496 0.471616 0.794840 0.484716
0 0.329853 0.653384 0.038084 0.070961
0 0.691953 0.353712 0.037469 0.067686
0 0.454238 0.576965 0.039926 0.070961
0 0.206695 0.577511 0.038698 0.069869
0 0.341830 0.428493 0.038698 0.070961
0 0.269656 0.502729 0.038084 0.068777
0 0.392813 0.502729 0.037469 0.068777
0 0.718366 0.576419 0.069410 0.069869
0 0.310811 0.502729 0.038084 0.070961
0 0.258907 0.428493 0.039926 0.070961
0 0.599201 0.503275 0.037469 0.069869
0 0.536855 0.577511 0.038084 0.069869
0 0.580774 0.653384 0.038698 0.070961
0 0.547604 0.427948 0.037469 0.067686
0 0.455774 0.653930 0.205160 0.072052
0 0.279484 0.354258 0.039312 0.066594
0 0.486486 0.354803 0.038084 0.067686
0 0.475430 0.502729 0.038084 0.068777
0 0.640049 0.503275 0.038084 0.069869
0 0.578010 0.576965 0.038084 0.068777
0 0.752457 0.352620 0.076167 0.067686
0 0.558047 0.502729 0.037469 0.068777
0 0.382678 0.427948 0.039312 0.069869
