0 0.137731 0.365226 0.060185 0.072016
0 0.559028 0.293210 0.039352 0.067901
0 0.516204 0.293210 0.039352 0.067901
0 0.509259 0.443416 0.039352 0.067901
0 0.385995 0.291152 0.038194 0.067901
0 0.291667 0.443416 0.039352 0.067901
0 0.446181 0.520576 0.040509 0.069959
0 0.625000 0.369342 0.039352 0.067901
0 0.638889 0.445473 0.039352 0.067901
0 0.677083 0.521605 0.069444 0.072016
0 0.532986 0.595679 0.040509 0.067901
0 0.206019 0.443416 0.039352 0.067901
0 0.170139 0.292181 0.039352 0.065844
0 0.595486 0.445473 0.038194 0.067901
0 0.235532 0.366255 0.040509 0.069959
0 0.712963 0.293210 0.085648 0.067901
0 0.723380 0.408436 0.062500 0.146091
0 0.408565 0.367284 0.039352 0.067901
0 0.186343 0.518519 0.039352 0.069959
0 0.365741 0.366255 0.039352 0.065844
0 0.601852 0.293210 0.039352 0.067901
0 0.465856 0.444444 0.038194 0.069959
0 0.193287 0.367284 0.039352 0.067901
0 0.402199 0.597737 0.211806 0.072016
0 0.342593 0.292181 0.039352 0.065844
0 0.299769 0.292181 0.039352 0.065844
0 0.422454 0.444444 0.039352 0.065844
0 0.335648 0.444444 0.039352 0.069959
0 0.134259 0.518519 0.055556 0.065844
0 0.552662 0.443416 0.038194 0.067901
0 0.248843 0.443416 0.039352 0.067901
0 0.575810 0.521605 0.038194 0.067901
0 0.321759 0.367284 0.039352 0.067901
0 0.618634 0.520576 0.038194 0.065844
0 0.634259 0.597737 0.071759 0.072016
0 0.532407 0.520576 0.039352 0.069959
0 0.682292 0.446502 0.038194 0.069959
0 0.402199 0.519547 0.040509 0.067901
0 0.255787 0.291152 0.039352 0.067901
0 0.582176 0.368313 0.039352 0.065844
0 0.495949 0.368313 0.038194 0.065844
0 0.133102 0.594650 0.057870 0.069959
0 0.429398 0.291152 0.039352 0.067901
0 0.212963 0.291152 0.039352 0.067901
0 0.646412 0.294239 0.038194 0.065844
0 0.271991 0.595679 0.039352 0.067901
0 0.378472 0.443416 0.039352 0.067901
0 0.668403 0.369342 0.038194 0.067901
0 0.472222 0.293210 0.039352 0.067901
0 0.278935 0.367284 0.039352 0.067901
0 0.230324 0.519547 0.039352 0.067901
0 0.144676 0.443416 0.074074 0.067901
0 0.273148 0.519547 0.039352 0.067901
0 0.315394 0.519547 0.040509 0.067901
0 0.452546 0.367284 0.039352 0.067901
0 0.488426 0.520576 0.039352 0.069959
0 0.538773 0.368313 0.038194 0.065844
0 0.513310 0.418724 0.848380 0.471193
0 0.126157 0.291152 0.039352 0.067901
0 0.358796 0.519547 0.039352 0.067901
