0 0.799769 0.727431 0.107253 0.142361
0 0.597994 0.670139 0.104938 0.141204
0 0.444830 0.232639 0.101080 0.122685
0 0.697145 0.699074 0.105710 0.143519
0 0.765046 0.579282 0.104167 0.133102
0 0.917824 0.360532 0.099537 0.123843
0 0.373843 0.470486 0.104167 0.130787
0 0.979938 0.784722 0.041667 0.148148
0 0.373843 0.339699 0.104167 0.130787
0 0.951775 0.494792 0.097994 0.133102
0 0.474537 0.782407 0.108025 0.141204
0 0.866127 0.607639 0.102623 0.134259
0 0.726852 0.308449 0.098765 0.123843
0 0.353009 0.207176 0.099537 0.120370
0 0.659722 0.417245 0.101852 0.130787
0 0.255401 0.310185 0.157407 0.131944
0 0.240355 0.435185 0.185957 0.143519
0 0.665895 0.554398 0.103395 0.131944
0 0.567515 0.525463 0.105710 0.131944
0 0.563657 0.392361 0.101080 0.129630
0 0.467978 0.364005 0.101080 0.130787
0 0.397762 0.614005 0.105710 0.137731
0 0.160494 0.690394 0.143519 0.151620
0 0.259645 0.183449 0.104167 0.121528
0 0.761188 0.865741 0.479167 0.270833
0 0.631173 0.284144 0.097222 0.123843
0 0.903935 0.756366 0.104167 0.144676
0 0.301312 0.586806 0.108796 0.138889
0 0.537423 0.258102 0.099537 0.122685
0 0.853395 0.469907 0.101852 0.129630
0 0.470679 0.499421 0.104938 0.130787
0 0.496914 0.642940 0.106481 0.137731
0 0.755015 0.442708 0.099537 0.128472
0 0.985725 0.379051 0.030093 0.123843
0 0.536265 0.502315 0.929012 0.997685
0 0.190201 0.557292 0.144290 0.142361
0 0.821759 0.335648 0.100309 0.125000
0 0.958719 0.636574 0.084105 0.138889
